0	631152000	1990	01	01	1	0.6	0.5	50000	-1111	0	-1111	4.86181	
31	633830400	1990	02	01	1	0	0	50109	-1111	0	-1111	12.2886	
59	636249600	1990	03	01	1	0	0	50207	-1111	0	-1111	14.8145	
90	638928000	1990	04	01	1	0	0	50352	-1111	0	-1111	14.6114	
120	641520000	1990	05	01	1	0	0	50463	-1111	0	-1111	17.5862	
151	644198400	1990	06	01	1	0	0	50570	-1111	0	-1111	18.8051	
181	646790400	1990	07	01	1	0	0	50671	-1111	0	-1111	19.8593	
212	649468800	1990	08	01	1	0	0	50772	-1111	0	-1111	20.2955	
243	652147200	1990	09	01	1	0	0	50864	-1111	0	-1111	20.5212	
273	654739200	1990	10	01	1	0	0	50965	-1111	0	-1111	20.2041	
304	657417600	1990	11	01	1	0	0	51070	-1111	0	-1111	19.3562	
334	660009600	1990	12	01	1	0	0	51165	-1111	0	-1111	18.4808	
365	662688000	1991	01	01	1	0	0	51279	-1111	0	-1111	17.2272	
396	665366400	1991	02	01	1	0	0	51403	-1111	0	-1111	16.049	
424	667785600	1991	03	01	1	0	0	51493	-1111	0	-1111	15.4841	
455	670464000	1991	04	01	1	0	0	51630	-1111	0	-1111	14.1846	
485	673056000	1991	05	01	1	0	0	51728	-1111	0	-1111	12.925	
516	675734400	1991	06	01	1	0	0	51853	-1111	0	-1111	11.4321	
546	678326400	1991	07	01	1	0	0	51963	-1111	0	-1111	10.3517	
577	681004800	1991	08	01	1	0	0	52093	-1111	0	-1111	9.26077	
608	683683200	1991	09	01	1	0	0	52189	-1111	0	-1111	8.11514	
638	686275200	1991	10	01	1	0	0	52300	-1111	0	-1111	7.14713	
669	688953600	1991	11	01	1	0	0	52416	-1111	0	-1111	6.81068	
699	691545600	1991	12	01	1	0	0	52534	-1111	0	-1111	6.69626	
730	694224000	1992	01	01	1	0	0	52651	-1111	0	-1111	6.30862	
761	696902400	1992	02	01	1	0	0	52765	-1111	5.2761	-1111	6.26322	
790	699408000	1992	03	01	1	0	0	52854	-1111	5.2761	-1111	6.18861	
821	702086400	1992	04	01	1	0	0	52964	-1111	5.2761	-1111	5.90634	
851	704678400	1992	05	01	1	0	0	53050	-1111	5.2761	-1111	5.45194	
882	707356800	1992	06	01	1	0	0	53175	-1111	5.2761	-1111	5.52957	
912	709948800	1992	07	01	1	0	0	53274	-1111	5.2761	-1111	5.49823	
943	712627200	1992	08	01	1	0	0	53409	-1111	5.2761	-1111	5.76836	
974	715305600	1992	09	01	1	0	0	53534	-1111	5.2761	-1111	6.24341	
1004	717897600	1992	10	01	1	0	0	53641	-1111	5.2761	-1111	6.81459	
1035	720576000	1992	11	01	1	0	0	53755	-1111	5.2761	-1111	6.75991	
1065	723168000	1992	12	01	1	0	0	53867	-1111	5.2761	-1111	7.17128	
1096	725846400	1993	01	01	1	0	0	53992	-1111	5.2761	-1111	7.6531	
1127	728524800	1993	02	01	1	0	0	54120	-1111	3.26749	-1111	8.16372	
1155	730944000	1993	03	01	1	0	0	54219	-1111	3.26749	-1111	8.3477	
1186	733622400	1993	04	01	1	0	0	54348	-1111	3.26749	-1111	8.66154	
1216	736214400	1993	05	01	1	0	0	54459	-1111	3.26749	-1111	8.50698	
1247	738892800	1993	06	01	1	0	0	54593	-1111	3.26749	-1111	8.80227	
1277	741484800	1993	07	01	1	0	0	54714	-1111	3.26749	-1111	8.85925	
1308	744163200	1993	08	01	1	0	0	54852	-1111	3.26749	-1111	8.76423	
1339	746841600	1993	09	01	1	0	0	54969	-1111	3.26749	-1111	8.91502	
1369	749433600	1993	10	01	1	0	0	55079	-1111	3.26749	-1111	8.66399	
1400	752112000	1993	11	01	1	0	0	55216	-1111	3.26749	-1111	8.46034	
1430	754704000	1993	12	01	1	0	0	55325	-1111	3.26749	-1111	8.50922	
1461	757382400	1994	01	01	1	0	0	55459	-1111	3.26749	-1111	8.64628	
1492	760060800	1994	02	01	1	0	0	55595	-1111	4.58098	-1111	8.80517	
1520	762480000	1994	03	01	1	0	0	55737	-1111	4.58098	-1111	8.59991	
1551	765158400	1994	04	01	1	0	0	55864	-1111	4.58098	-1111	8.62582	
1581	767750400	1994	05	01	1	0	0	55987	-1111	4.58098	-1111	8.39291	
1612	770428800	1994	06	01	1	0	0	56111	-1111	4.58098	-1111	8.26145	
1642	773020800	1994	07	01	1	0	0	56206	-1111	4.58098	-1111	8.24045	
1673	775699200	1994	08	01	1	0	0	56322	-1111	4.58098	-1111	8.43525	
1704	778377600	1994	09	01	1	0	0	56463	-1111	4.58098	-1111	8.51726	
1734	780969600	1994	10	01	1	0	0	56579	-1111	4.58098	-1111	8.22902	
1765	783648000	1994	11	01	1	0	0	56712	-1111	4.58098	-1111	7.97927	
1795	786240000	1994	12	01	1	0	0	56834	-1111	4.58098	-1111	8.1189	
1826	788918400	1995	01	01	1	0	0	56966	-1111	4.58098	-1111	8.06583	
1857	791596800	1995	02	01	1	0	0	57105	-1111	4.32252	-1111	7.87999	
1885	794016000	1995	03	01	1	0	0	57218	-1111	4.32252	-1111	7.79364	
1916	796694400	1995	04	01	1	0	0	57363	-1111	4.32252	-1111	7.65951	
1946	799286400	1995	05	01	1	0	0	57493	-1111	4.32252	-1111	8.00382	
1977	801964800	1995	06	01	1	0	0	57615	-1111	4.32252	-1111	8.28806	
2007	804556800	1995	07	01	1	0	0	57715	-1111	4.32252	-1111	8.44265	
2038	807235200	1995	08	01	1	0	0	57846	-1111	4.32252	-1111	8.34613	
2069	809913600	1995	09	01	1	0	0	57971	-1111	4.32252	-1111	8.04648	
2099	812505600	1995	10	01	1	0	0	58086	-1111	4.32252	-1111	8.24938	
2130	815184000	1995	11	01	1	0	0	58221	-1111	4.32252	-1111	8.54751	
2160	817776000	1995	12	01	1	0	0	58358	-1111	4.32252	-1111	8.47038	
2191	820454400	1996	01	01	1	0	0	58532	-1111	4.32252	-1111	7.89627	
2222	823132800	1996	02	01	1	0	0	58665	-1111	4.11924	-1111	7.88292	
2251	825638400	1996	03	01	1	0	0	58765	-1111	4.11924	-1111	7.70398	
2282	828316800	1996	04	01	1	0	0	58897	-1111	4.11924	-1111	7.93273	
2312	830908800	1996	05	01	1	0	0	59016	-1111	4.11924	-1111	7.9755	
2343	833587200	1996	06	01	1	0	0	59107	-1111	4.11924	-1111	7.78875	
2373	836179200	1996	07	01	1	0	0	59251	-1111	4.11924	-1111	7.96454	
2404	838857600	1996	08	01	1	0	0	59393	-1111	4.11924	-1111	7.86234	
2435	841536000	1996	09	01	1	0	0	59547	-1111	4.11924	-1111	8.30343	
2465	844128000	1996	10	01	1	0	0	59689	-1111	4.11924	-1111	8.38594	
2496	846806400	1996	11	01	1	0	0	59818	-1111	4.11924	-1111	8.2808	
2526	849398400	1996	12	01	1	0	0	59967	-1111	4.11924	-1111	8.36374	
2557	852076800	1997	01	01	1	0	0	60116	-1111	4.11924	-1111	8.07418	
2588	854755200	1997	02	01	1	0	0	60256	-1111	4.14514	-1111	7.99744	
2616	857174400	1997	03	01	1	0	0	60378	-1111	4.14514	-1111	8.01366	
2647	859852800	1997	04	01	1	0	0	60538	-1111	4.14514	-1111	7.93233	
2677	862444800	1997	05	01	1	0	0	60658	-1111	4.14514	-1111	7.77809	
2708	865123200	1997	06	01	1	0	0	60768	-1111	4.14514	-1111	7.86389	
2738	867715200	1997	07	01	1	0	0	60918	-1111	4.14514	-1111	7.56231	
2769	870393600	1997	08	01	1	0	0	61085	-1111	4.14514	-1111	7.72827	
2800	873072000	1997	09	01	1	0	0	61243	-1111	4.14514	-1111	7.867	
2830	875664000	1997	10	01	1	0	0	61388	-1111	4.14514	-1111	8.32685	
2861	878342400	1997	11	01	1	0	0	61542	-1111	4.14514	-1111	8.25041	
2891	880934400	1997	12	01	1	0	0	61695	-1111	4.14514	-1111	8.60745	
2922	883612800	1998	01	01	1	0	0	61849	-1111	4.14514	-1111	8.79798	
2953	886291200	1998	02	01	1	0	0	61997	-1111	4.18312	-1111	8.62647	
2981	888710400	1998	03	01	1	0	0	62136	-1111	4.18312	-1111	8.70988	
3012	891388800	1998	04	01	1	0	0	62279	-1111	4.18312	-1111	8.51108	
3042	893980800	1998	05	01	1	0	0	62432	-1111	4.18312	-1111	8.74654	
3073	896659200	1998	06	01	1	0	0	62589	-1111	4.18312	-1111	8.54926	
3103	899251200	1998	07	01	1	0	0	62716	-1111	4.18312	-1111	8.59451	
3134	901929600	1998	08	01	1	0	0	62870	-1111	4.18312	-1111	8.55648	
3165	904608000	1998	09	01	1	0	0	63030	-1111	4.18312	-1111	8.67774	
3195	907200000	1998	10	01	1	0	0	63189	-1111	4.18312	-1111	8.70994	
3226	909878400	1998	11	01	1	0	0	63341	-1111	4.18312	-1111	8.70811	
3256	912470400	1998	12	01	1	0	0	63473	-1111	4.18312	-1111	8.47965	
3287	915148800	1999	01	01	1	0	0	63609	-1111	4.18312	-1111	8.42491	
3318	917827200	1999	02	01	1	0	0	63742	-1111	4.30072	-1111	8.19173	
3346	920246400	1999	03	01	1	0	0	63882	-1111	4.30072	-1111	8.51797	
3377	922924800	1999	04	01	1	0	0	64039	-1111	4.30072	-1111	8.35407	
3407	925516800	1999	05	01	1	0	0	64173	-1111	4.30072	-1111	8.5175	
3438	928195200	1999	06	01	1	0	0	64308	-1111	4.30072	-1111	8.62254	
3468	930787200	1999	07	01	1	0	0	64447	-1111	4.30072	-1111	8.52739	
3499	933465600	1999	08	01	1	0	0	64607	-1111	4.30072	-1111	8.44368	
3530	936144000	1999	09	01	1	0	0	64756	-1111	4.30072	-1111	8.95522	
3560	938736000	1999	10	01	1	0	0	64912	-1111	4.30072	-1111	8.70887	
3591	941414400	1999	11	01	1	0	0	65075	-1111	4.30072	-1111	8.68246	
3621	944006400	1999	12	01	1	0	0	65192	-1111	4.30072	-1111	8.3191	
3652	946684800	2000	01	01	1	0	0	65325	-1111	4.30072	-1111	8.03015	
3683	949363200	2000	02	01	1	0.6	0.6	65488	-1111	4.2315	-1111	6.48996	
3712	951868800	2000	03	01	1	0.6	0.6	65630	-1111	4.2315	-1111	4.88356	
3743	954547200	2000	04	01	1	0.6	0.6	65802	-1111	4.2315	-1111	3.79001	
3773	957139200	2000	05	01	1	0.6	0.6	65954	-1111	4.2315	-1111	3.56032	
3804	959817600	2000	06	01	1	0.6	0.6	66102	-1111	4.2315	-1111	2.80591	
3834	962409600	2000	07	01	1	0.6	0.6	66234	-1111	4.2315	-1111	2.55721	
3865	965088000	2000	08	01	1	0.6	0.6	66403	-1111	4.2315	-1111	2.21519	
3896	967766400	2000	09	01	1	0.6	0.6	66541	-1111	4.2315	-1111	2.04484	
3926	970358400	2000	10	01	1	0.6	0.6	66666	-1111	4.2315	-1111	1.68694	
3957	973036800	2000	11	01	1	0.6	0.6	66809	-1111	4.2315	-1111	1.57719	
3987	975628800	2000	12	01	1	0.6	0.6	66946	-1111	4.2315	-1111	1.51908	
4018	978307200	2001	01	01	1	0.6	0.6	67112	-1111	4.2315	-1111	1.37609	
4049	980985600	2001	02	01	1	0.6	0.6	67285	-1111	1.79771	-1111	1.43863	
4077	983404800	2001	03	01	1	0.6	0.6	67422	-1111	1.79771	-1111	1.39798	
4108	986083200	2001	04	01	1	0.6	0.6	67595	-1111	1.79771	-1111	1.33595	
4138	988675200	2001	05	01	1	0.6	0.6	67739	-1111	1.79771	-1111	1.37465	
4169	991353600	2001	06	01	1	0.6	0.6	67915	-1111	1.79771	-1111	1.37051	
4199	993945600	2001	07	01	1	0.6	0.6	68055	-1111	1.79771	-1111	1.32665	
4230	996624000	2001	08	01	1	0.6	0.6	68223	-1111	1.79771	-1111	1.25081	
4261	999302400	2001	09	01	1	0.6	0.6	68397	-1111	1.79771	-1111	1.41109	
4291	1001894400	2001	10	01	1	0.6	0.6	68585	-1111	1.79771	-1111	1.48165	
4322	1004572800	2001	11	01	1	0.6	0.6	68744	-1111	1.79771	-1111	1.51066	
4352	1007164800	2001	12	01	1	0.6	0.6	68892	-1111	1.79771	-1111	1.64657	
4383	1009843200	2002	01	01	1	0.6	0.6	69075	-1111	1.79771	-1111	1.74799	
4414	1012521600	2002	02	01	1	0.6	0.6	69238	-1111	0.940765	-1111	1.82994	
4442	1014940800	2002	03	01	1	0.6	0.6	69411	-1111	0.940765	-1111	1.94532	
4473	1017619200	2002	04	01	1	0.6	0.6	69560	-1111	0.940765	-1111	2.03777	
4503	1020211200	2002	05	01	1	0.6	0.6	69729	-1111	0.940765	-1111	2.0428	
4534	1022889600	2002	06	01	1	0.6	0.6	69911	-1111	0.940765	-1111	2.01599	
4564	1025481600	2002	07	01	1	0.6	0.6	70086	-1111	0.940765	-1111	2.23451	
4595	1028160000	2002	08	01	1	0.6	0.6	70237	-1111	0.940765	-1111	2.18738	
4626	1030838400	2002	09	01	1	0.6	0.6	70387	-1111	0.940765	-1111	2.23745	
4656	1033430400	2002	10	01	1	0.6	0.6	70526	-1111	0.940765	-1111	2.49322	
4687	1036108800	2002	11	01	1	0.6	0.6	70706	-1111	0.940765	-1111	2.45292	
4717	1038700800	2002	12	01	1	0.6	0.6	70876	-1111	0.940765	-1111	2.75245	
4748	1041379200	2003	01	01	1	0.6	0.6	71059	-1111	0.940765	-1111	2.8105	
4779	1044057600	2003	02	01	1	0.6	0.6	71241	-1111	1.46929	-1111	2.95467	
4807	1046476800	2003	03	01	1	0.6	0.6	71375	-1111	1.46929	-1111	3.05633	
4838	1049155200	2003	04	01	1	0.6	0.6	71532	-1111	1.46929	-1111	3.1059	
4868	1051747200	2003	05	01	1	0.6	0.6	71690	-1111	1.46929	-1111	3.03014	
4899	1054425600	2003	06	01	1	0.6	0.6	71854	-1111	1.46929	-1111	3.20283	
4929	1057017600	2003	07	01	1	0.6	0.6	72036	-1111	1.46929	-1111	3.38656	
4960	1059696000	2003	08	01	1	0.6	0.6	72191	-1111	1.46929	-1111	3.49016	
4991	1062374400	2003	09	01	1	0.6	0.6	72367	-1111	1.46929	-1111	3.52471	
5021	1064966400	2003	10	01	1	0.6	0.6	72528	-1111	1.46929	-1111	3.77718	
5052	1067644800	2003	11	01	1	0.6	0.6	72733	-1111	1.46929	-1111	3.91368	
5082	1070236800	2003	12	01	1	0.6	0.6	72907	-1111	1.46929	-1111	3.78545	
5113	1072915200	2004	01	01	1	0.6	0.6	73086	-1111	1.46929	-1111	3.58031	
5144	1075593600	2004	02	01	1	0.6	0.6	73247	-1111	2.25831	-1111	3.63597	
5173	1078099200	2004	03	01	1	0.6	0.6	73414	-1111	2.25831	-1111	3.79366	
5204	1080777600	2004	04	01	1	0.6	0.6	73600	-1111	2.25831	-1111	3.71978	
5234	1083369600	2004	05	01	1	0.6	0.6	73784	-1111	2.25831	-1111	3.78205	
5265	1086048000	2004	06	01	1	0.6	0.6	73970	-1111	2.25831	-1111	3.73349	
5295	1088640000	2004	07	01	1	0.6	0.6	74128	-1111	2.25831	-1111	3.79552	
5326	1091318400	2004	08	01	1	0.6	0.6	74274	-1111	2.25831	-1111	3.72312	
5357	1093996800	2004	09	01	1	0.6	0.6	74454	-1111	2.25831	-1111	3.89899	
5387	1096588800	2004	10	01	1	0.6	0.6	74626	-1111	2.25831	-1111	3.71777	
5418	1099267200	2004	11	01	1	0.6	0.6	74799	-1111	2.25831	-1111	3.59247	
5448	1101859200	2004	12	01	1	0.6	0.6	75012	-1111	2.25831	-1111	3.91817	
5479	1104537600	2005	01	01	1	0.6	0.6	75151	-1111	2.25831	-1111	3.87796	
5510	1107216000	2005	02	01	1	0.6	0.6	75345	-1111	2.43074	-1111	3.72071	
5538	1109635200	2005	03	01	1	0.6	0.6	75523	-1111	2.43074	-1111	3.7178	
5569	1112313600	2005	04	01	1	0.6	0.6	75726	-1111	2.43074	-1111	3.59652	
5599	1114905600	2005	05	01	1	0.6	0.6	75916	-1111	2.43074	-1111	3.66443	
5630	1117584000	2005	06	01	1	0.6	0.6	76118	-1111	2.43074	-1111	3.64475	
5660	1120176000	2005	07	01	1	0.6	0.6	76298	-1111	2.43074	-1111	3.62989	
5691	1122854400	2005	08	01	1	0.6	0.6	76487	-1111	2.43074	-1111	3.63365	
5722	1125532800	2005	09	01	1	0.6	0.6	76656	-1111	2.43074	-1111	3.46282	
5752	1128124800	2005	10	01	1	0.6	0.6	76829	-1111	2.43074	-1111	3.32803	
5783	1130803200	2005	11	01	1	0.6	0.6	77015	-1111	2.43074	-1111	3.2502	
5813	1133395200	2005	12	01	1	0.6	0.6	77199	-1111	2.43074	-1111	3.36764	
5844	1136073600	2006	01	01	1	0.6	0.6	77380	-1111	2.43074	-1111	3.44214	
5875	1138752000	2006	02	01	1	0.6	0.6	77571	-1111	2.31514	-1111	3.29168	
5903	1141171200	2006	03	01	1	0.6	0.6	77739	-1111	2.31514	-1111	3.15048	
5934	1143849600	2006	04	01	1	0.6	0.6	77948	-1111	2.31514	-1111	2.985	
5964	1146441600	2006	05	01	1	0.6	0.6	78129	-1111	2.31514	-1111	2.96621	
5995	1149120000	2006	06	01	1	0.6	0.6	78315	-1111	2.31514	-1111	2.95754	
6025	1151712000	2006	07	01	1	0.6	0.6	78498	-1111	2.31514	-1111	2.85643	
6056	1154390400	2006	08	01	1	0.6	0.6	78676	-1111	2.31514	-1111	2.91916	
6087	1157068800	2006	09	01	1	0.6	0.6	78889	-1111	2.31514	-1111	2.81991	
6117	1159660800	2006	10	01	1	0.6	0.6	79045	-1111	2.31514	-1111	2.66554	
6148	1162339200	2006	11	01	1	0.6	0.6	79231	-1111	2.31514	-1111	2.62532	
6178	1164931200	2006	12	01	1	0.6	0.6	79438	-1111	2.31514	-1111	2.72471	
6209	1167609600	2007	01	01	1	0.6	0.6	79595	-1111	2.31514	-1111	2.83723	
6240	1170288000	2007	02	01	1	0.6	0.6	79794	-1111	1.94458	-1111	2.99956	
6268	1172707200	2007	03	01	1	0.6	0.6	79929	-1111	1.94458	-1111	2.98522	
6299	1175385600	2007	04	01	1	0.6	0.6	80152	-1111	1.94458	-1111	3.05713	
6329	1177977600	2007	05	01	1	0.6	0.6	80367	-1111	1.94458	-1111	3.12409	
6360	1180656000	2007	06	01	1	0.6	0.6	80557	-1111	1.94458	-1111	3.21359	
6390	1183248000	2007	07	01	1	0.6	0.6	80737	-1111	1.94458	-1111	2.92707	
6421	1185926400	2007	08	01	1	0.6	0.6	80955	-1111	1.94458	-1111	3.06586	
6452	1188604800	2007	09	01	1	0.6	0.6	81151	-1111	1.94458	-1111	3.06899	
6482	1191196800	2007	10	01	1	0.6	0.6	81350	-1111	1.94458	-1111	3.29633	
6513	1193875200	2007	11	01	1	0.6	0.6	81530	-1111	1.94458	-1111	3.37617	
6543	1196467200	2007	12	01	1	0.6	0.6	81724	-1111	1.94458	-1111	3.39859	
6574	1199145600	2008	01	01	1	0.6	0.6	81949	-1111	1.94458	-1111	3.42158	
6605	1201824000	2008	02	01	1	0.6	0.6	82141	-1111	2.07078	-1111	3.62709	
6634	1204329600	2008	03	01	1	0.6	0.6	82348	-1111	2.07078	-1111	3.54596	
6665	1207008000	2008	04	01	1	0.6	0.6	82593	-1111	2.07078	-1111	3.4811	
6695	1209600000	2008	05	01	1	0.6	0.6	82805	-1111	2.07078	-1111	3.32877	
6726	1212278400	2008	06	01	1	0.6	0.6	82979	-1111	2.07078	-1111	3.31325	
6756	1214870400	2008	07	01	1	0.6	0.6	83168	-1111	2.07078	-1111	3.43807	
6787	1217548800	2008	08	01	1	0.6	0.6	83350	-1111	2.07078	-1111	3.64796	
6818	1220227200	2008	09	01	1	0.6	0.6	83558	-1111	2.07078	-1111	3.59817	
6848	1222819200	2008	10	01	1	0.6	0.6	83739	-1111	2.07078	-1111	3.33831	
6879	1225497600	2008	11	01	1	0.6	0.6	83944	-1111	2.07078	-1111	3.24203	
6909	1228089600	2008	12	01	1	0.6	0.6	84109	-1111	2.07078	-1111	3.42087	
6940	1230768000	2009	01	01	1	0.6	0.6	84301	-1111	2.07078	-1111	3.48654	
6971	1233446400	2009	02	01	1	0.6	0.6	84468	-1111	2.25841	-1111	3.71365	
6999	1235865600	2009	03	01	1	0.6	0.6	84647	-1111	2.25841	-1111	3.64234	
7030	1238544000	2009	04	01	1	0.6	0.6	84864	-1111	2.25841	-1111	3.64055	
7060	1241136000	2009	05	01	1	0.6	0.6	85005	-1111	2.25841	-1111	3.63695	
7091	1243814400	2009	06	01	1	0.6	0.6	85183	-1111	2.25841	-1111	3.53238	
7121	1246406400	2009	07	01	1	0.6	0.6	85378	-1111	2.25841	-1111	3.64194	
7152	1249084800	2009	08	01	1	0.6	0.6	85591	-1111	2.25841	-1111	3.70996	
7183	1251763200	2009	09	01	1	0.6	0.6	85806	-1111	2.25841	-1111	3.6216	
7213	1254355200	2009	10	01	1	0.6	0.6	86002	-1111	2.25841	-1111	3.63463	
7244	1257033600	2009	11	01	1	0.6	0.6	86206	-1111	2.25841	-1111	3.59947	
7274	1259625600	2009	12	01	1	0.6	0.6	86382	-1111	2.25841	-1111	3.69767	
7305	1262304000	2010	01	01	1	0.6	0.6	86600	-1111	2.25841	-1111	3.47795	
7336	1264982400	2010	02	01	1	0.6	0.6	86830	-1111	2.30596	-1111	3.19159	
7364	1267401600	2010	03	01	1	0.6	0.6	87024	-1111	2.30596	-1111	3.20728	
7395	1270080000	2010	04	01	1	0.6	0.6	87212	-1111	2.30596	-1111	3.11579	
7425	1272672000	2010	05	01	1	0.6	0.6	87399	-1111	2.30596	-1111	3.04702	
7456	1275350400	2010	06	01	1	0.6	0.6	87627	-1111	2.30596	-1111	3.03205	
7486	1277942400	2010	07	01	1	0.6	0.6	87831	-1111	2.30596	-1111	3.20538	
7517	1280620800	2010	08	01	1	0.6	0.6	88059	-1111	2.30596	-1111	3.196	
7548	1283299200	2010	09	01	1	0.6	0.6	88280	-1111	2.30596	-1111	3.33598	
7578	1285891200	2010	10	01	1	0.6	0.6	88471	-1111	2.30596	-1111	3.41459	
7609	1288569600	2010	11	01	1	0.6	0.6	88679	-1111	2.30596	-1111	3.3701	
7639	1291161600	2010	12	01	1	0.6	0.6	88858	-1111	2.30596	-1111	3.38886	
7670	1293840000	2011	01	01	1	0.6	0.6	89040	-1111	2.30596	-1111	3.481	
7701	1296518400	2011	02	01	1	0.6	0.6	89270	-1111	2.10014	-1111	3.44752	
7729	1298937600	2011	03	01	1	0.6	0.6	89473	-1111	2.10014	-1111	3.47682	
7760	1301616000	2011	04	01	1	0.6	0.6	89689	-1111	2.10014	-1111	3.35535	
7790	1304208000	2011	05	01	1	0.6	0.6	89881	-1111	2.10014	-1111	3.39852	
7821	1306886400	2011	06	01	1	0.6	0.6	90091	-1111	2.10014	-1111	3.39027	
7851	1309478400	2011	07	01	1	0.6	0.6	90297	-1111	2.10014	-1111	3.40148	
7882	1312156800	2011	08	01	1	0.6	0.6	90476	-1111	2.10014	-1111	3.56989	
7913	1314835200	2011	09	01	1	0.6	0.6	90675	-1111	2.10014	-1111	3.28123	
7943	1317427200	2011	10	01	1	0.6	0.6	90876	-1111	2.10014	-1111	3.41334	
7974	1320105600	2011	11	01	1	0.6	0.6	91098	-1111	2.10014	-1111	3.52342	
8004	1322697600	2011	12	01	1	0.6	0.6	91286	-1111	2.10014	-1111	3.37083	
8035	1325376000	2012	01	01	1	0.6	0.6	91499	-1111	2.10014	-1111	3.46019	
8066	1328054400	2012	02	01	1	0.6	0.6	91722	-1111	2.20596	-1111	3.61425	
8095	1330560000	2012	03	01	1	0.6	0.6	91924	-1111	2.20596	-1111	3.93738	
8126	1333238400	2012	04	01	1	0.6	0.6	92148	-1111	2.20596	-1111	3.97152	
8156	1335830400	2012	05	01	1	0.6	0.6	92338	-1111	2.20596	-1111	4.15716	
8187	1338508800	2012	06	01	1	0.6	0.6	92553	-1111	2.20596	-1111	4.03589	
8217	1341100800	2012	07	01	1	0.6	0.6	92759	-1111	2.20596	-1111	4.10177	
8248	1343779200	2012	08	01	1	0.6	0.6	92994	-1111	2.20596	-1111	4.10042	
8279	1346457600	2012	09	01	1	0.6	0.6	93223	-1111	2.20596	-1111	4.13047	
8309	1349049600	2012	10	01	1	0.6	0.6	93456	-1111	2.20596	-1111	4.19292	
8340	1351728000	2012	11	01	1	0.6	0.6	93666	-1111	2.20596	-1111	4.11809	
8370	1354320000	2012	12	01	1	0.6	0.6	93875	-1111	2.20596	-1111	4.0796	
8401	1356998400	2013	01	01	1	0.6	0.6	94086	-1111	2.20596	-1111	3.87346	
8432	1359676800	2013	02	01	1	0.6	0.6	94278	-1111	2.47488	-1111	3.86223	
8460	1362096000	2013	03	01	1	0.6	0.6	94468	-1111	2.47488	-1111	3.82914	
8491	1364774400	2013	04	01	1	0.6	0.6	94744	-1111	2.47488	-1111	3.90815	
8521	1367366400	2013	05	01	1	0.6	0.6	94952	-1111	2.47488	-1111	3.92463	
8552	1370044800	2013	06	01	1	0.6	0.6	95218	-1111	2.47488	-1111	3.8362	
8582	1372636800	2013	07	01	1	0.6	0.6	95449	-1111	2.47488	-1111	3.86319	
8613	1375315200	2013	08	01	1	0.6	0.6	95681	-1111	2.47488	-1111	4.00623	
8644	1377993600	2013	09	01	1	0.6	0.6	95922	-1111	2.47488	-1111	4.1195	
8674	1380585600	2013	10	01	1	0.6	0.6	96136	-1111	2.47488	-1111	3.97605	
8705	1383264000	2013	11	01	1	0.6	0.6	96356	-1111	2.47488	-1111	4.03334	
8735	1385856000	2013	12	01	1	0.6	0.6	96544	-1111	2.47488	-1111	4.06821	
8766	1388534400	2014	01	01	1	0.6	0.6	96767	-1111	2.47488	-1111	4.18912	
8797	1391212800	2014	02	01	1	0.6	0.6	96997	-1111	2.46316	-1111	4.35925	
8825	1393632000	2014	03	01	1	0.6	0.6	97224	-1111	2.46316	-1111	4.22967	
8856	1396310400	2014	04	01	1	0.6	0.6	97440	-1111	2.46316	-1111	4.26797	
8886	1398902400	2014	05	01	1	0.6	0.6	97688	-1111	2.46316	-1111	4.45318	
8917	1401580800	2014	06	01	1	0.6	0.6	97899	-1111	2.46316	-1111	4.3967	
8947	1404172800	2014	07	01	1	0.6	0.6	98075	-1111	2.46316	-1111	4.39819	
8978	1406851200	2014	08	01	1	0.6	0.6	98316	-1111	2.46316	-1111	4.0554	
9009	1409529600	2014	09	01	1	0.6	0.6	98560	-1111	2.46316	-1111	4.08447	
9039	1412121600	2014	10	01	1	0.6	0.6	98789	-1111	2.46316	-1111	4.0312	
9070	1414800000	2014	11	01	1	0.6	0.6	99049	-1111	2.46316	-1111	4.05774	
9100	1417392000	2014	12	01	1	0.6	0.6	99289	-1111	2.46316	-1111	4.12965	
9131	1420070400	2015	01	01	1	0.6	0.6	99500	-1111	2.46316	-1111	4.06571	
9162	1422748800	2015	02	01	1	0.6	0.6	99760	-1111	2.59199	-1111	4.04747	
9190	1425168000	2015	03	01	1	0.6	0.6	99982	-1111	2.59199	-1111	4.0874	
9221	1427846400	2015	04	01	1	0.6	0.6	100208	-1111	2.59199	-1111	4.06472	
9251	1430438400	2015	05	01	1	0.6	0.6	100443	-1111	2.59199	-1111	4.17545	
9282	1433116800	2015	06	01	1	0.6	0.6	100624	-1111	2.59199	-1111	4.34343	
9312	1435708800	2015	07	01	1	0.6	0.6	100832	-1111	2.59199	-1111	4.37534	
9343	1438387200	2015	08	01	1	0.6	0.6	101063	-1111	2.59199	-1111	4.28174	
9374	1441065600	2015	09	01	1	0.6	0.6	101319	-1111	2.59199	-1111	4.12888	
9404	1443657600	2015	10	01	1	0.6	0.6	101571	-1111	2.59199	-1111	4.28956	
9435	1446336000	2015	11	01	1	0.6	0.6	101760	-1111	2.59199	-1111	4.21946	
9465	1448928000	2015	12	01	1	0.6	0.6	101972	-1111	2.59199	-1111	4.23384	
9496	1451606400	2016	01	01	1	0.6	0.6	102235	-1111	2.59199	-1111	4.45575	
9527	1454284800	2016	02	01	1	0.6	0.6	102474	-1111	2.55884	-1111	4.57896	
9556	1456790400	2016	03	01	1	0.6	0.6	102695	-1111	2.55884	-1111	4.50509	
9587	1459468800	2016	04	01	1	0.6	0.6	102937	-1111	2.55884	-1111	4.66966	
9617	1462060800	2016	05	01	1	0.6	0.6	103160	-1111	2.55884	-1111	4.63068	
9648	1464739200	2016	06	01	1	0.6	0.6	103418	-1111	2.55884	-1111	4.45826	
9678	1467331200	2016	07	01	1	0.6	0.6	103704	-1111	2.55884	-1111	4.5014	
9709	1470009600	2016	08	01	1	0.6	0.6	103943	-1111	2.55884	-1111	4.63138	
9740	1472688000	2016	09	01	1	0.6	0.6	104159	-1111	2.55884	-1111	4.71936	
9770	1475280000	2016	10	01	1	0.6	0.6	104403	-1111	2.55884	-1111	4.7046	
9801	1477958400	2016	11	01	1	0.6	0.6	104685	-1111	2.55884	-1111	4.56779	
9831	1480550400	2016	12	01	1	0.6	0.6	104913	-1111	2.55884	-1111	4.58115	
9862	1483228800	2017	01	01	1	0.6	0.6	105133	-1111	2.55884	-1111	4.62963	
9893	1485907200	2017	02	01	1	0.6	0.6	105390	-1111	2.76159	-1111	4.52295	
9921	1488326400	2017	03	01	1	0.6	0.6	105624	-1111	2.76159	-1111	4.42406	
9952	1491004800	2017	04	01	1	0.6	0.6	105883	-1111	2.76159	-1111	4.42911	
9982	1493596800	2017	05	01	1	0.6	0.6	106080	-1111	2.76159	-1111	4.52274	
10013	1496275200	2017	06	01	1	0.6	0.6	106337	-1111	2.76159	-1111	4.37324	
10043	1498867200	2017	07	01	1	0.6	0.6	106582	-1111	2.76159	-1111	4.35441	
10074	1501545600	2017	08	01	1	0.6	0.6	106841	-1111	2.76159	-1111	4.36385	
10105	1504224000	2017	09	01	1	0.6	0.6	107078	-1111	2.76159	-1111	4.3336	
10135	1506816000	2017	10	01	1	0.6	0.6	107318	-1111	2.76159	-1111	4.40966	
10166	1509494400	2017	11	01	1	0.6	0.6	107574	-1111	2.76159	-1111	4.41898	
10196	1512086400	2017	12	01	1	0.6	0.6	107801	-1111	2.76159	-1111	4.23066	
10227	1514764800	2018	01	01	1	0.6	0.6	108048	-1111	2.76159	-1111	4.32231	
10258	1517443200	2018	02	01	1	0.6	0.6	108303	-1111	2.65514	-1111	4.48413	
10286	1519862400	2018	03	01	1	0.6	0.6	108581	-1111	2.65514	-1111	4.54002	
10317	1522540800	2018	04	01	1	0.6	0.6	108848	-1111	2.65514	-1111	4.5061	
10347	1525132800	2018	05	01	1	0.6	0.6	109086	-1111	2.65514	-1111	4.79931	
10378	1527811200	2018	06	01	1	0.6	0.6	109368	-1111	2.65514	-1111	4.91236	
10408	1530403200	2018	07	01	1	0.6	0.6	109590	-1111	2.65514	-1111	4.86141	
10439	1533081600	2018	08	01	1	0.6	0.6	109791	-1111	2.65514	-1111	4.70765	
10470	1535760000	2018	09	01	1	0.6	0.6	110061	-1111	2.65514	-1111	4.67069	
10500	1538352000	2018	10	01	1	0.6	0.6	110292	-1111	2.65514	-1111	4.6787	
10531	1541030400	2018	11	01	1	0.6	0.6	110562	-1111	2.65514	-1111	4.78103	
10561	1543622400	2018	12	01	1	0.6	0.6	110796	-1111	2.65514	-1111	4.71695	
10592	1546300800	2019	01	01	1	0.6	0.6	111051	-1111	2.65514	-1111	4.57029	
10623	1548979200	2019	02	01	1	0.6	0.6	111308	-1111	2.76766	-1111	4.57697	
10651	1551398400	2019	03	01	1	0.6	0.6	111547	-1111	2.76766	-1111	4.62424	
10682	1554076800	2019	04	01	1	0.6	0.6	111829	-1111	2.76766	-1111	4.40995	
10712	1556668800	2019	05	01	1	0.6	0.6	112084	-1111	2.76766	-1111	4.52623	
10743	1559347200	2019	06	01	1	0.6	0.6	112326	-1111	2.76766	-1111	4.52164	
10773	1561939200	2019	07	01	1	0.6	0.6	112583	-1111	2.76766	-1111	4.64268	
10804	1564617600	2019	08	01	1	0.6	0.6	112802	-1111	2.76766	-1111	4.61415	
10835	1567296000	2019	09	01	1	0.6	0.6	113064	-1111	2.76766	-1111	4.45858	
10865	1569888000	2019	10	01	1	0.6	0.6	113301	-1111	2.76766	-1111	4.63608	
10896	1572566400	2019	11	01	1	0.6	0.6	113524	-1111	2.76766	-1111	4.58291	
10926	1575158400	2019	12	01	1	0.6	0.6	113790	-1111	2.76766	-1111	4.55302	
10957	1577836800	2020	01	01	1	0.6	0.6	114056	-1111	2.76766	-1111	4.35159	
10988	1580515200	2020	02	01	1	0.6	0.6	114360	-1111	2.66779	-1111	4.43778	
11017	1583020800	2020	03	01	1	0.6	0.6	114586	-1111	2.66779	-1111	4.47423	
11048	1585699200	2020	04	01	1	0.6	0.6	114840	-1111	2.66779	-1111	4.55761	
11078	1588291200	2020	05	01	1	0.6	0.6	115099	-1111	2.66779	-1111	4.47475	
11109	1590969600	2020	06	01	1	0.6	0.6	115344	-1111	2.66779	-1111	4.50239	
11139	1593561600	2020	07	01	1	0.6	0.6	115602	-1111	2.66779	-1111	4.41216	
11170	1596240000	2020	08	01	1	0.6	0.6	115919	-1111	2.66779	-1111	4.41946	
11201	1598918400	2020	09	01	1	0.6	0.6	116177	-1111	2.66779	-1111	4.39125	
11231	1601510400	2020	10	01	1	0.6	0.6	116470	-1111	2.66779	-1111	4.42612	
11262	1604188800	2020	11	01	1	0.6	0.6	116741	-1111	2.66779	-1111	4.45598	
11292	1606780800	2020	12	01	1	0.6	0.6	117006	-1111	2.66779	-1111	4.46924	
11323	1609459200	2021	01	01	1	0.6	0.6	117262	-1111	2.66779	-1111	4.54515	
11354	1612137600	2021	02	01	1	0.6	0.6	117543	-1111	2.61467	-1111	4.69756	
11382	1614556800	2021	03	01	1	0.6	0.6	117799	-1111	2.61467	-1111	4.46184	
11413	1617235200	2021	04	01	1	0.6	0.6	118094	-1111	2.61467	-1111	4.42608	
11443	1619827200	2021	05	01	1	0.6	0.6	118371	-1111	2.61467	-1111	4.38599	
11474	1622505600	2021	06	01	1	0.6	0.6	118628	-1111	2.61467	-1111	4.21731	
11504	1625097600	2021	07	01	1	0.6	0.6	118883	-1111	2.61467	-1111	4.16418	
11535	1627776000	2021	08	01	1	0.6	0.6	119175	-1111	2.61467	-1111	4.23883	
11566	1630454400	2021	09	01	1	0.6	0.6	119427	-1111	2.61467	-1111	4.42639	
11596	1633046400	2021	10	01	1	0.6	0.6	119685	-1111	2.61467	-1111	4.36101	
11627	1635724800	2021	11	01	1	0.6	0.6	119996	-1111	2.61467	-1111	4.27913	
11657	1638316800	2021	12	01	1	0.6	0.6	120319	-1111	2.61467	-1111	4.25259	
11688	1640995200	2022	01	01	1	0.6	0.6	120576	-1111	2.61467	-1111	4.23213	
11719	1643673600	2022	02	01	1	0.6	0.6	120876	-1111	2.59163	-1111	4.45525	
11747	1646092800	2022	03	01	1	0.6	0.6	121124	-1111	2.59163	-1111	4.37702	
11778	1648771200	2022	04	01	1	0.6	0.6	121408	-1111	2.59163	-1111	4.55905	
11808	1651363200	2022	05	01	1	0.6	0.6	121701	-1111	2.59163	-1111	4.7026	
11839	1654041600	2022	06	01	1	0.6	0.6	122024	-1111	2.59163	-1111	4.71182	
11869	1656633600	2022	07	01	1	0.6	0.6	122297	-1111	2.59163	-1111	4.67323	
11900	1659312000	2022	08	01	1	0.6	0.6	122579	-1111	2.59163	-1111	4.59305	
11931	1661990400	2022	09	01	1	0.6	0.6	122828	-1111	2.59163	-1111	4.44245	
11961	1664582400	2022	10	01	1	0.6	0.6	123126	-1111	2.59163	-1111	4.18371	
11992	1667260800	2022	11	01	1	0.6	0.6	123428	-1111	2.59163	-1111	4.37014	
12022	1669852800	2022	12	01	1	0.6	0.6	123715	-1111	2.59163	-1111	4.20654	
12053	1672531200	2023	01	01	1	0.6	0.6	124037	-1111	2.59163	-1111	4.23723	
12084	1675209600	2023	02	01	1	0.6	0.6	124319	-1111	2.63277	-1111	4.46019	
12112	1677628800	2023	03	01	1	0.6	0.6	124602	-1111	2.63277	-1111	4.38502	
12143	1680307200	2023	04	01	1	0.6	0.6	124921	-1111	2.63277	-1111	4.37398	
12173	1682899200	2023	05	01	1	0.6	0.6	125206	-1111	2.63277	-1111	4.2867	
12204	1685577600	2023	06	01	1	0.6	0.6	125534	-1111	2.63277	-1111	4.34292	
12234	1688169600	2023	07	01	1	0.6	0.6	125844	-1111	2.63277	-1111	4.31969	
12265	1690848000	2023	08	01	1	0.6	0.6	126137	-1111	2.63277	-1111	4.29387	
12296	1693526400	2023	09	01	1	0.6	0.6	126428	-1111	2.63277	-1111	4.5248	
12326	1696118400	2023	10	01	1	0.6	0.6	126716	-1111	2.63277	-1111	4.56891	
12357	1698796800	2023	11	01	1	0.6	0.6	126989	-1111	2.63277	-1111	4.73565	
12387	1701388800	2023	12	01	1	0.6	0.6	127273	-1111	2.63277	-1111	4.77367	
12418	1704067200	2024	01	01	1	0.6	0.6	127577	-1111	2.63277	-1111	4.7073	
12449	1706745600	2024	02	01	1	0.6	0.6	127899	-1111	2.65587	-1111	4.84163	
12478	1709251200	2024	03	01	1	0.6	0.6	128154	-1111	2.65587	-1111	4.72832	
12509	1711929600	2024	04	01	1	0.6	0.6	128458	-1111	2.65587	-1111	4.77138	
12539	1714521600	2024	05	01	1	0.6	0.6	128756	-1111	2.65587	-1111	4.62069	
12570	1717200000	2024	06	01	1	0.6	0.6	129080	-1111	2.65587	-1111	4.71144	
12600	1719792000	2024	07	01	1	0.6	0.6	129385	-1111	2.65587	-1111	4.49489	
12631	1722470400	2024	08	01	1	0.6	0.6	129663	-1111	2.65587	-1111	4.6061	
12662	1725148800	2024	09	01	1	0.6	0.6	129979	-1111	2.65587	-1111	4.55537	
12692	1727740800	2024	10	01	1	0.6	0.6	130279	-1111	2.65587	-1111	4.81091	
12723	1730419200	2024	11	01	1	0.6	0.6	130593	-1111	2.65587	-1111	4.52192	
12753	1733011200	2024	12	01	1	0.6	0.6	130869	-1111	2.65587	-1111	4.37119	
12784	1735689600	2025	01	01	1	0.6	0.6	131177	-1111	2.65587	-1111	4.41291	
12815	1738368000	2025	02	01	1	0.6	0.6	131477	-1111	2.72036	-1111	4.41273	
12843	1740787200	2025	03	01	1	0.6	0.6	131771	-1111	2.72036	-1111	4.3078	
12874	1743465600	2025	04	01	1	0.6	0.6	132086	-1111	2.72036	-1111	4.30999	
12904	1746057600	2025	05	01	1	0.6	0.6	132390	-1111	2.72036	-1111	4.3798	
12935	1748736000	2025	06	01	1	0.6	0.6	132731	-1111	2.72036	-1111	4.28407	
12965	1751328000	2025	07	01	1	0.6	0.6	133001	-1111	2.72036	-1111	4.40366	
12996	1754006400	2025	08	01	1	0.6	0.6	133269	-1111	2.72036	-1111	4.22481	
13027	1756684800	2025	09	01	1	0.6	0.6	133585	-1111	2.72036	-1111	4.28944	
13057	1759276800	2025	10	01	1	0.6	0.6	133870	-1111	2.72036	-1111	4.24361	
13088	1761955200	2025	11	01	1	0.6	0.6	134175	-1111	2.72036	-1111	4.35342	
13118	1764547200	2025	12	01	1	0.6	0.6	134430	-1111	2.72036	-1111	4.45552	
13149	1767225600	2026	01	01	1	0.6	0.6	134747	-1111	2.72036	-1111	4.46091	
13180	1769904000	2026	02	01	1	0.6	0.6	135033	-1111	2.55871	-1111	4.46152	
13208	1772323200	2026	03	01	1	0.6	0.6	135333	-1111	2.55871	-1111	4.50307	
13239	1775001600	2026	04	01	1	0.6	0.6	135681	-1111	2.55871	-1111	4.4714	
13269	1777593600	2026	05	01	1	0.6	0.6	135988	-1111	2.55871	-1111	4.65398	
13300	1780272000	2026	06	01	1	0.6	0.6	136283	-1111	2.55871	-1111	4.81655	
13330	1782864000	2026	07	01	1	0.6	0.6	136577	-1111	2.55871	-1111	4.72351	
13361	1785542400	2026	08	01	1	0.6	0.6	136918	-1111	2.55871	-1111	4.75905	
13392	1788220800	2026	09	01	1	0.6	0.6	137225	-1111	2.55871	-1111	4.84942	
13422	1790812800	2026	10	01	1	0.6	0.6	137530	-1111	2.55871	-1111	4.94456	
13453	1793491200	2026	11	01	1	0.6	0.6	137838	-1111	2.55871	-1111	4.85841	
13483	1796083200	2026	12	01	1	0.6	0.6	138153	-1111	2.55871	-1111	4.70844	
13514	1798761600	2027	01	01	1	0.6	0.6	138470	-1111	2.55871	-1111	4.59572	
13545	1801440000	2027	02	01	1	0.6	0.6	138816	-1111	2.74877	-1111	4.81595	
13573	1803859200	2027	03	01	1	0.6	0.6	139119	-1111	2.74877	-1111	4.83526	
13604	1806537600	2027	04	01	1	0.6	0.6	139452	-1111	2.74877	-1111	4.86649	
13634	1809129600	2027	05	01	1	0.6	0.6	139782	-1111	2.74877	-1111	4.73886	
13665	1811808000	2027	06	01	1	0.6	0.6	140108	-1111	2.74877	-1111	4.77453	
13695	1814400000	2027	07	01	1	0.6	0.6	140429	-1111	2.74877	-1111	4.75127	
13726	1817078400	2027	08	01	1	0.6	0.6	140768	-1111	2.74877	-1111	4.71811	
13757	1819756800	2027	09	01	1	0.6	0.6	141094	-1111	2.74877	-1111	4.6736	
13787	1822348800	2027	10	01	1	0.6	0.6	141430	-1111	2.74877	-1111	4.85008	
13818	1825027200	2027	11	01	1	0.6	0.6	141750	-1111	2.74877	-1111	4.84019	
13848	1827619200	2027	12	01	1	0.6	0.6	142068	-1111	2.74877	-1111	4.85394	
13879	1830297600	2028	01	01	1	0.6	0.6	142383	-1111	2.74877	-1111	4.79463	
13910	1832976000	2028	02	01	1	0.6	0.6	142678	-1111	2.80325	-1111	4.79116	
13939	1835481600	2028	03	01	1	0.6	0.6	142951	-1111	2.80325	-1111	4.51946	
13970	1838160000	2028	04	01	1	0.6	0.6	143270	-1111	2.80325	-1111	4.58768	
14000	1840752000	2028	05	01	1	0.6	0.6	143577	-1111	2.80325	-1111	4.63471	
14031	1843430400	2028	06	01	1	0.6	0.6	143905	-1111	2.80325	-1111	4.61186	
14061	1846022400	2028	07	01	1	0.6	0.6	144222	-1111	2.80325	-1111	4.47729	
14092	1848700800	2028	08	01	1	0.6	0.6	144556	-1111	2.80325	-1111	4.60666	
14123	1851379200	2028	09	01	1	0.6	0.6	144864	-1111	2.80325	-1111	4.32794	
14153	1853971200	2028	10	01	1	0.6	0.6	145174	-1111	2.80325	-1111	4.1373	
14184	1856649600	2028	11	01	1	0.6	0.6	145556	-1111	2.80325	-1111	4.1981	
14214	1859241600	2028	12	01	1	0.6	0.6	145870	-1111	2.80325	-1111	4.31428	
14245	1861920000	2029	01	01	1	0.6	0.6	146240	-1111	2.80325	-1111	4.44957	
14276	1864598400	2029	02	01	1	0.6	0.6	146577	-1111	2.65682	-1111	4.56889	
14304	1867017600	2029	03	01	1	0.6	0.6	146886	-1111	2.65682	-1111	4.49171	
14335	1869696000	2029	04	01	1	0.6	0.6	147225	-1111	2.65682	-1111	4.75429	
14365	1872288000	2029	05	01	1	0.6	0.6	147564	-1111	2.65682	-1111	4.78391	
14396	1874966400	2029	06	01	1	0.6	0.6	147883	-1111	2.65682	-1111	4.75471	
14426	1877558400	2029	07	01	1	0.6	0.6	148221	-1111	2.65682	-1111	4.67473	
14457	1880236800	2029	08	01	1	0.6	0.6	148541	-1111	2.65682	-1111	4.47321	
14488	1882915200	2029	09	01	1	0.6	0.6	148903	-1111	2.65682	-1111	4.62785	
14518	1885507200	2029	10	01	1	0.6	0.6	149230	-1111	2.65682	-1111	4.62951	
14549	1888185600	2029	11	01	1	0.6	0.6	149569	-1111	2.65682	-1111	4.5175	
14579	1890777600	2029	12	01	1	0.6	0.6	149893	-1111	2.65682	-1111	4.38427	
14610	1893456000	2030	01	01	1	0.6	0.6	150237	-1111	2.65682	-1111	4.54759	
