0	631152000	1990	01	01	1	0.6	0.5	50000	-1111	0	-1111	4.55568	
31	633830400	1990	02	01	1	0	0	50124	-1111	0	-1111	12.0725	
59	636249600	1990	03	01	1	0	0	50212	-1111	0	-1111	15.0253	
90	638928000	1990	04	01	1	0	0	50323	-1111	0	-1111	14.6118	
120	641520000	1990	05	01	1	0	0	50437	-1111	0	-1111	17.3575	
151	644198400	1990	06	01	1	0	0	50529	-1111	0	-1111	18.6102	
181	646790400	1990	07	01	1	0	0	50626	-1111	0	-1111	19.3741	
212	649468800	1990	08	01	1	0	0	50724	-1111	0	-1111	20.0619	
243	652147200	1990	09	01	1	0	0	50837	-1111	0	-1111	20.3184	
273	654739200	1990	10	01	1	0	0	50934	-1111	0	-1111	19.9769	
304	657417600	1990	11	01	1	0	0	51047	-1111	0	-1111	19.2139	
334	660009600	1990	12	01	1	0	0	51152	-1111	0	-1111	18.4023	
365	662688000	1991	01	01	1	0	0	51254	-1111	0	-1111	17.0749	
396	665366400	1991	02	01	1	0	0	51345	-1111	0	-1111	15.9408	
424	667785600	1991	03	01	1	0	0	51469	-1111	0	-1111	15.2253	
455	670464000	1991	04	01	1	0	0	51606	-1111	0	-1111	14.1996	
485	673056000	1991	05	01	1	0	0	51745	-1111	0	-1111	12.6714	
516	675734400	1991	06	01	1	0	0	51863	-1111	0	-1111	11.1559	
546	678326400	1991	07	01	1	0	0	51990	-1111	0	-1111	10.2734	
577	681004800	1991	08	01	1	0	0	52110	-1111	0	-1111	8.61123	
608	683683200	1991	09	01	1	0	0	52220	-1111	0	-1111	7.95514	
638	686275200	1991	10	01	1	0	0	52323	-1111	0	-1111	7.24951	
669	688953600	1991	11	01	1	0	0	52447	-1111	0	-1111	6.83998	
699	691545600	1991	12	01	1	0	0	52566	-1111	0	-1111	6.52911	
730	694224000	1992	01	01	1	0	0	52706	-1111	0	-1111	6.05373	
761	696902400	1992	02	01	1	0	0	52824	-1111	5.18469	-1111	6.0457	
790	699408000	1992	03	01	1	0	0	52922	-1111	5.18469	-1111	5.73417	
821	702086400	1992	04	01	1	0	0	53061	-1111	5.18469	-1111	5.55723	
851	704678400	1992	05	01	1	0	0	53178	-1111	5.18469	-1111	5.09996	
882	707356800	1992	06	01	1	0	0	53302	-1111	5.18469	-1111	5.43068	
912	709948800	1992	07	01	1	0	0	53423	-1111	5.18469	-1111	5.49434	
943	712627200	1992	08	01	1	0	0	53565	-1111	5.18469	-1111	5.81728	
974	715305600	1992	09	01	1	0	0	53697	-1111	5.18469	-1111	6.00361	
1004	717897600	1992	10	01	1	0	0	53815	-1111	5.18469	-1111	6.15627	
1035	720576000	1992	11	01	1	0	0	53914	-1111	5.18469	-1111	6.47239	
1065	723168000	1992	12	01	1	0	0	54025	-1111	5.18469	-1111	6.64071	
1096	725846400	1993	01	01	1	0	0	54142	-1111	5.18469	-1111	6.80338	
1127	728524800	1993	02	01	1	0	0	54261	-1111	3.07286	-1111	7.17972	
1155	730944000	1993	03	01	1	0	0	54372	-1111	3.07286	-1111	7.06225	
1186	733622400	1993	04	01	1	0	0	54490	-1111	3.07286	-1111	7.31689	
1216	736214400	1993	05	01	1	0	0	54590	-1111	3.07286	-1111	7.64483	
1247	738892800	1993	06	01	1	0	0	54733	-1111	3.07286	-1111	7.89885	
1277	741484800	1993	07	01	1	0	0	54849	-1111	3.07286	-1111	8.19855	
1308	744163200	1993	08	01	1	0	0	54960	-1111	3.07286	-1111	8.61404	
1339	746841600	1993	09	01	1	0	0	55104	-1111	3.07286	-1111	8.73016	
1369	749433600	1993	10	01	1	0	0	55251	-1111	3.07286	-1111	8.88575	
1400	752112000	1993	11	01	1	0	0	55387	-1111	3.07286	-1111	9.39538	
1430	754704000	1993	12	01	1	0	0	55511	-1111	3.07286	-1111	9.69746	
1461	757382400	1994	01	01	1	0	0	55658	-1111	3.07286	-1111	9.66312	
1492	760060800	1994	02	01	1	0	0	55802	-1111	4.39603	-1111	9.41237	
1520	762480000	1994	03	01	1	0	0	55895	-1111	4.39603	-1111	9.27592	
1551	765158400	1994	04	01	1	0	0	56019	-1111	4.39603	-1111	9.1639	
1581	767750400	1994	05	01	1	0	0	56156	-1111	4.39603	-1111	9.06349	
1612	770428800	1994	06	01	1	0	0	56293	-1111	4.39603	-1111	8.66176	
1642	773020800	1994	07	01	1	0	0	56414	-1111	4.39603	-1111	8.47844	
1673	775699200	1994	08	01	1	0	0	56537	-1111	4.39603	-1111	8.21898	
1704	778377600	1994	09	01	1	0	0	56668	-1111	4.39603	-1111	7.64611	
1734	780969600	1994	10	01	1	0	0	56810	-1111	4.39603	-1111	7.31547	
1765	783648000	1994	11	01	1	0	0	56942	-1111	4.39603	-1111	7.30296	
1795	786240000	1994	12	01	1	0	0	57055	-1111	4.39603	-1111	7.36295	
1826	788918400	1995	01	01	1	0	0	57191	-1111	4.39603	-1111	7.40388	
1857	791596800	1995	02	01	1	0	0	57316	-1111	4.13755	-1111	7.66079	
1885	794016000	1995	03	01	1	0	0	57431	-1111	4.13755	-1111	7.69287	
1916	796694400	1995	04	01	1	0	0	57554	-1111	4.13755	-1111	7.93119	
1946	799286400	1995	05	01	1	0	0	57674	-1111	4.13755	-1111	8.3151	
1977	801964800	1995	06	01	1	0	0	57799	-1111	4.13755	-1111	8.16	
2007	804556800	1995	07	01	1	0	0	57908	-1111	4.13755	-1111	8.27636	
2038	807235200	1995	08	01	1	0	0	58047	-1111	4.13755	-1111	8.18479	
2069	809913600	1995	09	01	1	0	0	58179	-1111	4.13755	-1111	8.16015	
2099	812505600	1995	10	01	1	0	0	58303	-1111	4.13755	-1111	8.31884	
2130	815184000	1995	11	01	1	0	0	58440	-1111	4.13755	-1111	8.57143	
2160	817776000	1995	12	01	1	0	0	58573	-1111	4.13755	-1111	8.46748	
2191	820454400	1996	01	01	1	0	0	58727	-1111	4.13755	-1111	8.5235	
2222	823132800	1996	02	01	1	0	0	58849	-1111	4.11751	-1111	8.45546	
2251	825638400	1996	03	01	1	0	0	59001	-1111	4.11751	-1111	8.43624	
2282	828316800	1996	04	01	1	0	0	59151	-1111	4.11751	-1111	8.70905	
2312	830908800	1996	05	01	1	0	0	59260	-1111	4.11751	-1111	8.83658	
2343	833587200	1996	06	01	1	0	0	59409	-1111	4.11751	-1111	9.02594	
2373	836179200	1996	07	01	1	0	0	59544	-1111	4.11751	-1111	8.99486	
2404	838857600	1996	08	01	1	0	0	59695	-1111	4.11751	-1111	8.6758	
2435	841536000	1996	09	01	1	0	0	59844	-1111	4.11751	-1111	8.52641	
2465	844128000	1996	10	01	1	0	0	59968	-1111	4.11751	-1111	8.7136	
2496	846806400	1996	11	01	1	0	0	60104	-1111	4.11751	-1111	8.53589	
2526	849398400	1996	12	01	1	0	0	60256	-1111	4.11751	-1111	8.16732	
2557	852076800	1997	01	01	1	0	0	60402	-1111	4.11751	-1111	7.99151	
2588	854755200	1997	02	01	1	0	0	60562	-1111	4.27325	-1111	8.04468	
2616	857174400	1997	03	01	1	0	0	60697	-1111	4.27325	-1111	7.96073	
2647	859852800	1997	04	01	1	0	0	60837	-1111	4.27325	-1111	8.07988	
2677	862444800	1997	05	01	1	0	0	60956	-1111	4.27325	-1111	8.26575	
2708	865123200	1997	06	01	1	0	0	61080	-1111	4.27325	-1111	8.17362	
2738	867715200	1997	07	01	1	0	0	61210	-1111	4.27325	-1111	7.99831	
2769	870393600	1997	08	01	1	0	0	61357	-1111	4.27325	-1111	8.20167	
2800	873072000	1997	09	01	1	0	0	61494	-1111	4.27325	-1111	8.14597	
2830	875664000	1997	10	01	1	0	0	61618	-1111	4.27325	-1111	8.03446	
2861	878342400	1997	11	01	1	0	0	61755	-1111	4.27325	-1111	7.94595	
2891	880934400	1997	12	01	1	0	0	61878	-1111	4.27325	-1111	7.89749	
2922	883612800	1998	01	01	1	0	0	62024	-1111	4.27325	-1111	7.90866	
2953	886291200	1998	02	01	1	0	0	62158	-1111	4.07589	-1111	7.96362	
2981	888710400	1998	03	01	1	0	0	62260	-1111	4.07589	-1111	7.85576	
3012	891388800	1998	04	01	1	0	0	62372	-1111	4.07589	-1111	7.85478	
3042	893980800	1998	05	01	1	0	0	62546	-1111	4.07589	-1111	7.90217	
3073	896659200	1998	06	01	1	0	0	62663	-1111	4.07589	-1111	7.8271	
3103	899251200	1998	07	01	1	0	0	62810	-1111	4.07589	-1111	8.2631	
3134	901929600	1998	08	01	1	0	0	62943	-1111	4.07589	-1111	8.1201	
3165	904608000	1998	09	01	1	0	0	63060	-1111	4.07589	-1111	8.48749	
3195	907200000	1998	10	01	1	0	0	63203	-1111	4.07589	-1111	8.65645	
3226	909878400	1998	11	01	1	0	0	63379	-1111	4.07589	-1111	8.308	
3256	912470400	1998	12	01	1	0	0	63512	-1111	4.07589	-1111	8.31597	
3287	915148800	1999	01	01	1	0	0	63649	-1111	4.07589	-1111	8.12496	
3318	917827200	1999	02	01	1	0	0	63795	-1111	4.00816	-1111	7.94605	
3346	920246400	1999	03	01	1	0	0	63933	-1111	4.00816	-1111	8.3816	
3377	922924800	1999	04	01	1	0	0	64070	-1111	4.00816	-1111	8.28182	
3407	925516800	1999	05	01	1	0	0	64220	-1111	4.00816	-1111	8.60879	
3438	928195200	1999	06	01	1	0	0	64367	-1111	4.00816	-1111	8.57957	
3468	930787200	1999	07	01	1	0	0	64528	-1111	4.00816	-1111	8.36522	
3499	933465600	1999	08	01	1	0	0	64679	-1111	4.00816	-1111	8.86068	
3530	936144000	1999	09	01	1	0	0	64838	-1111	4.00816	-1111	8.8527	
3560	938736000	1999	10	01	1	0	0	64973	-1111	4.00816	-1111	8.76515	
3591	941414400	1999	11	01	1	0	0	65107	-1111	4.00816	-1111	8.54248	
3621	944006400	1999	12	01	1	0	0	65259	-1111	4.00816	-1111	8.39963	
3652	946684800	2000	01	01	1	0	0	65397	-1111	4.00816	-1111	7.97737	
3683	949363200	2000	02	01	1	0.6	0.6	65528	-1111	4.24799	-1111	6.56109	
3712	951868800	2000	03	01	1	0.6	0.6	65664	-1111	4.24799	-1111	5.05336	
3743	954547200	2000	04	01	1	0.6	0.6	65831	-1111	4.24799	-1111	3.87741	
3773	957139200	2000	05	01	1	0.6	0.6	65978	-1111	4.24799	-1111	3.12975	
3804	959817600	2000	06	01	1	0.6	0.6	66143	-1111	4.24799	-1111	2.48584	
3834	962409600	2000	07	01	1	0.6	0.6	66279	-1111	4.24799	-1111	2.1655	
3865	965088000	2000	08	01	1	0.6	0.6	66435	-1111	4.24799	-1111	2.1548	
3896	967766400	2000	09	01	1	0.6	0.6	66601	-1111	4.24799	-1111	1.98867	
3926	970358400	2000	10	01	1	0.6	0.6	66750	-1111	4.24799	-1111	1.84709	
3957	973036800	2000	11	01	1	0.6	0.6	66926	-1111	4.24799	-1111	1.72979	
3987	975628800	2000	12	01	1	0.6	0.6	67082	-1111	4.24799	-1111	1.73724	
4018	978307200	2001	01	01	1	0.6	0.6	67267	-1111	4.24799	-1111	1.50426	
4049	980985600	2001	02	01	1	0.6	0.6	67444	-1111	1.74977	-1111	1.30243	
4077	983404800	2001	03	01	1	0.6	0.6	67593	-1111	1.74977	-1111	1.38748	
4108	986083200	2001	04	01	1	0.6	0.6	67770	-1111	1.74977	-1111	1.17626	
4138	988675200	2001	05	01	1	0.6	0.6	67945	-1111	1.74977	-1111	1.16589	
4169	991353600	2001	06	01	1	0.6	0.6	68081	-1111	1.74977	-1111	1.1737	
4199	993945600	2001	07	01	1	0.6	0.6	68240	-1111	1.74977	-1111	1.31038	
4230	996624000	2001	08	01	1	0.6	0.6	68407	-1111	1.74977	-1111	1.28228	
4261	999302400	2001	09	01	1	0.6	0.6	68571	-1111	1.74977	-1111	1.27861	
4291	1001894400	2001	10	01	1	0.6	0.6	68741	-1111	1.74977	-1111	1.41567	
4322	1004572800	2001	11	01	1	0.6	0.6	68926	-1111	1.74977	-1111	1.5933	
4352	1007164800	2001	12	01	1	0.6	0.6	69083	-1111	1.74977	-1111	1.58841	
4383	1009843200	2002	01	01	1	0.6	0.6	69245	-1111	1.74977	-1111	1.72862	
4414	1012521600	2002	02	01	1	0.6	0.6	69418	-1111	0.920634	-1111	1.85153	
4442	1014940800	2002	03	01	1	0.6	0.6	69575	-1111	0.920634	-1111	1.83809	
4473	1017619200	2002	04	01	1	0.6	0.6	69754	-1111	0.920634	-1111	1.95864	
4503	1020211200	2002	05	01	1	0.6	0.6	69926	-1111	0.920634	-1111	1.99667	
4534	1022889600	2002	06	01	1	0.6	0.6	70118	-1111	0.920634	-1111	2.03417	
4564	1025481600	2002	07	01	1	0.6	0.6	70303	-1111	0.920634	-1111	2.02556	
4595	1028160000	2002	08	01	1	0.6	0.6	70452	-1111	0.920634	-1111	2.17206	
4626	1030838400	2002	09	01	1	0.6	0.6	70628	-1111	0.920634	-1111	2.2659	
4656	1033430400	2002	10	01	1	0.6	0.6	70763	-1111	0.920634	-1111	2.47841	
4687	1036108800	2002	11	01	1	0.6	0.6	70932	-1111	0.920634	-1111	2.61026	
4717	1038700800	2002	12	01	1	0.6	0.6	71117	-1111	0.920634	-1111	2.72559	
4748	1041379200	2003	01	01	1	0.6	0.6	71302	-1111	0.920634	-1111	2.85539	
4779	1044057600	2003	02	01	1	0.6	0.6	71463	-1111	1.54887	-1111	2.86876	
4807	1046476800	2003	03	01	1	0.6	0.6	71602	-1111	1.54887	-1111	2.91192	
4838	1049155200	2003	04	01	1	0.6	0.6	71751	-1111	1.54887	-1111	2.97556	
4868	1051747200	2003	05	01	1	0.6	0.6	71912	-1111	1.54887	-1111	3.19443	
4899	1054425600	2003	06	01	1	0.6	0.6	72078	-1111	1.54887	-1111	3.36533	
4929	1057017600	2003	07	01	1	0.6	0.6	72263	-1111	1.54887	-1111	3.60816	
4960	1059696000	2003	08	01	1	0.6	0.6	72456	-1111	1.54887	-1111	3.72626	
4991	1062374400	2003	09	01	1	0.6	0.6	72625	-1111	1.54887	-1111	3.77854	
5021	1064966400	2003	10	01	1	0.6	0.6	72776	-1111	1.54887	-1111	3.79408	
5052	1067644800	2003	11	01	1	0.6	0.6	72970	-1111	1.54887	-1111	3.69666	
5082	1070236800	2003	12	01	1	0.6	0.6	73114	-1111	1.54887	-1111	3.74323	
5113	1072915200	2004	01	01	1	0.6	0.6	73273	-1111	1.54887	-1111	3.64313	
5144	1075593600	2004	02	01	1	0.6	0.6	73452	-1111	2.23407	-1111	3.39576	
5173	1078099200	2004	03	01	1	0.6	0.6	73624	-1111	2.23407	-1111	3.58812	
5204	1080777600	2004	04	01	1	0.6	0.6	73802	-1111	2.23407	-1111	3.73086	
5234	1083369600	2004	05	01	1	0.6	0.6	73987	-1111	2.23407	-1111	3.7947	
5265	1086048000	2004	06	01	1	0.6	0.6	74157	-1111	2.23407	-1111	3.79195	
5295	1088640000	2004	07	01	1	0.6	0.6	74325	-1111	2.23407	-1111	3.80579	
5326	1091318400	2004	08	01	1	0.6	0.6	74503	-1111	2.23407	-1111	3.57256	
5357	1093996800	2004	09	01	1	0.6	0.6	74691	-1111	2.23407	-1111	3.46992	
5387	1096588800	2004	10	01	1	0.6	0.6	74873	-1111	2.23407	-1111	3.73354	
5418	1099267200	2004	11	01	1	0.6	0.6	75031	-1111	2.23407	-1111	3.67782	
5448	1101859200	2004	12	01	1	0.6	0.6	75216	-1111	2.23407	-1111	3.66703	
5479	1104537600	2005	01	01	1	0.6	0.6	75375	-1111	2.23407	-1111	3.56751	
5510	1107216000	2005	02	01	1	0.6	0.6	75567	-1111	2.40582	-1111	3.53899	
5538	1109635200	2005	03	01	1	0.6	0.6	75730	-1111	2.40582	-1111	3.40271	
5569	1112313600	2005	04	01	1	0.6	0.6	75909	-1111	2.40582	-1111	3.46262	
5599	1114905600	2005	05	01	1	0.6	0.6	76088	-1111	2.40582	-1111	3.50413	
5630	1117584000	2005	06	01	1	0.6	0.6	76272	-1111	2.40582	-1111	3.59343	
5660	1120176000	2005	07	01	1	0.6	0.6	76434	-1111	2.40582	-1111	3.663	
5691	1122854400	2005	08	01	1	0.6	0.6	76631	-1111	2.40582	-1111	3.63384	
5722	1125532800	2005	09	01	1	0.6	0.6	76815	-1111	2.40582	-1111	3.54068	
5752	1128124800	2005	10	01	1	0.6	0.6	76989	-1111	2.40582	-1111	3.63813	
5783	1130803200	2005	11	01	1	0.6	0.6	77183	-1111	2.40582	-1111	3.57763	
5813	1133395200	2005	12	01	1	0.6	0.6	77367	-1111	2.40582	-1111	3.58543	
5844	1136073600	2006	01	01	1	0.6	0.6	77552	-1111	2.40582	-1111	3.50735	
5875	1138752000	2006	02	01	1	0.6	0.6	77727	-1111	2.23498	-1111	3.46888	
5903	1141171200	2006	03	01	1	0.6	0.6	77910	-1111	2.23498	-1111	3.62516	
5934	1143849600	2006	04	01	1	0.6	0.6	78115	-1111	2.23498	-1111	3.55092	
5964	1146441600	2006	05	01	1	0.6	0.6	78291	-1111	2.23498	-1111	3.35041	
5995	1149120000	2006	06	01	1	0.6	0.6	78477	-1111	2.23498	-1111	3.39212	
6025	1151712000	2006	07	01	1	0.6	0.6	78665	-1111	2.23498	-1111	3.38992	
6056	1154390400	2006	08	01	1	0.6	0.6	78848	-1111	2.23498	-1111	3.39811	
6087	1157068800	2006	09	01	1	0.6	0.6	79047	-1111	2.23498	-1111	3.37871	
6117	1159660800	2006	10	01	1	0.6	0.6	79235	-1111	2.23498	-1111	3.36617	
6148	1162339200	2006	11	01	1	0.6	0.6	79419	-1111	2.23498	-1111	3.3946	
6178	1164931200	2006	12	01	1	0.6	0.6	79613	-1111	2.23498	-1111	3.39158	
6209	1167609600	2007	01	01	1	0.6	0.6	79801	-1111	2.23498	-1111	3.3453	
6240	1170288000	2007	02	01	1	0.6	0.6	79985	-1111	2.19959	-1111	3.3335	
6268	1172707200	2007	03	01	1	0.6	0.6	80154	-1111	2.19959	-1111	3.42449	
6299	1175385600	2007	04	01	1	0.6	0.6	80357	-1111	2.19959	-1111	3.36134	
6329	1177977600	2007	05	01	1	0.6	0.6	80540	-1111	2.19959	-1111	3.17901	
6360	1180656000	2007	06	01	1	0.6	0.6	80739	-1111	2.19959	-1111	3.15948	
6390	1183248000	2007	07	01	1	0.6	0.6	80915	-1111	2.19959	-1111	3.23223	
6421	1185926400	2007	08	01	1	0.6	0.6	81091	-1111	2.19959	-1111	3.29378	
6452	1188604800	2007	09	01	1	0.6	0.6	81284	-1111	2.19959	-1111	3.33011	
6482	1191196800	2007	10	01	1	0.6	0.6	81479	-1111	2.19959	-1111	3.52873	
6513	1193875200	2007	11	01	1	0.6	0.6	81686	-1111	2.19959	-1111	3.50582	
6543	1196467200	2007	12	01	1	0.6	0.6	81864	-1111	2.19959	-1111	3.52755	
6574	1199145600	2008	01	01	1	0.6	0.6	82042	-1111	2.19959	-1111	3.69714	
6605	1201824000	2008	02	01	1	0.6	0.6	82226	-1111	2.24667	-1111	3.71824	
6634	1204329600	2008	03	01	1	0.6	0.6	82405	-1111	2.24667	-1111	3.9168	
6665	1207008000	2008	04	01	1	0.6	0.6	82632	-1111	2.24667	-1111	3.88622	
6695	1209600000	2008	05	01	1	0.6	0.6	82819	-1111	2.24667	-1111	3.80329	
6726	1212278400	2008	06	01	1	0.6	0.6	82981	-1111	2.24667	-1111	3.64401	
6756	1214870400	2008	07	01	1	0.6	0.6	83154	-1111	2.24667	-1111	3.57126	
6787	1217548800	2008	08	01	1	0.6	0.6	83352	-1111	2.24667	-1111	3.77518	
6818	1220227200	2008	09	01	1	0.6	0.6	83545	-1111	2.24667	-1111	3.68927	
6848	1222819200	2008	10	01	1	0.6	0.6	83745	-1111	2.24667	-1111	3.74667	
6879	1225497600	2008	11	01	1	0.6	0.6	83963	-1111	2.24667	-1111	3.79481	
6909	1228089600	2008	12	01	1	0.6	0.6	84146	-1111	2.24667	-1111	3.71645	
6940	1230768000	2009	01	01	1	0.6	0.6	84353	-1111	2.24667	-1111	3.68619	
6971	1233446400	2009	02	01	1	0.6	0.6	84551	-1111	2.32604	-1111	3.92565	
6999	1235865600	2009	03	01	1	0.6	0.6	84736	-1111	2.32604	-1111	4.05144	
7030	1238544000	2009	04	01	1	0.6	0.6	84964	-1111	2.32604	-1111	3.74437	
7060	1241136000	2009	05	01	1	0.6	0.6	85164	-1111	2.32604	-1111	3.65205	
7091	1243814400	2009	06	01	1	0.6	0.6	85351	-1111	2.32604	-1111	3.90714	
7121	1246406400	2009	07	01	1	0.6	0.6	85530	-1111	2.32604	-1111	3.86597	
7152	1249084800	2009	08	01	1	0.6	0.6	85736	-1111	2.32604	-1111	3.93156	
7183	1251763200	2009	09	01	1	0.6	0.6	85952	-1111	2.32604	-1111	3.75732	
7213	1254355200	2009	10	01	1	0.6	0.6	86148	-1111	2.32604	-1111	3.526	
7244	1257033600	2009	11	01	1	0.6	0.6	86351	-1111	2.32604	-1111	3.71959	
7274	1259625600	2009	12	01	1	0.6	0.6	86523	-1111	2.32604	-1111	3.53269	
7305	1262304000	2010	01	01	1	0.6	0.6	86722	-1111	2.32604	-1111	3.66812	
7336	1264982400	2010	02	01	1	0.6	0.6	86938	-1111	2.36423	-1111	3.8246	
7364	1267401600	2010	03	01	1	0.6	0.6	87116	-1111	2.36423	-1111	3.65248	
7395	1270080000	2010	04	01	1	0.6	0.6	87356	-1111	2.36423	-1111	3.56362	
7425	1272672000	2010	05	01	1	0.6	0.6	87557	-1111	2.36423	-1111	3.48113	
7456	1275350400	2010	06	01	1	0.6	0.6	87729	-1111	2.36423	-1111	3.55921	
7486	1277942400	2010	07	01	1	0.6	0.6	87908	-1111	2.36423	-1111	3.658	
7517	1280620800	2010	08	01	1	0.6	0.6	88092	-1111	2.36423	-1111	3.76473	
7548	1283299200	2010	09	01	1	0.6	0.6	88292	-1111	2.36423	-1111	3.79086	
7578	1285891200	2010	10	01	1	0.6	0.6	88495	-1111	2.36423	-1111	4.05715	
7609	1288569600	2010	11	01	1	0.6	0.6	88685	-1111	2.36423	-1111	3.98928	
7639	1291161600	2010	12	01	1	0.6	0.6	88881	-1111	2.36423	-1111	3.85711	
7670	1293840000	2011	01	01	1	0.6	0.6	89084	-1111	2.36423	-1111	3.86414	
7701	1296518400	2011	02	01	1	0.6	0.6	89291	-1111	2.28971	-1111	3.85001	
7729	1298937600	2011	03	01	1	0.6	0.6	89484	-1111	2.28971	-1111	3.78637	
7760	1301616000	2011	04	01	1	0.6	0.6	89709	-1111	2.28971	-1111	3.63983	
7790	1304208000	2011	05	01	1	0.6	0.6	89935	-1111	2.28971	-1111	3.71603	
7821	1306886400	2011	06	01	1	0.6	0.6	90104	-1111	2.28971	-1111	3.80402	
7851	1309478400	2011	07	01	1	0.6	0.6	90296	-1111	2.28971	-1111	3.66909	
7882	1312156800	2011	08	01	1	0.6	0.6	90508	-1111	2.28971	-1111	3.91441	
7913	1314835200	2011	09	01	1	0.6	0.6	90708	-1111	2.28971	-1111	3.94872	
7943	1317427200	2011	10	01	1	0.6	0.6	90945	-1111	2.28971	-1111	3.97569	
7974	1320105600	2011	11	01	1	0.6	0.6	91161	-1111	2.28971	-1111	4.05059	
8004	1322697600	2011	12	01	1	0.6	0.6	91411	-1111	2.28971	-1111	4.0886	
8035	1325376000	2012	01	01	1	0.6	0.6	91600	-1111	2.28971	-1111	4.32151	
8066	1328054400	2012	02	01	1	0.6	0.6	91835	-1111	2.39451	-1111	4.2602	
8095	1330560000	2012	03	01	1	0.6	0.6	92073	-1111	2.39451	-1111	4.20468	
8126	1333238400	2012	04	01	1	0.6	0.6	92252	-1111	2.39451	-1111	4.18853	
8156	1335830400	2012	05	01	1	0.6	0.6	92427	-1111	2.39451	-1111	3.9527	
8187	1338508800	2012	06	01	1	0.6	0.6	92650	-1111	2.39451	-1111	3.9722	
8217	1341100800	2012	07	01	1	0.6	0.6	92881	-1111	2.39451	-1111	4.04996	
8248	1343779200	2012	08	01	1	0.6	0.6	93085	-1111	2.39451	-1111	4.02789	
8279	1346457600	2012	09	01	1	0.6	0.6	93332	-1111	2.39451	-1111	4.12285	
8309	1349049600	2012	10	01	1	0.6	0.6	93529	-1111	2.39451	-1111	4.16963	
8340	1351728000	2012	11	01	1	0.6	0.6	93757	-1111	2.39451	-1111	4.20463	
8370	1354320000	2012	12	01	1	0.6	0.6	93993	-1111	2.39451	-1111	4.24235	
8401	1356998400	2013	01	01	1	0.6	0.6	94202	-1111	2.39451	-1111	4.20053	
8432	1359676800	2013	02	01	1	0.6	0.6	94411	-1111	2.51945	-1111	4.333	
8460	1362096000	2013	03	01	1	0.6	0.6	94598	-1111	2.51945	-1111	4.41061	
8491	1364774400	2013	04	01	1	0.6	0.6	94837	-1111	2.51945	-1111	4.20857	
8521	1367366400	2013	05	01	1	0.6	0.6	95087	-1111	2.51945	-1111	4.23757	
8552	1370044800	2013	06	01	1	0.6	0.6	95345	-1111	2.51945	-1111	3.89793	
8582	1372636800	2013	07	01	1	0.6	0.6	95537	-1111	2.51945	-1111	4.10049	
8613	1375315200	2013	08	01	1	0.6	0.6	95752	-1111	2.51945	-1111	4.04032	
8644	1377993600	2013	09	01	1	0.6	0.6	96005	-1111	2.51945	-1111	4.07065	
8674	1380585600	2013	10	01	1	0.6	0.6	96224	-1111	2.51945	-1111	4.12506	
8705	1383264000	2013	11	01	1	0.6	0.6	96454	-1111	2.51945	-1111	4.08371	
8735	1385856000	2013	12	01	1	0.6	0.6	96678	-1111	2.51945	-1111	4.0296	
8766	1388534400	2014	01	01	1	0.6	0.6	96916	-1111	2.51945	-1111	3.91145	
8797	1391212800	2014	02	01	1	0.6	0.6	97200	-1111	2.48394	-1111	3.94838	
8825	1393632000	2014	03	01	1	0.6	0.6	97388	-1111	2.48394	-1111	3.99919	
8856	1396310400	2014	04	01	1	0.6	0.6	97652	-1111	2.48394	-1111	4.27526	
8886	1398902400	2014	05	01	1	0.6	0.6	97893	-1111	2.48394	-1111	4.31692	
8917	1401580800	2014	06	01	1	0.6	0.6	98107	-1111	2.48394	-1111	4.24679	
8947	1404172800	2014	07	01	1	0.6	0.6	98330	-1111	2.48394	-1111	4.25175	
8978	1406851200	2014	08	01	1	0.6	0.6	98556	-1111	2.48394	-1111	4.31419	
9009	1409529600	2014	09	01	1	0.6	0.6	98775	-1111	2.48394	-1111	4.41369	
9039	1412121600	2014	10	01	1	0.6	0.6	99038	-1111	2.48394	-1111	4.45766	
9070	1414800000	2014	11	01	1	0.6	0.6	99241	-1111	2.48394	-1111	4.54995	
9100	1417392000	2014	12	01	1	0.6	0.6	99482	-1111	2.48394	-1111	4.49779	
9131	1420070400	2015	01	01	1	0.6	0.6	99723	-1111	2.48394	-1111	4.46341	
9162	1422748800	2015	02	01	1	0.6	0.6	99922	-1111	2.53467	-1111	4.54867	
9190	1425168000	2015	03	01	1	0.6	0.6	100153	-1111	2.53467	-1111	4.37802	
9221	1427846400	2015	04	01	1	0.6	0.6	100402	-1111	2.53467	-1111	4.52804	
9251	1430438400	2015	05	01	1	0.6	0.6	100662	-1111	2.53467	-1111	4.36545	
9282	1433116800	2015	06	01	1	0.6	0.6	100891	-1111	2.53467	-1111	4.43004	
9312	1435708800	2015	07	01	1	0.6	0.6	101124	-1111	2.53467	-1111	4.30974	
9343	1438387200	2015	08	01	1	0.6	0.6	101381	-1111	2.53467	-1111	4.32698	
9374	1441065600	2015	09	01	1	0.6	0.6	101634	-1111	2.53467	-1111	4.33793	
9404	1443657600	2015	10	01	1	0.6	0.6	101871	-1111	2.53467	-1111	4.42297	
9435	1446336000	2015	11	01	1	0.6	0.6	102130	-1111	2.53467	-1111	4.40488	
9465	1448928000	2015	12	01	1	0.6	0.6	102354	-1111	2.53467	-1111	4.4859	
9496	1451606400	2016	01	01	1	0.6	0.6	102588	-1111	2.53467	-1111	4.59731	
9527	1454284800	2016	02	01	1	0.6	0.6	102837	-1111	2.61228	-1111	4.5401	
9556	1456790400	2016	03	01	1	0.6	0.6	103043	-1111	2.61228	-1111	4.51834	
9587	1459468800	2016	04	01	1	0.6	0.6	103276	-1111	2.61228	-1111	4.63338	
9617	1462060800	2016	05	01	1	0.6	0.6	103499	-1111	2.61228	-1111	4.56107	
9648	1464739200	2016	06	01	1	0.6	0.6	103773	-1111	2.61228	-1111	4.49595	
9678	1467331200	2016	07	01	1	0.6	0.6	104008	-1111	2.61228	-1111	4.41779	
9709	1470009600	2016	08	01	1	0.6	0.6	104277	-1111	2.61228	-1111	4.43059	
9740	1472688000	2016	09	01	1	0.6	0.6	104555	-1111	2.61228	-1111	4.62397	
9770	1475280000	2016	10	01	1	0.6	0.6	104740	-1111	2.61228	-1111	4.40012	
9801	1477958400	2016	11	01	1	0.6	0.6	104977	-1111	2.61228	-1111	4.48507	
9831	1480550400	2016	12	01	1	0.6	0.6	105222	-1111	2.61228	-1111	4.51519	
9862	1483228800	2017	01	01	1	0.6	0.6	105484	-1111	2.61228	-1111	4.40282	
9893	1485907200	2017	02	01	1	0.6	0.6	105713	-1111	2.67914	-1111	4.5601	
9921	1488326400	2017	03	01	1	0.6	0.6	105933	-1111	2.67914	-1111	4.67196	
9952	1491004800	2017	04	01	1	0.6	0.6	106172	-1111	2.67914	-1111	4.50006	
9982	1493596800	2017	05	01	1	0.6	0.6	106422	-1111	2.67914	-1111	4.54195	
10013	1496275200	2017	06	01	1	0.6	0.6	106653	-1111	2.67914	-1111	4.43458	
10043	1498867200	2017	07	01	1	0.6	0.6	106842	-1111	2.67914	-1111	4.5837	
10074	1501545600	2017	08	01	1	0.6	0.6	107060	-1111	2.67914	-1111	4.57383	
10105	1504224000	2017	09	01	1	0.6	0.6	107325	-1111	2.67914	-1111	4.72014	
10135	1506816000	2017	10	01	1	0.6	0.6	107565	-1111	2.67914	-1111	4.76916	
10166	1509494400	2017	11	01	1	0.6	0.6	107809	-1111	2.67914	-1111	4.64595	
10196	1512086400	2017	12	01	1	0.6	0.6	108043	-1111	2.67914	-1111	4.55875	
10227	1514764800	2018	01	01	1	0.6	0.6	108290	-1111	2.67914	-1111	4.6105	
10258	1517443200	2018	02	01	1	0.6	0.6	108540	-1111	2.70454	-1111	4.62966	
10286	1519862400	2018	03	01	1	0.6	0.6	108788	-1111	2.70454	-1111	4.62025	
10317	1522540800	2018	04	01	1	0.6	0.6	109056	-1111	2.70454	-1111	4.69803	
10347	1525132800	2018	05	01	1	0.6	0.6	109282	-1111	2.70454	-1111	4.54953	
10378	1527811200	2018	06	01	1	0.6	0.6	109542	-1111	2.70454	-1111	4.63505	
10408	1530403200	2018	07	01	1	0.6	0.6	109770	-1111	2.70454	-1111	4.5244	
10439	1533081600	2018	08	01	1	0.6	0.6	110049	-1111	2.70454	-1111	4.57595	
10470	1535760000	2018	09	01	1	0.6	0.6	110309	-1111	2.70454	-1111	4.28784	
10500	1538352000	2018	10	01	1	0.6	0.6	110553	-1111	2.70454	-1111	4.34184	
10531	1541030400	2018	11	01	1	0.6	0.6	110828	-1111	2.70454	-1111	4.56903	
10561	1543622400	2018	12	01	1	0.6	0.6	111078	-1111	2.70454	-1111	4.65779	
10592	1546300800	2019	01	01	1	0.6	0.6	111329	-1111	2.70454	-1111	4.62856	
10623	1548979200	2019	02	01	1	0.6	0.6	111604	-1111	2.66867	-1111	4.54004	
10651	1551398400	2019	03	01	1	0.6	0.6	111853	-1111	2.66867	-1111	4.39004	
10682	1554076800	2019	04	01	1	0.6	0.6	112125	-1111	2.66867	-1111	4.36937	
10712	1556668800	2019	05	01	1	0.6	0.6	112413	-1111	2.66867	-1111	4.53912	
10743	1559347200	2019	06	01	1	0.6	0.6	112661	-1111	2.66867	-1111	4.6603	
10773	1561939200	2019	07	01	1	0.6	0.6	112922	-1111	2.66867	-1111	4.78917	
10804	1564617600	2019	08	01	1	0.6	0.6	113177	-1111	2.66867	-1111	4.56672	
10835	1567296000	2019	09	01	1	0.6	0.6	113432	-1111	2.66867	-1111	4.58079	
10865	1569888000	2019	10	01	1	0.6	0.6	113697	-1111	2.66867	-1111	4.52727	
10896	1572566400	2019	11	01	1	0.6	0.6	113953	-1111	2.66867	-1111	4.43182	
10926	1575158400	2019	12	01	1	0.6	0.6	114221	-1111	2.66867	-1111	4.63854	
10957	1577836800	2020	01	01	1	0.6	0.6	114494	-1111	2.66867	-1111	4.71831	
10988	1580515200	2020	02	01	1	0.6	0.6	114757	-1111	2.67747	-1111	4.75148	
11017	1583020800	2020	03	01	1	0.6	0.6	115043	-1111	2.67747	-1111	4.9341	
11048	1585699200	2020	04	01	1	0.6	0.6	115314	-1111	2.67747	-1111	4.93049	
11078	1588291200	2020	05	01	1	0.6	0.6	115563	-1111	2.67747	-1111	4.95016	
11109	1590969600	2020	06	01	1	0.6	0.6	115844	-1111	2.67747	-1111	4.73975	
11139	1593561600	2020	07	01	1	0.6	0.6	116087	-1111	2.67747	-1111	4.90621	
11170	1596240000	2020	08	01	1	0.6	0.6	116324	-1111	2.67747	-1111	4.70469	
11201	1598918400	2020	09	01	1	0.6	0.6	116591	-1111	2.67747	-1111	4.8052	
11231	1601510400	2020	10	01	1	0.6	0.6	116884	-1111	2.67747	-1111	4.82397	
11262	1604188800	2020	11	01	1	0.6	0.6	117137	-1111	2.67747	-1111	4.66363	
11292	1606780800	2020	12	01	1	0.6	0.6	117391	-1111	2.67747	-1111	4.63136	
11323	1609459200	2021	01	01	1	0.6	0.6	117655	-1111	2.67747	-1111	4.64512	
11354	1612137600	2021	02	01	1	0.6	0.6	117928	-1111	2.81463	-1111	4.42907	
11382	1614556800	2021	03	01	1	0.6	0.6	118190	-1111	2.81463	-1111	4.39324	
11413	1617235200	2021	04	01	1	0.6	0.6	118462	-1111	2.81463	-1111	4.48512	
11443	1619827200	2021	05	01	1	0.6	0.6	118740	-1111	2.81463	-1111	4.72342	
11474	1622505600	2021	06	01	1	0.6	0.6	119011	-1111	2.81463	-1111	4.84338	
11504	1625097600	2021	07	01	1	0.6	0.6	119276	-1111	2.81463	-1111	4.70503	
11535	1627776000	2021	08	01	1	0.6	0.6	119552	-1111	2.81463	-1111	4.72235	
11566	1630454400	2021	09	01	1	0.6	0.6	119828	-1111	2.81463	-1111	4.71141	
11596	1633046400	2021	10	01	1	0.6	0.6	120091	-1111	2.81463	-1111	4.7864	
11627	1635724800	2021	11	01	1	0.6	0.6	120328	-1111	2.81463	-1111	4.59826	
11657	1638316800	2021	12	01	1	0.6	0.6	120614	-1111	2.81463	-1111	4.52266	
11688	1640995200	2022	01	01	1	0.6	0.6	120905	-1111	2.81463	-1111	4.28415	
11719	1643673600	2022	02	01	1	0.6	0.6	121212	-1111	2.71425	-1111	4.41276	
11747	1646092800	2022	03	01	1	0.6	0.6	121490	-1111	2.71425	-1111	4.36359	
11778	1648771200	2022	04	01	1	0.6	0.6	121769	-1111	2.71425	-1111	4.47909	
11808	1651363200	2022	05	01	1	0.6	0.6	122059	-1111	2.71425	-1111	4.54095	
11839	1654041600	2022	06	01	1	0.6	0.6	122339	-1111	2.71425	-1111	4.65487	
11869	1656633600	2022	07	01	1	0.6	0.6	122566	-1111	2.71425	-1111	4.82697	
11900	1659312000	2022	08	01	1	0.6	0.6	122813	-1111	2.71425	-1111	4.97796	
11931	1661990400	2022	09	01	1	0.6	0.6	123114	-1111	2.71425	-1111	4.90311	
11961	1664582400	2022	10	01	1	0.6	0.6	123414	-1111	2.71425	-1111	4.61616	
11992	1667260800	2022	11	01	1	0.6	0.6	123722	-1111	2.71425	-1111	4.50263	
12022	1669852800	2022	12	01	1	0.6	0.6	124031	-1111	2.71425	-1111	4.60157	
12053	1672531200	2023	01	01	1	0.6	0.6	124309	-1111	2.71425	-1111	4.7483	
12084	1675209600	2023	02	01	1	0.6	0.6	124588	-1111	2.70405	-1111	4.83815	
12112	1677628800	2023	03	01	1	0.6	0.6	124853	-1111	2.70405	-1111	4.87561	
12143	1680307200	2023	04	01	1	0.6	0.6	125161	-1111	2.70405	-1111	5.07746	
12173	1682899200	2023	05	01	1	0.6	0.6	125431	-1111	2.70405	-1111	5.0275	
12204	1685577600	2023	06	01	1	0.6	0.6	125723	-1111	2.70405	-1111	5.12486	
12234	1688169600	2023	07	01	1	0.6	0.6	125996	-1111	2.70405	-1111	5.18096	
12265	1690848000	2023	08	01	1	0.6	0.6	126289	-1111	2.70405	-1111	4.91433	
12296	1693526400	2023	09	01	1	0.6	0.6	126600	-1111	2.70405	-1111	4.85056	
12326	1696118400	2023	10	01	1	0.6	0.6	126895	-1111	2.70405	-1111	4.85266	
12357	1698796800	2023	11	01	1	0.6	0.6	127218	-1111	2.70405	-1111	4.77128	
12387	1701388800	2023	12	01	1	0.6	0.6	127493	-1111	2.70405	-1111	4.70108	
12418	1704067200	2024	01	01	1	0.6	0.6	127770	-1111	2.70405	-1111	4.56536	
12449	1706745600	2024	02	01	1	0.6	0.6	128105	-1111	2.84221	-1111	4.54448	
12478	1709251200	2024	03	01	1	0.6	0.6	128430	-1111	2.84221	-1111	4.62653	
12509	1711929600	2024	04	01	1	0.6	0.6	128740	-1111	2.84221	-1111	4.64678	
12539	1714521600	2024	05	01	1	0.6	0.6	129057	-1111	2.84221	-1111	4.72047	
12570	1717200000	2024	06	01	1	0.6	0.6	129382	-1111	2.84221	-1111	4.4768	
12600	1719792000	2024	07	01	1	0.6	0.6	129663	-1111	2.84221	-1111	4.38644	
12631	1722470400	2024	08	01	1	0.6	0.6	129978	-1111	2.84221	-1111	4.37117	
12662	1725148800	2024	09	01	1	0.6	0.6	130274	-1111	2.84221	-1111	4.16541	
12692	1727740800	2024	10	01	1	0.6	0.6	130555	-1111	2.84221	-1111	4.241	
12723	1730419200	2024	11	01	1	0.6	0.6	130847	-1111	2.84221	-1111	4.44365	
12753	1733011200	2024	12	01	1	0.6	0.6	131111	-1111	2.84221	-1111	4.50082	
12784	1735689600	2025	01	01	1	0.6	0.6	131374	-1111	2.84221	-1111	4.52609	
12815	1738368000	2025	02	01	1	0.6	0.6	131683	-1111	2.58029	-1111	4.52394	
12843	1740787200	2025	03	01	1	0.6	0.6	131942	-1111	2.58029	-1111	4.62086	
12874	1743465600	2025	04	01	1	0.6	0.6	132260	-1111	2.58029	-1111	4.57226	
12904	1746057600	2025	05	01	1	0.6	0.6	132561	-1111	2.58029	-1111	4.40659	
12935	1748736000	2025	06	01	1	0.6	0.6	132887	-1111	2.58029	-1111	4.66069	
12965	1751328000	2025	07	01	1	0.6	0.6	133157	-1111	2.58029	-1111	4.68456	
12996	1754006400	2025	08	01	1	0.6	0.6	133478	-1111	2.58029	-1111	4.64966	
13027	1756684800	2025	09	01	1	0.6	0.6	133825	-1111	2.58029	-1111	4.52204	
13057	1759276800	2025	10	01	1	0.6	0.6	134129	-1111	2.58029	-1111	4.38353	
13088	1761955200	2025	11	01	1	0.6	0.6	134429	-1111	2.58029	-1111	4.50086	
13118	1764547200	2025	12	01	1	0.6	0.6	134740	-1111	2.58029	-1111	4.40634	
13149	1767225600	2026	01	01	1	0.6	0.6	135015	-1111	2.58029	-1111	4.56919	
13180	1769904000	2026	02	01	1	0.6	0.6	135329	-1111	2.67024	-1111	4.69888	
13208	1772323200	2026	03	01	1	0.6	0.6	135615	-1111	2.67024	-1111	4.5693	
13239	1775001600	2026	04	01	1	0.6	0.6	135894	-1111	2.67024	-1111	4.54951	
13269	1777593600	2026	05	01	1	0.6	0.6	136181	-1111	2.67024	-1111	4.59493	
13300	1780272000	2026	06	01	1	0.6	0.6	136567	-1111	2.67024	-1111	4.68352	
13330	1782864000	2026	07	01	1	0.6	0.6	136890	-1111	2.67024	-1111	4.82968	
13361	1785542400	2026	08	01	1	0.6	0.6	137246	-1111	2.67024	-1111	4.75987	
13392	1788220800	2026	09	01	1	0.6	0.6	137610	-1111	2.67024	-1111	4.63938	
13422	1790812800	2026	10	01	1	0.6	0.6	137935	-1111	2.67024	-1111	4.5736	
13453	1793491200	2026	11	01	1	0.6	0.6	138252	-1111	2.67024	-1111	4.45648	
13483	1796083200	2026	12	01	1	0.6	0.6	138612	-1111	2.67024	-1111	4.36655	
13514	1798761600	2027	01	01	1	0.6	0.6	138914	-1111	2.67024	-1111	4.22651	
13545	1801440000	2027	02	01	1	0.6	0.6	139252	-1111	2.68133	-1111	4.31178	
13573	1803859200	2027	03	01	1	0.6	0.6	139561	-1111	2.68133	-1111	4.32422	
13604	1806537600	2027	04	01	1	0.6	0.6	139885	-1111	2.68133	-1111	4.2595	
13634	1809129600	2027	05	01	1	0.6	0.6	140197	-1111	2.68133	-1111	4.35014	
13665	1811808000	2027	06	01	1	0.6	0.6	140529	-1111	2.68133	-1111	4.40441	
13695	1814400000	2027	07	01	1	0.6	0.6	140881	-1111	2.68133	-1111	4.33946	
13726	1817078400	2027	08	01	1	0.6	0.6	141213	-1111	2.68133	-1111	4.26912	
13757	1819756800	2027	09	01	1	0.6	0.6	141549	-1111	2.68133	-1111	4.24894	
13787	1822348800	2027	10	01	1	0.6	0.6	141934	-1111	2.68133	-1111	4.23046	
13818	1825027200	2027	11	01	1	0.6	0.6	142246	-1111	2.68133	-1111	4.22434	
13848	1827619200	2027	12	01	1	0.6	0.6	142526	-1111	2.68133	-1111	4.3754	
13879	1830297600	2028	01	01	1	0.6	0.6	142835	-1111	2.68133	-1111	4.4101	
13910	1832976000	2028	02	01	1	0.6	0.6	143174	-1111	2.51751	-1111	4.43334	
13939	1835481600	2028	03	01	1	0.6	0.6	143504	-1111	2.51751	-1111	4.29848	
13970	1838160000	2028	04	01	1	0.6	0.6	143840	-1111	2.51751	-1111	4.24146	
14000	1840752000	2028	05	01	1	0.6	0.6	144187	-1111	2.51751	-1111	4.22789	
14031	1843430400	2028	06	01	1	0.6	0.6	144532	-1111	2.51751	-1111	4.35646	
14061	1846022400	2028	07	01	1	0.6	0.6	144868	-1111	2.51751	-1111	4.29632	
14092	1848700800	2028	08	01	1	0.6	0.6	145196	-1111	2.51751	-1111	4.42495	
14123	1851379200	2028	09	01	1	0.6	0.6	145523	-1111	2.51751	-1111	4.45922	
14153	1853971200	2028	10	01	1	0.6	0.6	145829	-1111	2.51751	-1111	4.32076	
14184	1856649600	2028	11	01	1	0.6	0.6	146184	-1111	2.51751	-1111	4.33479	
14214	1859241600	2028	12	01	1	0.6	0.6	146477	-1111	2.51751	-1111	4.38648	
14245	1861920000	2029	01	01	1	0.6	0.6	146809	-1111	2.51751	-1111	4.24284	
14276	1864598400	2029	02	01	1	0.6	0.6	147176	-1111	2.56711	-1111	4.34482	
14304	1867017600	2029	03	01	1	0.6	0.6	147497	-1111	2.56711	-1111	4.38459	
14335	1869696000	2029	04	01	1	0.6	0.6	147902	-1111	2.56711	-1111	4.28859	
14365	1872288000	2029	05	01	1	0.6	0.6	148231	-1111	2.56711	-1111	4.36687	
14396	1874966400	2029	06	01	1	0.6	0.6	148559	-1111	2.56711	-1111	4.38089	
14426	1877558400	2029	07	01	1	0.6	0.6	148948	-1111	2.56711	-1111	4.52555	
14457	1880236800	2029	08	01	1	0.6	0.6	149272	-1111	2.56711	-1111	4.50785	
14488	1882915200	2029	09	01	1	0.6	0.6	149655	-1111	2.56711	-1111	4.56231	
14518	1885507200	2029	10	01	1	0.6	0.6	149984	-1111	2.56711	-1111	4.68482	
14549	1888185600	2029	11	01	1	0.6	0.6	150368	-1111	2.56711	-1111	4.83293	
14579	1890777600	2029	12	01	1	0.6	0.6	150688	-1111	2.56711	-1111	4.83729	
14610	1893456000	2030	01	01	1	0.6	0.6	151064	-1111	2.56711	-1111	4.84263	
