0	631152000	1990	01	01	1	0.6	0.5	50000	-1111	0	-1111	4.85324	
31	633830400	1990	02	01	1	0	0	50088	-1111	0	-1111	12.1951	
59	636249600	1990	03	01	1	0	0	50204	-1111	0	-1111	15.0533	
90	638928000	1990	04	01	1	0	0	50303	-1111	0	-1111	14.9496	
120	641520000	1990	05	01	1	0	0	50401	-1111	0	-1111	17.5038	
151	644198400	1990	06	01	1	0	0	50519	-1111	0	-1111	18.7174	
181	646790400	1990	07	01	1	0	0	50617	-1111	0	-1111	19.5925	
212	649468800	1990	08	01	1	0	0	50734	-1111	0	-1111	20.1517	
243	652147200	1990	09	01	1	0	0	50831	-1111	0	-1111	20.5827	
273	654739200	1990	10	01	1	0	0	50954	-1111	0	-1111	20.1703	
304	657417600	1990	11	01	1	0	0	51080	-1111	0	-1111	19.4306	
334	660009600	1990	12	01	1	0	0	51190	-1111	0	-1111	18.566	
365	662688000	1991	01	01	1	0	0	51298	-1111	0	-1111	17.6314	
396	665366400	1991	02	01	1	0	0	51374	-1111	0	-1111	16.4765	
424	667785600	1991	03	01	1	0	0	51503	-1111	0	-1111	15.0033	
455	670464000	1991	04	01	1	0	0	51647	-1111	0	-1111	13.7429	
485	673056000	1991	05	01	1	0	0	51741	-1111	0	-1111	12.1172	
516	675734400	1991	06	01	1	0	0	51883	-1111	0	-1111	10.841	
546	678326400	1991	07	01	1	0	0	51984	-1111	0	-1111	10.2011	
577	681004800	1991	08	01	1	0	0	52111	-1111	0	-1111	8.88659	
608	683683200	1991	09	01	1	0	0	52227	-1111	0	-1111	8.05434	
638	686275200	1991	10	01	1	0	0	52355	-1111	0	-1111	7.17111	
669	688953600	1991	11	01	1	0	0	52490	-1111	0	-1111	6.55258	
699	691545600	1991	12	01	1	0	0	52595	-1111	0	-1111	6.45673	
730	694224000	1992	01	01	1	0	0	52712	-1111	0	-1111	6.43598	
761	696902400	1992	02	01	1	0	0	52828	-1111	5.15161	-1111	6.14208	
790	699408000	1992	03	01	1	0	0	52931	-1111	5.15161	-1111	6.06175	
821	702086400	1992	04	01	1	0	0	53074	-1111	5.15161	-1111	5.64095	
851	704678400	1992	05	01	1	0	0	53206	-1111	5.15161	-1111	5.49376	
882	707356800	1992	06	01	1	0	0	53345	-1111	5.15161	-1111	5.30967	
912	709948800	1992	07	01	1	0	0	53459	-1111	5.15161	-1111	5.48762	
943	712627200	1992	08	01	1	0	0	53578	-1111	5.15161	-1111	5.98735	
974	715305600	1992	09	01	1	0	0	53673	-1111	5.15161	-1111	6.15593	
1004	717897600	1992	10	01	1	0	0	53789	-1111	5.15161	-1111	6.30258	
1035	720576000	1992	11	01	1	0	0	53918	-1111	5.15161	-1111	6.59275	
1065	723168000	1992	12	01	1	0	0	54035	-1111	5.15161	-1111	6.66267	
1096	725846400	1993	01	01	1	0	0	54161	-1111	5.15161	-1111	6.74929	
1127	728524800	1993	02	01	1	0	0	54278	-1111	3.14479	-1111	6.72847	
1155	730944000	1993	03	01	1	0	0	54388	-1111	3.14479	-1111	6.99687	
1186	733622400	1993	04	01	1	0	0	54509	-1111	3.14479	-1111	7.27178	
1216	736214400	1993	05	01	1	0	0	54622	-1111	3.14479	-1111	7.6969	
1247	738892800	1993	06	01	1	0	0	54751	-1111	3.14479	-1111	7.93155	
1277	741484800	1993	07	01	1	0	0	54869	-1111	3.14479	-1111	8.15173	
1308	744163200	1993	08	01	1	0	0	54982	-1111	3.14479	-1111	8.26416	
1339	746841600	1993	09	01	1	0	0	55103	-1111	3.14479	-1111	8.44883	
1369	749433600	1993	10	01	1	0	0	55222	-1111	3.14479	-1111	8.57566	
1400	752112000	1993	11	01	1	0	0	55347	-1111	3.14479	-1111	8.45756	
1430	754704000	1993	12	01	1	0	0	55491	-1111	3.14479	-1111	9.00841	
1461	757382400	1994	01	01	1	0	0	55613	-1111	3.14479	-1111	8.93081	
1492	760060800	1994	02	01	1	0	0	55750	-1111	4.31034	-1111	9.21887	
1520	762480000	1994	03	01	1	0	0	55866	-1111	4.31034	-1111	9.32097	
1551	765158400	1994	04	01	1	0	0	56000	-1111	4.31034	-1111	9.16899	
1581	767750400	1994	05	01	1	0	0	56137	-1111	4.31034	-1111	9.43272	
1612	770428800	1994	06	01	1	0	0	56292	-1111	4.31034	-1111	9.12419	
1642	773020800	1994	07	01	1	0	0	56411	-1111	4.31034	-1111	8.68323	
1673	775699200	1994	08	01	1	0	0	56536	-1111	4.31034	-1111	8.44089	
1704	778377600	1994	09	01	1	0	0	56659	-1111	4.31034	-1111	8.61248	
1734	780969600	1994	10	01	1	0	0	56785	-1111	4.31034	-1111	8.62739	
1765	783648000	1994	11	01	1	0	0	56899	-1111	4.31034	-1111	8.36875	
1795	786240000	1994	12	01	1	0	0	57019	-1111	4.31034	-1111	8.3742	
1826	788918400	1995	01	01	1	0	0	57125	-1111	4.31034	-1111	7.97519	
1857	791596800	1995	02	01	1	0	0	57245	-1111	4.40064	-1111	7.61662	
1885	794016000	1995	03	01	1	0	0	57374	-1111	4.40064	-1111	7.55966	
1916	796694400	1995	04	01	1	0	0	57526	-1111	4.40064	-1111	7.57499	
1946	799286400	1995	05	01	1	0	0	57657	-1111	4.40064	-1111	7.54457	
1977	801964800	1995	06	01	1	0	0	57787	-1111	4.40064	-1111	7.79926	
2007	804556800	1995	07	01	1	0	0	57949	-1111	4.40064	-1111	7.42349	
2038	807235200	1995	08	01	1	0	0	58072	-1111	4.40064	-1111	7.38649	
2069	809913600	1995	09	01	1	0	0	58225	-1111	4.40064	-1111	7.85321	
2099	812505600	1995	10	01	1	0	0	58362	-1111	4.40064	-1111	7.54785	
2130	815184000	1995	11	01	1	0	0	58476	-1111	4.40064	-1111	7.27942	
2160	817776000	1995	12	01	1	0	0	58598	-1111	4.40064	-1111	7.88734	
2191	820454400	1996	01	01	1	0	0	58723	-1111	4.40064	-1111	8.16986	
2222	823132800	1996	02	01	1	0	0	58868	-1111	3.89921	-1111	8.39492	
2251	825638400	1996	03	01	1	0	0	58981	-1111	3.89921	-1111	8.45343	
2282	828316800	1996	04	01	1	0	0	59111	-1111	3.89921	-1111	8.3381	
2312	830908800	1996	05	01	1	0	0	59263	-1111	3.89921	-1111	8.13206	
2343	833587200	1996	06	01	1	0	0	59402	-1111	3.89921	-1111	7.96038	
2373	836179200	1996	07	01	1	0	0	59541	-1111	3.89921	-1111	8.13002	
2404	838857600	1996	08	01	1	0	0	59662	-1111	3.89921	-1111	8.43819	
2435	841536000	1996	09	01	1	0	0	59809	-1111	3.89921	-1111	8.67836	
2465	844128000	1996	10	01	1	0	0	59950	-1111	3.89921	-1111	8.75275	
2496	846806400	1996	11	01	1	0	0	60089	-1111	3.89921	-1111	8.56373	
2526	849398400	1996	12	01	1	0	0	60218	-1111	3.89921	-1111	8.27084	
2557	852076800	1997	01	01	1	0	0	60334	-1111	3.89921	-1111	7.9966	
2588	854755200	1997	02	01	1	0	0	60456	-1111	4.29607	-1111	7.99546	
2616	857174400	1997	03	01	1	0	0	60569	-1111	4.29607	-1111	8.25318	
2647	859852800	1997	04	01	1	0	0	60700	-1111	4.29607	-1111	7.95262	
2677	862444800	1997	05	01	1	0	0	60842	-1111	4.29607	-1111	8.14085	
2708	865123200	1997	06	01	1	0	0	60982	-1111	4.29607	-1111	8.13088	
2738	867715200	1997	07	01	1	0	0	61104	-1111	4.29607	-1111	8.0784	
2769	870393600	1997	08	01	1	0	0	61241	-1111	4.29607	-1111	8.23554	
2800	873072000	1997	09	01	1	0	0	61394	-1111	4.29607	-1111	8.29275	
2830	875664000	1997	10	01	1	0	0	61521	-1111	4.29607	-1111	8.1484	
2861	878342400	1997	11	01	1	0	0	61636	-1111	4.29607	-1111	7.75946	
2891	880934400	1997	12	01	1	0	0	61774	-1111	4.29607	-1111	7.80515	
2922	883612800	1998	01	01	1	0	0	61921	-1111	4.29607	-1111	7.76672	
2953	886291200	1998	02	01	1	0	0	62065	-1111	3.9913	-1111	7.97296	
2981	888710400	1998	03	01	1	0	0	62203	-1111	3.9913	-1111	8.08748	
3012	891388800	1998	04	01	1	0	0	62347	-1111	3.9913	-1111	7.75247	
3042	893980800	1998	05	01	1	0	0	62508	-1111	3.9913	-1111	7.73907	
3073	896659200	1998	06	01	1	0	0	62650	-1111	3.9913	-1111	7.98039	
3103	899251200	1998	07	01	1	0	0	62779	-1111	3.9913	-1111	8.16077	
3134	901929600	1998	08	01	1	0	0	62901	-1111	3.9913	-1111	8.1652	
3165	904608000	1998	09	01	1	0	0	63054	-1111	3.9913	-1111	8.05428	
3195	907200000	1998	10	01	1	0	0	63183	-1111	3.9913	-1111	7.80829	
3226	909878400	1998	11	01	1	0	0	63314	-1111	3.9913	-1111	7.83682	
3256	912470400	1998	12	01	1	0	0	63467	-1111	3.9913	-1111	8.05136	
3287	915148800	1999	01	01	1	0	0	63615	-1111	3.9913	-1111	8.17908	
3318	917827200	1999	02	01	1	0	0	63763	-1111	4.09674	-1111	8.19158	
3346	920246400	1999	03	01	1	0	0	63887	-1111	4.09674	-1111	8.34443	
3377	922924800	1999	04	01	1	0	0	64022	-1111	4.09674	-1111	8.236	
3407	925516800	1999	05	01	1	0	0	64169	-1111	4.09674	-1111	8.22036	
3438	928195200	1999	06	01	1	0	0	64301	-1111	4.09674	-1111	8.18104	
3468	930787200	1999	07	01	1	0	0	64443	-1111	4.09674	-1111	8.09313	
3499	933465600	1999	08	01	1	0	0	64584	-1111	4.09674	-1111	7.85023	
3530	936144000	1999	09	01	1	0	0	64733	-1111	4.09674	-1111	8.20156	
3560	938736000	1999	10	01	1	0	0	64862	-1111	4.09674	-1111	8.2946	
3591	941414400	1999	11	01	1	0	0	64985	-1111	4.09674	-1111	8.61641	
3621	944006400	1999	12	01	1	0	0	65143	-1111	4.09674	-1111	8.63473	
3652	946684800	2000	01	01	1	0	0	65271	-1111	4.09674	-1111	8.82449	
3683	949363200	2000	02	01	1	0.6	0.6	65428	-1111	4.17326	-1111	7.32258	
3712	951868800	2000	03	01	1	0.6	0.6	65557	-1111	4.17326	-1111	5.2136	
3743	954547200	2000	04	01	1	0.6	0.6	65726	-1111	4.17326	-1111	3.99007	
3773	957139200	2000	05	01	1	0.6	0.6	65885	-1111	4.17326	-1111	3.24885	
3804	959817600	2000	06	01	1	0.6	0.6	66050	-1111	4.17326	-1111	2.85643	
3834	962409600	2000	07	01	1	0.6	0.6	66199	-1111	4.17326	-1111	2.49657	
3865	965088000	2000	08	01	1	0.6	0.6	66381	-1111	4.17326	-1111	2.15034	
3896	967766400	2000	09	01	1	0.6	0.6	66517	-1111	4.17326	-1111	1.87019	
3926	970358400	2000	10	01	1	0.6	0.6	66673	-1111	4.17326	-1111	1.94857	
3957	973036800	2000	11	01	1	0.6	0.6	66835	-1111	4.17326	-1111	1.74129	
3987	975628800	2000	12	01	1	0.6	0.6	67002	-1111	4.17326	-1111	1.66005	
4018	978307200	2001	01	01	1	0.6	0.6	67146	-1111	4.17326	-1111	1.5471	
4049	980985600	2001	02	01	1	0.6	0.6	67314	-1111	1.84862	-1111	1.52191	
4077	983404800	2001	03	01	1	0.6	0.6	67482	-1111	1.84862	-1111	1.55833	
4108	986083200	2001	04	01	1	0.6	0.6	67633	-1111	1.84862	-1111	1.48301	
4138	988675200	2001	05	01	1	0.6	0.6	67791	-1111	1.84862	-1111	1.54934	
4169	991353600	2001	06	01	1	0.6	0.6	67979	-1111	1.84862	-1111	1.4358	
4199	993945600	2001	07	01	1	0.6	0.6	68114	-1111	1.84862	-1111	1.44919	
4230	996624000	2001	08	01	1	0.6	0.6	68277	-1111	1.84862	-1111	1.40573	
4261	999302400	2001	09	01	1	0.6	0.6	68437	-1111	1.84862	-1111	1.46578	
4291	1001894400	2001	10	01	1	0.6	0.6	68609	-1111	1.84862	-1111	1.46441	
4322	1004572800	2001	11	01	1	0.6	0.6	68776	-1111	1.84862	-1111	1.39318	
4352	1007164800	2001	12	01	1	0.6	0.6	68943	-1111	1.84862	-1111	1.43538	
4383	1009843200	2002	01	01	1	0.6	0.6	69124	-1111	1.84862	-1111	1.6	
4414	1012521600	2002	02	01	1	0.6	0.6	69263	-1111	0.949855	-1111	1.67495	
4442	1014940800	2002	03	01	1	0.6	0.6	69412	-1111	0.949855	-1111	1.72743	
4473	1017619200	2002	04	01	1	0.6	0.6	69552	-1111	0.949855	-1111	1.74053	
4503	1020211200	2002	05	01	1	0.6	0.6	69705	-1111	0.949855	-1111	1.7567	
4534	1022889600	2002	06	01	1	0.6	0.6	69861	-1111	0.949855	-1111	1.79963	
4564	1025481600	2002	07	01	1	0.6	0.6	70016	-1111	0.949855	-1111	1.81673	
4595	1028160000	2002	08	01	1	0.6	0.6	70194	-1111	0.949855	-1111	2.01606	
4626	1030838400	2002	09	01	1	0.6	0.6	70359	-1111	0.949855	-1111	2.02968	
4656	1033430400	2002	10	01	1	0.6	0.6	70529	-1111	0.949855	-1111	2.19144	
4687	1036108800	2002	11	01	1	0.6	0.6	70690	-1111	0.949855	-1111	2.33547	
4717	1038700800	2002	12	01	1	0.6	0.6	70881	-1111	0.949855	-1111	2.42414	
4748	1041379200	2003	01	01	1	0.6	0.6	71032	-1111	0.949855	-1111	2.58276	
4779	1044057600	2003	02	01	1	0.6	0.6	71189	-1111	1.38294	-1111	2.71379	
4807	1046476800	2003	03	01	1	0.6	0.6	71362	-1111	1.38294	-1111	2.92915	
4838	1049155200	2003	04	01	1	0.6	0.6	71551	-1111	1.38294	-1111	3.02013	
4868	1051747200	2003	05	01	1	0.6	0.6	71712	-1111	1.38294	-1111	3.0929	
4899	1054425600	2003	06	01	1	0.6	0.6	71890	-1111	1.38294	-1111	3.37541	
4929	1057017600	2003	07	01	1	0.6	0.6	72054	-1111	1.38294	-1111	3.34721	
4960	1059696000	2003	08	01	1	0.6	0.6	72205	-1111	1.38294	-1111	3.50683	
4991	1062374400	2003	09	01	1	0.6	0.6	72352	-1111	1.38294	-1111	3.62343	
5021	1064966400	2003	10	01	1	0.6	0.6	72527	-1111	1.38294	-1111	3.32399	
5052	1067644800	2003	11	01	1	0.6	0.6	72703	-1111	1.38294	-1111	3.54482	
5082	1070236800	2003	12	01	1	0.6	0.6	72863	-1111	1.38294	-1111	3.64361	
5113	1072915200	2004	01	01	1	0.6	0.6	73020	-1111	1.38294	-1111	3.94464	
5144	1075593600	2004	02	01	1	0.6	0.6	73196	-1111	2.18624	-1111	3.88276	
5173	1078099200	2004	03	01	1	0.6	0.6	73354	-1111	2.18624	-1111	3.5162	
5204	1080777600	2004	04	01	1	0.6	0.6	73513	-1111	2.18624	-1111	3.60219	
5234	1083369600	2004	05	01	1	0.6	0.6	73649	-1111	2.18624	-1111	3.75534	
5265	1086048000	2004	06	01	1	0.6	0.6	73818	-1111	2.18624	-1111	3.74582	
5295	1088640000	2004	07	01	1	0.6	0.6	74000	-1111	2.18624	-1111	3.75107	
5326	1091318400	2004	08	01	1	0.6	0.6	74179	-1111	2.18624	-1111	3.68348	
5357	1093996800	2004	09	01	1	0.6	0.6	74358	-1111	2.18624	-1111	3.5453	
5387	1096588800	2004	10	01	1	0.6	0.6	74517	-1111	2.18624	-1111	3.92992	
5418	1099267200	2004	11	01	1	0.6	0.6	74712	-1111	2.18624	-1111	4.22093	
5448	1101859200	2004	12	01	1	0.6	0.6	74903	-1111	2.18624	-1111	4.11518	
5479	1104537600	2005	01	01	1	0.6	0.6	75091	-1111	2.18624	-1111	3.92437	
5510	1107216000	2005	02	01	1	0.6	0.6	75269	-1111	2.57726	-1111	3.84575	
5538	1109635200	2005	03	01	1	0.6	0.6	75427	-1111	2.57726	-1111	3.97026	
5569	1112313600	2005	04	01	1	0.6	0.6	75601	-1111	2.57726	-1111	3.86212	
5599	1114905600	2005	05	01	1	0.6	0.6	75761	-1111	2.57726	-1111	3.76705	
5630	1117584000	2005	06	01	1	0.6	0.6	75924	-1111	2.57726	-1111	3.58695	
5660	1120176000	2005	07	01	1	0.6	0.6	76085	-1111	2.57726	-1111	3.65261	
5691	1122854400	2005	08	01	1	0.6	0.6	76263	-1111	2.57726	-1111	3.74504	
5722	1125532800	2005	09	01	1	0.6	0.6	76424	-1111	2.57726	-1111	3.74649	
5752	1128124800	2005	10	01	1	0.6	0.6	76643	-1111	2.57726	-1111	3.69794	
5783	1130803200	2005	11	01	1	0.6	0.6	76802	-1111	2.57726	-1111	3.65356	
5813	1133395200	2005	12	01	1	0.6	0.6	76984	-1111	2.57726	-1111	3.77592	
5844	1136073600	2006	01	01	1	0.6	0.6	77160	-1111	2.57726	-1111	3.6795	
5875	1138752000	2006	02	01	1	0.6	0.6	77338	-1111	2.42821	-1111	3.75917	
5903	1141171200	2006	03	01	1	0.6	0.6	77494	-1111	2.42821	-1111	3.75019	
5934	1143849600	2006	04	01	1	0.6	0.6	77684	-1111	2.42821	-1111	3.80504	
5964	1146441600	2006	05	01	1	0.6	0.6	77850	-1111	2.42821	-1111	4.05557	
5995	1149120000	2006	06	01	1	0.6	0.6	78039	-1111	2.42821	-1111	3.89869	
6025	1151712000	2006	07	01	1	0.6	0.6	78198	-1111	2.42821	-1111	3.83617	
6056	1154390400	2006	08	01	1	0.6	0.6	78379	-1111	2.42821	-1111	3.72176	
6087	1157068800	2006	09	01	1	0.6	0.6	78588	-1111	2.42821	-1111	3.75848	
6117	1159660800	2006	10	01	1	0.6	0.6	78776	-1111	2.42821	-1111	3.54614	
6148	1162339200	2006	11	01	1	0.6	0.6	78983	-1111	2.42821	-1111	3.60833	
6178	1164931200	2006	12	01	1	0.6	0.6	79185	-1111	2.42821	-1111	3.74592	
6209	1167609600	2007	01	01	1	0.6	0.6	79343	-1111	2.42821	-1111	3.62254	
6240	1170288000	2007	02	01	1	0.6	0.6	79524	-1111	2.40011	-1111	3.67265	
6268	1172707200	2007	03	01	1	0.6	0.6	79665	-1111	2.40011	-1111	3.60342	
6299	1175385600	2007	04	01	1	0.6	0.6	79848	-1111	2.40011	-1111	3.59112	
6329	1177977600	2007	05	01	1	0.6	0.6	80021	-1111	2.40011	-1111	3.52889	
6360	1180656000	2007	06	01	1	0.6	0.6	80193	-1111	2.40011	-1111	3.48003	
6390	1183248000	2007	07	01	1	0.6	0.6	80351	-1111	2.40011	-1111	3.47061	
6421	1185926400	2007	08	01	1	0.6	0.6	80536	-1111	2.40011	-1111	3.44743	
6452	1188604800	2007	09	01	1	0.6	0.6	80730	-1111	2.40011	-1111	3.62911	
6482	1191196800	2007	10	01	1	0.6	0.6	80911	-1111	2.40011	-1111	3.47331	
6513	1193875200	2007	11	01	1	0.6	0.6	81059	-1111	2.40011	-1111	3.45334	
6543	1196467200	2007	12	01	1	0.6	0.6	81255	-1111	2.40011	-1111	3.44996	
6574	1199145600	2008	01	01	1	0.6	0.6	81436	-1111	2.40011	-1111	3.36274	
6605	1201824000	2008	02	01	1	0.6	0.6	81650	-1111	2.23006	-1111	3.43956	
6634	1204329600	2008	03	01	1	0.6	0.6	81824	-1111	2.23006	-1111	3.45529	
6665	1207008000	2008	04	01	1	0.6	0.6	82017	-1111	2.23006	-1111	3.40711	
6695	1209600000	2008	05	01	1	0.6	0.6	82203	-1111	2.23006	-1111	3.47356	
6726	1212278400	2008	06	01	1	0.6	0.6	82419	-1111	2.23006	-1111	3.35338	
6756	1214870400	2008	07	01	1	0.6	0.6	82596	-1111	2.23006	-1111	3.35812	
6787	1217548800	2008	08	01	1	0.6	0.6	82771	-1111	2.23006	-1111	3.4773	
6818	1220227200	2008	09	01	1	0.6	0.6	82990	-1111	2.23006	-1111	3.46917	
6848	1222819200	2008	10	01	1	0.6	0.6	83175	-1111	2.23006	-1111	3.58757	
6879	1225497600	2008	11	01	1	0.6	0.6	83380	-1111	2.23006	-1111	3.54637	
6909	1228089600	2008	12	01	1	0.6	0.6	83559	-1111	2.23006	-1111	3.71088	
6940	1230768000	2009	01	01	1	0.6	0.6	83783	-1111	2.23006	-1111	3.65508	
6971	1233446400	2009	02	01	1	0.6	0.6	83992	-1111	2.22004	-1111	3.68746	
6999	1235865600	2009	03	01	1	0.6	0.6	84174	-1111	2.22004	-1111	3.76514	
7030	1238544000	2009	04	01	1	0.6	0.6	84356	-1111	2.22004	-1111	3.77598	
7060	1241136000	2009	05	01	1	0.6	0.6	84542	-1111	2.22004	-1111	3.81891	
7091	1243814400	2009	06	01	1	0.6	0.6	84765	-1111	2.22004	-1111	3.83877	
7121	1246406400	2009	07	01	1	0.6	0.6	84979	-1111	2.22004	-1111	3.89131	
7152	1249084800	2009	08	01	1	0.6	0.6	85173	-1111	2.22004	-1111	3.72598	
7183	1251763200	2009	09	01	1	0.6	0.6	85368	-1111	2.22004	-1111	3.76902	
7213	1254355200	2009	10	01	1	0.6	0.6	85588	-1111	2.22004	-1111	3.68206	
7244	1257033600	2009	11	01	1	0.6	0.6	85789	-1111	2.22004	-1111	3.94816	
7274	1259625600	2009	12	01	1	0.6	0.6	85975	-1111	2.22004	-1111	3.92818	
7305	1262304000	2010	01	01	1	0.6	0.6	86191	-1111	2.22004	-1111	3.84544	
7336	1264982400	2010	02	01	1	0.6	0.6	86386	-1111	2.39134	-1111	3.87126	
7364	1267401600	2010	03	01	1	0.6	0.6	86575	-1111	2.39134	-1111	3.87405	
7395	1270080000	2010	04	01	1	0.6	0.6	86803	-1111	2.39134	-1111	3.8831	
7425	1272672000	2010	05	01	1	0.6	0.6	87005	-1111	2.39134	-1111	3.85633	
7456	1275350400	2010	06	01	1	0.6	0.6	87234	-1111	2.39134	-1111	3.84196	
7486	1277942400	2010	07	01	1	0.6	0.6	87474	-1111	2.39134	-1111	4.03014	
7517	1280620800	2010	08	01	1	0.6	0.6	87702	-1111	2.39134	-1111	3.95726	
7548	1283299200	2010	09	01	1	0.6	0.6	87933	-1111	2.39134	-1111	4.17043	
7578	1285891200	2010	10	01	1	0.6	0.6	88129	-1111	2.39134	-1111	4.08751	
7609	1288569600	2010	11	01	1	0.6	0.6	88366	-1111	2.39134	-1111	4.2347	
7639	1291161600	2010	12	01	1	0.6	0.6	88557	-1111	2.39134	-1111	4.22119	
7670	1293840000	2011	01	01	1	0.6	0.6	88782	-1111	2.39134	-1111	4.12869	
7701	1296518400	2011	02	01	1	0.6	0.6	88966	-1111	2.507	-1111	4.48918	
7729	1298937600	2011	03	01	1	0.6	0.6	89159	-1111	2.507	-1111	4.57893	
7760	1301616000	2011	04	01	1	0.6	0.6	89336	-1111	2.507	-1111	4.47358	
7790	1304208000	2011	05	01	1	0.6	0.6	89522	-1111	2.507	-1111	4.38166	
7821	1306886400	2011	06	01	1	0.6	0.6	89711	-1111	2.507	-1111	4.307	
7851	1309478400	2011	07	01	1	0.6	0.6	89922	-1111	2.507	-1111	4.40111	
7882	1312156800	2011	08	01	1	0.6	0.6	90138	-1111	2.507	-1111	4.53987	
7913	1314835200	2011	09	01	1	0.6	0.6	90370	-1111	2.507	-1111	4.75004	
7943	1317427200	2011	10	01	1	0.6	0.6	90566	-1111	2.507	-1111	4.83161	
7974	1320105600	2011	11	01	1	0.6	0.6	90805	-1111	2.507	-1111	4.88568	
8004	1322697600	2011	12	01	1	0.6	0.6	91021	-1111	2.507	-1111	4.64561	
8035	1325376000	2012	01	01	1	0.6	0.6	91239	-1111	2.507	-1111	4.72567	
8066	1328054400	2012	02	01	1	0.6	0.6	91489	-1111	2.76903	-1111	4.889	
8095	1330560000	2012	03	01	1	0.6	0.6	91675	-1111	2.76903	-1111	4.90086	
8126	1333238400	2012	04	01	1	0.6	0.6	91895	-1111	2.76903	-1111	4.69381	
8156	1335830400	2012	05	01	1	0.6	0.6	92103	-1111	2.76903	-1111	4.60273	
8187	1338508800	2012	06	01	1	0.6	0.6	92319	-1111	2.76903	-1111	4.72037	
8217	1341100800	2012	07	01	1	0.6	0.6	92530	-1111	2.76903	-1111	4.92466	
8248	1343779200	2012	08	01	1	0.6	0.6	92740	-1111	2.76903	-1111	4.65679	
8279	1346457600	2012	09	01	1	0.6	0.6	92973	-1111	2.76903	-1111	4.82902	
8309	1349049600	2012	10	01	1	0.6	0.6	93168	-1111	2.76903	-1111	4.77036	
8340	1351728000	2012	11	01	1	0.6	0.6	93395	-1111	2.76903	-1111	4.73964	
8370	1354320000	2012	12	01	1	0.6	0.6	93616	-1111	2.76903	-1111	4.62982	
8401	1356998400	2013	01	01	1	0.6	0.6	93817	-1111	2.76903	-1111	4.7699	
8432	1359676800	2013	02	01	1	0.6	0.6	94020	-1111	2.84787	-1111	4.49975	
8460	1362096000	2013	03	01	1	0.6	0.6	94217	-1111	2.84787	-1111	4.47324	
8491	1364774400	2013	04	01	1	0.6	0.6	94436	-1111	2.84787	-1111	4.35653	
8521	1367366400	2013	05	01	1	0.6	0.6	94653	-1111	2.84787	-1111	4.40087	
8552	1370044800	2013	06	01	1	0.6	0.6	94862	-1111	2.84787	-1111	4.26893	
8582	1372636800	2013	07	01	1	0.6	0.6	95060	-1111	2.84787	-1111	4.26458	
8613	1375315200	2013	08	01	1	0.6	0.6	95306	-1111	2.84787	-1111	4.19491	
8644	1377993600	2013	09	01	1	0.6	0.6	95561	-1111	2.84787	-1111	4.46377	
8674	1380585600	2013	10	01	1	0.6	0.6	95775	-1111	2.84787	-1111	4.52226	
8705	1383264000	2013	11	01	1	0.6	0.6	95992	-1111	2.84787	-1111	4.49567	
8735	1385856000	2013	12	01	1	0.6	0.6	96227	-1111	2.84787	-1111	4.3772	
8766	1388534400	2014	01	01	1	0.6	0.6	96479	-1111	2.84787	-1111	4.31587	
8797	1391212800	2014	02	01	1	0.6	0.6	96728	-1111	2.59504	-1111	4.21562	
8825	1393632000	2014	03	01	1	0.6	0.6	96961	-1111	2.59504	-1111	4.46447	
8856	1396310400	2014	04	01	1	0.6	0.6	97188	-1111	2.59504	-1111	4.61987	
8886	1398902400	2014	05	01	1	0.6	0.6	97387	-1111	2.59504	-1111	4.6918	
8917	1401580800	2014	06	01	1	0.6	0.6	97624	-1111	2.59504	-1111	4.54655	
8947	1404172800	2014	07	01	1	0.6	0.6	97852	-1111	2.59504	-1111	4.57401	
8978	1406851200	2014	08	01	1	0.6	0.6	98087	-1111	2.59504	-1111	4.28497	
9009	1409529600	2014	09	01	1	0.6	0.6	98296	-1111	2.59504	-1111	4.3003	
9039	1412121600	2014	10	01	1	0.6	0.6	98484	-1111	2.59504	-1111	4.17766	
9070	1414800000	2014	11	01	1	0.6	0.6	98705	-1111	2.59504	-1111	4.20507	
9100	1417392000	2014	12	01	1	0.6	0.6	98955	-1111	2.59504	-1111	4.21936	
9131	1420070400	2015	01	01	1	0.6	0.6	99191	-1111	2.59504	-1111	4.33662	
9162	1422748800	2015	02	01	1	0.6	0.6	99438	-1111	2.60299	-1111	4.60552	
9190	1425168000	2015	03	01	1	0.6	0.6	99620	-1111	2.60299	-1111	4.55066	
9221	1427846400	2015	04	01	1	0.6	0.6	99843	-1111	2.60299	-1111	4.69212	
9251	1430438400	2015	05	01	1	0.6	0.6	100039	-1111	2.60299	-1111	4.52315	
9282	1433116800	2015	06	01	1	0.6	0.6	100322	-1111	2.60299	-1111	4.51125	
9312	1435708800	2015	07	01	1	0.6	0.6	100538	-1111	2.60299	-1111	4.56912	
9343	1438387200	2015	08	01	1	0.6	0.6	100785	-1111	2.60299	-1111	4.52522	
9374	1441065600	2015	09	01	1	0.6	0.6	101046	-1111	2.60299	-1111	4.34326	
9404	1443657600	2015	10	01	1	0.6	0.6	101306	-1111	2.60299	-1111	4.43866	
9435	1446336000	2015	11	01	1	0.6	0.6	101547	-1111	2.60299	-1111	4.49822	
9465	1448928000	2015	12	01	1	0.6	0.6	101819	-1111	2.60299	-1111	4.60402	
9496	1451606400	2016	01	01	1	0.6	0.6	102054	-1111	2.60299	-1111	4.67037	
9527	1454284800	2016	02	01	1	0.6	0.6	102300	-1111	2.63945	-1111	4.70308	
9556	1456790400	2016	03	01	1	0.6	0.6	102545	-1111	2.63945	-1111	4.75734	
9587	1459468800	2016	04	01	1	0.6	0.6	102785	-1111	2.63945	-1111	4.94569	
9617	1462060800	2016	05	01	1	0.6	0.6	103028	-1111	2.63945	-1111	4.81224	
9648	1464739200	2016	06	01	1	0.6	0.6	103255	-1111	2.63945	-1111	4.57937	
9678	1467331200	2016	07	01	1	0.6	0.6	103532	-1111	2.63945	-1111	4.49992	
9709	1470009600	2016	08	01	1	0.6	0.6	103788	-1111	2.63945	-1111	4.34931	
9740	1472688000	2016	09	01	1	0.6	0.6	104038	-1111	2.63945	-1111	4.45283	
9770	1475280000	2016	10	01	1	0.6	0.6	104268	-1111	2.63945	-1111	4.41004	
9801	1477958400	2016	11	01	1	0.6	0.6	104510	-1111	2.63945	-1111	4.46244	
9831	1480550400	2016	12	01	1	0.6	0.6	104721	-1111	2.63945	-1111	4.48607	
9862	1483228800	2017	01	01	1	0.6	0.6	104934	-1111	2.63945	-1111	4.27197	
9893	1485907200	2017	02	01	1	0.6	0.6	105190	-1111	2.66324	-1111	4.37902	
9921	1488326400	2017	03	01	1	0.6	0.6	105414	-1111	2.66324	-1111	4.53358	
9952	1491004800	2017	04	01	1	0.6	0.6	105665	-1111	2.66324	-1111	4.62725	
9982	1493596800	2017	05	01	1	0.6	0.6	105894	-1111	2.66324	-1111	4.61441	
10013	1496275200	2017	06	01	1	0.6	0.6	106082	-1111	2.66324	-1111	4.59868	
10043	1498867200	2017	07	01	1	0.6	0.6	106315	-1111	2.66324	-1111	4.5957	
10074	1501545600	2017	08	01	1	0.6	0.6	106556	-1111	2.66324	-1111	4.47706	
10105	1504224000	2017	09	01	1	0.6	0.6	106829	-1111	2.66324	-1111	4.5396	
10135	1506816000	2017	10	01	1	0.6	0.6	107048	-1111	2.66324	-1111	4.69466	
10166	1509494400	2017	11	01	1	0.6	0.6	107326	-1111	2.66324	-1111	4.40433	
10196	1512086400	2017	12	01	1	0.6	0.6	107571	-1111	2.66324	-1111	4.45637	
10227	1514764800	2018	01	01	1	0.6	0.6	107845	-1111	2.66324	-1111	4.55983	
10258	1517443200	2018	02	01	1	0.6	0.6	108091	-1111	2.67158	-1111	4.59208	
10286	1519862400	2018	03	01	1	0.6	0.6	108304	-1111	2.67158	-1111	4.65116	
10317	1522540800	2018	04	01	1	0.6	0.6	108540	-1111	2.67158	-1111	4.81507	
10347	1525132800	2018	05	01	1	0.6	0.6	108806	-1111	2.67158	-1111	4.72769	
10378	1527811200	2018	06	01	1	0.6	0.6	109067	-1111	2.67158	-1111	4.57591	
10408	1530403200	2018	07	01	1	0.6	0.6	109336	-1111	2.67158	-1111	4.65656	
10439	1533081600	2018	08	01	1	0.6	0.6	109610	-1111	2.67158	-1111	4.67639	
10470	1535760000	2018	09	01	1	0.6	0.6	109881	-1111	2.67158	-1111	4.71327	
10500	1538352000	2018	10	01	1	0.6	0.6	110120	-1111	2.67158	-1111	4.5675	
10531	1541030400	2018	11	01	1	0.6	0.6	110351	-1111	2.67158	-1111	4.71685	
10561	1543622400	2018	12	01	1	0.6	0.6	110578	-1111	2.67158	-1111	4.752	
10592	1546300800	2019	01	01	1	0.6	0.6	110795	-1111	2.67158	-1111	4.68217	
10623	1548979200	2019	02	01	1	0.6	0.6	111076	-1111	2.70779	-1111	4.48175	
10651	1551398400	2019	03	01	1	0.6	0.6	111304	-1111	2.70779	-1111	4.51726	
10682	1554076800	2019	04	01	1	0.6	0.6	111541	-1111	2.70779	-1111	4.68296	
10712	1556668800	2019	05	01	1	0.6	0.6	111766	-1111	2.70779	-1111	4.73199	
10743	1559347200	2019	06	01	1	0.6	0.6	112010	-1111	2.70779	-1111	4.84208	
10773	1561939200	2019	07	01	1	0.6	0.6	112264	-1111	2.70779	-1111	4.87398	
10804	1564617600	2019	08	01	1	0.6	0.6	112514	-1111	2.70779	-1111	4.77742	
10835	1567296000	2019	09	01	1	0.6	0.6	112777	-1111	2.70779	-1111	4.82582	
10865	1569888000	2019	10	01	1	0.6	0.6	113051	-1111	2.70779	-1111	4.88243	
10896	1572566400	2019	11	01	1	0.6	0.6	113330	-1111	2.70779	-1111	4.82994	
10926	1575158400	2019	12	01	1	0.6	0.6	113600	-1111	2.70779	-1111	4.80343	
10957	1577836800	2020	01	01	1	0.6	0.6	113875	-1111	2.70779	-1111	4.71495	
10988	1580515200	2020	02	01	1	0.6	0.6	114167	-1111	2.80433	-1111	4.57872	
11017	1583020800	2020	03	01	1	0.6	0.6	114411	-1111	2.80433	-1111	4.57789	
11048	1585699200	2020	04	01	1	0.6	0.6	114678	-1111	2.80433	-1111	4.59657	
11078	1588291200	2020	05	01	1	0.6	0.6	114937	-1111	2.80433	-1111	4.60833	
11109	1590969600	2020	06	01	1	0.6	0.6	115179	-1111	2.80433	-1111	4.63412	
11139	1593561600	2020	07	01	1	0.6	0.6	115446	-1111	2.80433	-1111	4.73433	
11170	1596240000	2020	08	01	1	0.6	0.6	115769	-1111	2.80433	-1111	4.79951	
11201	1598918400	2020	09	01	1	0.6	0.6	116029	-1111	2.80433	-1111	4.77762	
11231	1601510400	2020	10	01	1	0.6	0.6	116285	-1111	2.80433	-1111	4.71225	
11262	1604188800	2020	11	01	1	0.6	0.6	116563	-1111	2.80433	-1111	4.86216	
11292	1606780800	2020	12	01	1	0.6	0.6	116791	-1111	2.80433	-1111	4.63931	
11323	1609459200	2021	01	01	1	0.6	0.6	117098	-1111	2.80433	-1111	4.7804	
11354	1612137600	2021	02	01	1	0.6	0.6	117373	-1111	2.72705	-1111	4.73108	
11382	1614556800	2021	03	01	1	0.6	0.6	117610	-1111	2.72705	-1111	4.72527	
11413	1617235200	2021	04	01	1	0.6	0.6	117899	-1111	2.72705	-1111	4.6887	
11443	1619827200	2021	05	01	1	0.6	0.6	118132	-1111	2.72705	-1111	4.80478	
11474	1622505600	2021	06	01	1	0.6	0.6	118406	-1111	2.72705	-1111	4.92119	
11504	1625097600	2021	07	01	1	0.6	0.6	118643	-1111	2.72705	-1111	4.88549	
11535	1627776000	2021	08	01	1	0.6	0.6	118944	-1111	2.72705	-1111	4.77025	
11566	1630454400	2021	09	01	1	0.6	0.6	119230	-1111	2.72705	-1111	4.66821	
11596	1633046400	2021	10	01	1	0.6	0.6	119528	-1111	2.72705	-1111	4.74324	
11627	1635724800	2021	11	01	1	0.6	0.6	119817	-1111	2.72705	-1111	4.53604	
11657	1638316800	2021	12	01	1	0.6	0.6	120075	-1111	2.72705	-1111	4.68484	
11688	1640995200	2022	01	01	1	0.6	0.6	120389	-1111	2.72705	-1111	4.64683	
11719	1643673600	2022	02	01	1	0.6	0.6	120682	-1111	2.80463	-1111	4.78082	
11747	1646092800	2022	03	01	1	0.6	0.6	120956	-1111	2.80463	-1111	4.62439	
11778	1648771200	2022	04	01	1	0.6	0.6	121255	-1111	2.80463	-1111	4.69742	
11808	1651363200	2022	05	01	1	0.6	0.6	121528	-1111	2.80463	-1111	4.68356	
11839	1654041600	2022	06	01	1	0.6	0.6	121833	-1111	2.80463	-1111	4.72045	
11869	1656633600	2022	07	01	1	0.6	0.6	122100	-1111	2.80463	-1111	4.71962	
11900	1659312000	2022	08	01	1	0.6	0.6	122348	-1111	2.80463	-1111	4.4937	
11931	1661990400	2022	09	01	1	0.6	0.6	122603	-1111	2.80463	-1111	4.73583	
11961	1664582400	2022	10	01	1	0.6	0.6	122930	-1111	2.80463	-1111	4.75947	
11992	1667260800	2022	11	01	1	0.6	0.6	123213	-1111	2.80463	-1111	4.75053	
12022	1669852800	2022	12	01	1	0.6	0.6	123502	-1111	2.80463	-1111	4.86036	
12053	1672531200	2023	01	01	1	0.6	0.6	123781	-1111	2.80463	-1111	4.9794	
12084	1675209600	2023	02	01	1	0.6	0.6	124098	-1111	2.74701	-1111	4.9924	
12112	1677628800	2023	03	01	1	0.6	0.6	124340	-1111	2.74701	-1111	4.94299	
12143	1680307200	2023	04	01	1	0.6	0.6	124628	-1111	2.74701	-1111	5.17111	
12173	1682899200	2023	05	01	1	0.6	0.6	124925	-1111	2.74701	-1111	5.04685	
12204	1685577600	2023	06	01	1	0.6	0.6	125215	-1111	2.74701	-1111	4.8991	
12234	1688169600	2023	07	01	1	0.6	0.6	125503	-1111	2.74701	-1111	4.81845	
12265	1690848000	2023	08	01	1	0.6	0.6	125790	-1111	2.74701	-1111	4.91025	
12296	1693526400	2023	09	01	1	0.6	0.6	126084	-1111	2.74701	-1111	4.87319	
12326	1696118400	2023	10	01	1	0.6	0.6	126385	-1111	2.74701	-1111	5.04053	
12357	1698796800	2023	11	01	1	0.6	0.6	126693	-1111	2.74701	-1111	4.98078	
12387	1701388800	2023	12	01	1	0.6	0.6	126976	-1111	2.74701	-1111	5.03495	
12418	1704067200	2024	01	01	1	0.6	0.6	127269	-1111	2.74701	-1111	5.10022	
12449	1706745600	2024	02	01	1	0.6	0.6	127556	-1111	2.8341	-1111	5.0043	
12478	1709251200	2024	03	01	1	0.6	0.6	127833	-1111	2.8341	-1111	4.96108	
12509	1711929600	2024	04	01	1	0.6	0.6	128099	-1111	2.8341	-1111	4.94427	
12539	1714521600	2024	05	01	1	0.6	0.6	128414	-1111	2.8341	-1111	4.88147	
12570	1717200000	2024	06	01	1	0.6	0.6	128675	-1111	2.8341	-1111	4.88465	
12600	1719792000	2024	07	01	1	0.6	0.6	128981	-1111	2.8341	-1111	4.85758	
12631	1722470400	2024	08	01	1	0.6	0.6	129275	-1111	2.8341	-1111	4.95763	
12662	1725148800	2024	09	01	1	0.6	0.6	129615	-1111	2.8341	-1111	4.8546	
12692	1727740800	2024	10	01	1	0.6	0.6	129909	-1111	2.8341	-1111	4.86916	
12723	1730419200	2024	11	01	1	0.6	0.6	130226	-1111	2.8341	-1111	4.76992	
12753	1733011200	2024	12	01	1	0.6	0.6	130549	-1111	2.8341	-1111	4.71104	
12784	1735689600	2025	01	01	1	0.6	0.6	130852	-1111	2.8341	-1111	4.63102	
12815	1738368000	2025	02	01	1	0.6	0.6	131149	-1111	2.83815	-1111	4.66722	
12843	1740787200	2025	03	01	1	0.6	0.6	131442	-1111	2.83815	-1111	4.65568	
12874	1743465600	2025	04	01	1	0.6	0.6	131748	-1111	2.83815	-1111	4.83837	
12904	1746057600	2025	05	01	1	0.6	0.6	132083	-1111	2.83815	-1111	4.8138	
12935	1748736000	2025	06	01	1	0.6	0.6	132411	-1111	2.83815	-1111	4.71366	
12965	1751328000	2025	07	01	1	0.6	0.6	132722	-1111	2.83815	-1111	4.83018	
12996	1754006400	2025	08	01	1	0.6	0.6	133030	-1111	2.83815	-1111	4.74715	
13027	1756684800	2025	09	01	1	0.6	0.6	133321	-1111	2.83815	-1111	4.60859	
13057	1759276800	2025	10	01	1	0.6	0.6	133659	-1111	2.83815	-1111	4.63473	
13088	1761955200	2025	11	01	1	0.6	0.6	133942	-1111	2.83815	-1111	4.79574	
13118	1764547200	2025	12	01	1	0.6	0.6	134240	-1111	2.83815	-1111	4.67221	
13149	1767225600	2026	01	01	1	0.6	0.6	134570	-1111	2.83815	-1111	4.60266	
13180	1769904000	2026	02	01	1	0.6	0.6	134879	-1111	2.71448	-1111	4.45878	
13208	1772323200	2026	03	01	1	0.6	0.6	135130	-1111	2.71448	-1111	4.50422	
13239	1775001600	2026	04	01	1	0.6	0.6	135425	-1111	2.71448	-1111	4.4546	
13269	1777593600	2026	05	01	1	0.6	0.6	135721	-1111	2.71448	-1111	4.54559	
13300	1780272000	2026	06	01	1	0.6	0.6	136011	-1111	2.71448	-1111	4.50027	
13330	1782864000	2026	07	01	1	0.6	0.6	136322	-1111	2.71448	-1111	4.59311	
13361	1785542400	2026	08	01	1	0.6	0.6	136642	-1111	2.71448	-1111	4.52942	
13392	1788220800	2026	09	01	1	0.6	0.6	136992	-1111	2.71448	-1111	4.57718	
13422	1790812800	2026	10	01	1	0.6	0.6	137316	-1111	2.71448	-1111	4.54623	
13453	1793491200	2026	11	01	1	0.6	0.6	137638	-1111	2.71448	-1111	4.57989	
13483	1796083200	2026	12	01	1	0.6	0.6	137952	-1111	2.71448	-1111	4.58927	
13514	1798761600	2027	01	01	1	0.6	0.6	138301	-1111	2.71448	-1111	4.39632	
13545	1801440000	2027	02	01	1	0.6	0.6	138587	-1111	2.68027	-1111	4.36396	
13573	1803859200	2027	03	01	1	0.6	0.6	138840	-1111	2.68027	-1111	4.37707	
13604	1806537600	2027	04	01	1	0.6	0.6	139148	-1111	2.68027	-1111	4.38755	
13634	1809129600	2027	05	01	1	0.6	0.6	139435	-1111	2.68027	-1111	4.40527	
13665	1811808000	2027	06	01	1	0.6	0.6	139741	-1111	2.68027	-1111	4.33528	
13695	1814400000	2027	07	01	1	0.6	0.6	140078	-1111	2.68027	-1111	4.34734	
13726	1817078400	2027	08	01	1	0.6	0.6	140423	-1111	2.68027	-1111	4.33994	
13757	1819756800	2027	09	01	1	0.6	0.6	140704	-1111	2.68027	-1111	4.52075	
13787	1822348800	2027	10	01	1	0.6	0.6	141010	-1111	2.68027	-1111	4.45729	
13818	1825027200	2027	11	01	1	0.6	0.6	141337	-1111	2.68027	-1111	4.37363	
13848	1827619200	2027	12	01	1	0.6	0.6	141675	-1111	2.68027	-1111	4.52685	
13879	1830297600	2028	01	01	1	0.6	0.6	142001	-1111	2.68027	-1111	4.52892	
13910	1832976000	2028	02	01	1	0.6	0.6	142310	-1111	2.62617	-1111	4.70465	
13939	1835481600	2028	03	01	1	0.6	0.6	142599	-1111	2.62617	-1111	4.65155	
13970	1838160000	2028	04	01	1	0.6	0.6	142963	-1111	2.62617	-1111	4.70943	
14000	1840752000	2028	05	01	1	0.6	0.6	143305	-1111	2.62617	-1111	4.55864	
14031	1843430400	2028	06	01	1	0.6	0.6	143624	-1111	2.62617	-1111	4.60736	
14061	1846022400	2028	07	01	1	0.6	0.6	143940	-1111	2.62617	-1111	4.6898	
14092	1848700800	2028	08	01	1	0.6	0.6	144276	-1111	2.62617	-1111	4.6816	
14123	1851379200	2028	09	01	1	0.6	0.6	144589	-1111	2.62617	-1111	4.7485	
14153	1853971200	2028	10	01	1	0.6	0.6	144916	-1111	2.62617	-1111	4.57564	
14184	1856649600	2028	11	01	1	0.6	0.6	145254	-1111	2.62617	-1111	4.63474	
14214	1859241600	2028	12	01	1	0.6	0.6	145569	-1111	2.62617	-1111	4.50118	
14245	1861920000	2029	01	01	1	0.6	0.6	145913	-1111	2.62617	-1111	4.4621	
14276	1864598400	2029	02	01	1	0.6	0.6	146236	-1111	2.69954	-1111	4.50685	
14304	1867017600	2029	03	01	1	0.6	0.6	146553	-1111	2.69954	-1111	4.60102	
14335	1869696000	2029	04	01	1	0.6	0.6	146882	-1111	2.69954	-1111	4.45559	
14365	1872288000	2029	05	01	1	0.6	0.6	147245	-1111	2.69954	-1111	4.60128	
14396	1874966400	2029	06	01	1	0.6	0.6	147558	-1111	2.69954	-1111	4.59572	
14426	1877558400	2029	07	01	1	0.6	0.6	147907	-1111	2.69954	-1111	4.55751	
14457	1880236800	2029	08	01	1	0.6	0.6	148274	-1111	2.69954	-1111	4.50396	
14488	1882915200	2029	09	01	1	0.6	0.6	148650	-1111	2.69954	-1111	4.53849	
14518	1885507200	2029	10	01	1	0.6	0.6	149037	-1111	2.69954	-1111	4.46589	
14549	1888185600	2029	11	01	1	0.6	0.6	149422	-1111	2.69954	-1111	4.56922	
14579	1890777600	2029	12	01	1	0.6	0.6	149760	-1111	2.69954	-1111	4.27176	
14610	1893456000	2030	01	01	1	0.6	0.6	150110	-1111	2.69954	-1111	4.42344	
