0	631152000	1990	01	01	1	0.6	0.5	50000	-1111	0	-1111	4.68365	
31	633830400	1990	02	01	1	0	0	50117	-1111	0	-1111	12.2657	
59	636249600	1990	03	01	1	0	0	50212	-1111	0	-1111	15.2741	
90	638928000	1990	04	01	1	0	0	50299	-1111	0	-1111	15.0346	
120	641520000	1990	05	01	1	0	0	50396	-1111	0	-1111	17.4621	
151	644198400	1990	06	01	1	0	0	50504	-1111	0	-1111	18.7383	
181	646790400	1990	07	01	1	0	0	50596	-1111	0	-1111	19.4003	
212	649468800	1990	08	01	1	0	0	50686	-1111	0	-1111	20.2728	
243	652147200	1990	09	01	1	0	0	50770	-1111	0	-1111	20.3646	
273	654739200	1990	10	01	1	0	0	50859	-1111	0	-1111	20.4008	
304	657417600	1990	11	01	1	0	0	50960	-1111	0	-1111	19.6972	
334	660009600	1990	12	01	1	0	0	51047	-1111	0	-1111	18.9154	
365	662688000	1991	01	01	1	0	0	51154	-1111	0	-1111	17.7209	
396	665366400	1991	02	01	1	0	0	51279	-1111	0	-1111	16.3427	
424	667785600	1991	03	01	1	0	0	51402	-1111	0	-1111	14.9822	
455	670464000	1991	04	01	1	0	0	51530	-1111	0	-1111	13.7969	
485	673056000	1991	05	01	1	0	0	51619	-1111	0	-1111	12.9359	
516	675734400	1991	06	01	1	0	0	51773	-1111	0	-1111	11.584	
546	678326400	1991	07	01	1	0	0	51888	-1111	0	-1111	10.1226	
577	681004800	1991	08	01	1	0	0	52005	-1111	0	-1111	8.85521	
608	683683200	1991	09	01	1	0	0	52119	-1111	0	-1111	7.89061	
638	686275200	1991	10	01	1	0	0	52225	-1111	0	-1111	7.145	
669	688953600	1991	11	01	1	0	0	52395	-1111	0	-1111	6.58439	
699	691545600	1991	12	01	1	0	0	52494	-1111	0	-1111	5.9037	
730	694224000	1992	01	01	1	0	0	52609	-1111	0	-1111	5.79039	
761	696902400	1992	02	01	1	0	0	52731	-1111	5.21596	-1111	5.58752	
790	699408000	1992	03	01	1	0	0	52837	-1111	5.21596	-1111	5.61526	
821	702086400	1992	04	01	1	0	0	52953	-1111	5.21596	-1111	5.72554	
851	704678400	1992	05	01	1	0	0	53086	-1111	5.21596	-1111	5.62453	
882	707356800	1992	06	01	1	0	0	53242	-1111	5.21596	-1111	5.78812	
912	709948800	1992	07	01	1	0	0	53362	-1111	5.21596	-1111	5.75599	
943	712627200	1992	08	01	1	0	0	53473	-1111	5.21596	-1111	5.82495	
974	715305600	1992	09	01	1	0	0	53617	-1111	5.21596	-1111	5.86725	
1004	717897600	1992	10	01	1	0	0	53764	-1111	5.21596	-1111	6.00438	
1035	720576000	1992	11	01	1	0	0	53875	-1111	5.21596	-1111	6.31412	
1065	723168000	1992	12	01	1	0	0	54007	-1111	5.21596	-1111	6.93166	
1096	725846400	1993	01	01	1	0	0	54125	-1111	5.21596	-1111	7.56334	
1127	728524800	1993	02	01	1	0	0	54274	-1111	3.12979	-1111	7.45584	
1155	730944000	1993	03	01	1	0	0	54386	-1111	3.12979	-1111	7.56858	
1186	733622400	1993	04	01	1	0	0	54503	-1111	3.12979	-1111	7.37016	
1216	736214400	1993	05	01	1	0	0	54606	-1111	3.12979	-1111	7.86922	
1247	738892800	1993	06	01	1	0	0	54724	-1111	3.12979	-1111	8.46529	
1277	741484800	1993	07	01	1	0	0	54847	-1111	3.12979	-1111	8.5143	
1308	744163200	1993	08	01	1	0	0	55009	-1111	3.12979	-1111	8.83123	
1339	746841600	1993	09	01	1	0	0	55137	-1111	3.12979	-1111	9.01486	
1369	749433600	1993	10	01	1	0	0	55236	-1111	3.12979	-1111	9.19875	
1400	752112000	1993	11	01	1	0	0	55354	-1111	3.12979	-1111	9.00104	
1430	754704000	1993	12	01	1	0	0	55462	-1111	3.12979	-1111	8.91634	
1461	757382400	1994	01	01	1	0	0	55588	-1111	3.12979	-1111	8.91266	
1492	760060800	1994	02	01	1	0	0	55727	-1111	4.4222	-1111	9.2196	
1520	762480000	1994	03	01	1	0	0	55837	-1111	4.4222	-1111	9.39145	
1551	765158400	1994	04	01	1	0	0	55962	-1111	4.4222	-1111	9.05118	
1581	767750400	1994	05	01	1	0	0	56090	-1111	4.4222	-1111	8.58433	
1612	770428800	1994	06	01	1	0	0	56190	-1111	4.4222	-1111	8.5484	
1642	773020800	1994	07	01	1	0	0	56330	-1111	4.4222	-1111	8.4209	
1673	775699200	1994	08	01	1	0	0	56482	-1111	4.4222	-1111	8.07371	
1704	778377600	1994	09	01	1	0	0	56644	-1111	4.4222	-1111	8.00059	
1734	780969600	1994	10	01	1	0	0	56777	-1111	4.4222	-1111	7.87611	
1765	783648000	1994	11	01	1	0	0	56917	-1111	4.4222	-1111	7.79661	
1795	786240000	1994	12	01	1	0	0	57030	-1111	4.4222	-1111	7.74032	
1826	788918400	1995	01	01	1	0	0	57150	-1111	4.4222	-1111	7.94454	
1857	791596800	1995	02	01	1	0	0	57271	-1111	4.2759	-1111	7.618	
1885	794016000	1995	03	01	1	0	0	57388	-1111	4.2759	-1111	7.43475	
1916	796694400	1995	04	01	1	0	0	57500	-1111	4.2759	-1111	7.5177	
1946	799286400	1995	05	01	1	0	0	57623	-1111	4.2759	-1111	7.81239	
1977	801964800	1995	06	01	1	0	0	57743	-1111	4.2759	-1111	7.67664	
2007	804556800	1995	07	01	1	0	0	57866	-1111	4.2759	-1111	7.71636	
2038	807235200	1995	08	01	1	0	0	58023	-1111	4.2759	-1111	7.72187	
2069	809913600	1995	09	01	1	0	0	58183	-1111	4.2759	-1111	7.31088	
2099	812505600	1995	10	01	1	0	0	58315	-1111	4.2759	-1111	7.56345	
2130	815184000	1995	11	01	1	0	0	58441	-1111	4.2759	-1111	7.30451	
2160	817776000	1995	12	01	1	0	0	58576	-1111	4.2759	-1111	7.40151	
2191	820454400	1996	01	01	1	0	0	58741	-1111	4.2759	-1111	7.36028	
2222	823132800	1996	02	01	1	0	0	58890	-1111	3.84764	-1111	7.64956	
2251	825638400	1996	03	01	1	0	0	59034	-1111	3.84764	-1111	7.84017	
2282	828316800	1996	04	01	1	0	0	59186	-1111	3.84764	-1111	7.88167	
2312	830908800	1996	05	01	1	0	0	59317	-1111	3.84764	-1111	7.35579	
2343	833587200	1996	06	01	1	0	0	59457	-1111	3.84764	-1111	7.72597	
2373	836179200	1996	07	01	1	0	0	59602	-1111	3.84764	-1111	7.7804	
2404	838857600	1996	08	01	1	0	0	59741	-1111	3.84764	-1111	8.18221	
2435	841536000	1996	09	01	1	0	0	59871	-1111	3.84764	-1111	8.17691	
2465	844128000	1996	10	01	1	0	0	59976	-1111	3.84764	-1111	8.03293	
2496	846806400	1996	11	01	1	0	0	60135	-1111	3.84764	-1111	8.14464	
2526	849398400	1996	12	01	1	0	0	60259	-1111	3.84764	-1111	7.92472	
2557	852076800	1997	01	01	1	0	0	60401	-1111	3.84764	-1111	7.76246	
2588	854755200	1997	02	01	1	0	0	60516	-1111	4.09801	-1111	7.68307	
2616	857174400	1997	03	01	1	0	0	60623	-1111	4.09801	-1111	7.83664	
2647	859852800	1997	04	01	1	0	0	60760	-1111	4.09801	-1111	7.90717	
2677	862444800	1997	05	01	1	0	0	60890	-1111	4.09801	-1111	8.18067	
2708	865123200	1997	06	01	1	0	0	61035	-1111	4.09801	-1111	8.31397	
2738	867715200	1997	07	01	1	0	0	61180	-1111	4.09801	-1111	8.21572	
2769	870393600	1997	08	01	1	0	0	61316	-1111	4.09801	-1111	8.16955	
2800	873072000	1997	09	01	1	0	0	61432	-1111	4.09801	-1111	7.83343	
2830	875664000	1997	10	01	1	0	0	61557	-1111	4.09801	-1111	7.60991	
2861	878342400	1997	11	01	1	0	0	61696	-1111	4.09801	-1111	7.58755	
2891	880934400	1997	12	01	1	0	0	61820	-1111	4.09801	-1111	7.50901	
2922	883612800	1998	01	01	1	0	0	61958	-1111	4.09801	-1111	7.44013	
2953	886291200	1998	02	01	1	0	0	62094	-1111	4.10678	-1111	7.46988	
2981	888710400	1998	03	01	1	0	0	62206	-1111	4.10678	-1111	7.52024	
3012	891388800	1998	04	01	1	0	0	62352	-1111	4.10678	-1111	7.74383	
3042	893980800	1998	05	01	1	0	0	62493	-1111	4.10678	-1111	7.90587	
3073	896659200	1998	06	01	1	0	0	62671	-1111	4.10678	-1111	7.90135	
3103	899251200	1998	07	01	1	0	0	62811	-1111	4.10678	-1111	8.14709	
3134	901929600	1998	08	01	1	0	0	62990	-1111	4.10678	-1111	7.93362	
3165	904608000	1998	09	01	1	0	0	63133	-1111	4.10678	-1111	8.0183	
3195	907200000	1998	10	01	1	0	0	63291	-1111	4.10678	-1111	8.10356	
3226	909878400	1998	11	01	1	0	0	63443	-1111	4.10678	-1111	8.0527	
3256	912470400	1998	12	01	1	0	0	63594	-1111	4.10678	-1111	7.82644	
3287	915148800	1999	01	01	1	0	0	63751	-1111	4.10678	-1111	7.67998	
3318	917827200	1999	02	01	1	0	0	63908	-1111	4.02126	-1111	7.74568	
3346	920246400	1999	03	01	1	0	0	64034	-1111	4.02126	-1111	7.60826	
3377	922924800	1999	04	01	1	0	0	64162	-1111	4.02126	-1111	7.91032	
3407	925516800	1999	05	01	1	0	0	64295	-1111	4.02126	-1111	7.63414	
3438	928195200	1999	06	01	1	0	0	64471	-1111	4.02126	-1111	7.52972	
3468	930787200	1999	07	01	1	0	0	64602	-1111	4.02126	-1111	7.50016	
3499	933465600	1999	08	01	1	0	0	64752	-1111	4.02126	-1111	7.48295	
3530	936144000	1999	09	01	1	0	0	64894	-1111	4.02126	-1111	7.31915	
3560	938736000	1999	10	01	1	0	0	65038	-1111	4.02126	-1111	7.50702	
3591	941414400	1999	11	01	1	0	0	65187	-1111	4.02126	-1111	7.20615	
3621	944006400	1999	12	01	1	0	0	65329	-1111	4.02126	-1111	7.35714	
3652	946684800	2000	01	01	1	0	0	65490	-1111	4.02126	-1111	7.46636	
3683	949363200	2000	02	01	1	0.6	0.6	65611	-1111	3.8207	-1111	6.29537	
3712	951868800	2000	03	01	1	0.6	0.6	65767	-1111	3.8207	-1111	4.94379	
3743	954547200	2000	04	01	1	0.6	0.6	65914	-1111	3.8207	-1111	3.983	
3773	957139200	2000	05	01	1	0.6	0.6	66101	-1111	3.8207	-1111	3.34362	
3804	959817600	2000	06	01	1	0.6	0.6	66238	-1111	3.8207	-1111	2.74725	
3834	962409600	2000	07	01	1	0.6	0.6	66378	-1111	3.8207	-1111	2.50449	
3865	965088000	2000	08	01	1	0.6	0.6	66576	-1111	3.8207	-1111	2.09971	
3896	967766400	2000	09	01	1	0.6	0.6	66748	-1111	3.8207	-1111	1.97296	
3926	970358400	2000	10	01	1	0.6	0.6	66913	-1111	3.8207	-1111	1.79554	
3957	973036800	2000	11	01	1	0.6	0.6	67084	-1111	3.8207	-1111	1.51824	
3987	975628800	2000	12	01	1	0.6	0.6	67235	-1111	3.8207	-1111	1.60867	
4018	978307200	2001	01	01	1	0.6	0.6	67385	-1111	3.8207	-1111	1.50287	
4049	980985600	2001	02	01	1	0.6	0.6	67524	-1111	1.73816	-1111	1.62822	
4077	983404800	2001	03	01	1	0.6	0.6	67666	-1111	1.73816	-1111	1.61262	
4108	986083200	2001	04	01	1	0.6	0.6	67807	-1111	1.73816	-1111	1.69621	
4138	988675200	2001	05	01	1	0.6	0.6	67971	-1111	1.73816	-1111	1.69253	
4169	991353600	2001	06	01	1	0.6	0.6	68158	-1111	1.73816	-1111	1.80238	
4199	993945600	2001	07	01	1	0.6	0.6	68316	-1111	1.73816	-1111	1.89019	
4230	996624000	2001	08	01	1	0.6	0.6	68475	-1111	1.73816	-1111	1.79575	
4261	999302400	2001	09	01	1	0.6	0.6	68632	-1111	1.73816	-1111	1.78468	
4291	1001894400	2001	10	01	1	0.6	0.6	68801	-1111	1.73816	-1111	1.92817	
4322	1004572800	2001	11	01	1	0.6	0.6	68968	-1111	1.73816	-1111	1.88149	
4352	1007164800	2001	12	01	1	0.6	0.6	69155	-1111	1.73816	-1111	1.96841	
4383	1009843200	2002	01	01	1	0.6	0.6	69303	-1111	1.73816	-1111	2.11734	
4414	1012521600	2002	02	01	1	0.6	0.6	69473	-1111	1.21028	-1111	2.09069	
4442	1014940800	2002	03	01	1	0.6	0.6	69660	-1111	1.21028	-1111	2.1152	
4473	1017619200	2002	04	01	1	0.6	0.6	69835	-1111	1.21028	-1111	2.38352	
4503	1020211200	2002	05	01	1	0.6	0.6	70037	-1111	1.21028	-1111	2.39399	
4534	1022889600	2002	06	01	1	0.6	0.6	70180	-1111	1.21028	-1111	2.24592	
4564	1025481600	2002	07	01	1	0.6	0.6	70361	-1111	1.21028	-1111	2.51338	
4595	1028160000	2002	08	01	1	0.6	0.6	70561	-1111	1.21028	-1111	2.68163	
4626	1030838400	2002	09	01	1	0.6	0.6	70744	-1111	1.21028	-1111	2.65145	
4656	1033430400	2002	10	01	1	0.6	0.6	70913	-1111	1.21028	-1111	2.5961	
4687	1036108800	2002	11	01	1	0.6	0.6	71103	-1111	1.21028	-1111	2.59849	
4717	1038700800	2002	12	01	1	0.6	0.6	71257	-1111	1.21028	-1111	2.73327	
4748	1041379200	2003	01	01	1	0.6	0.6	71403	-1111	1.21028	-1111	2.9698	
4779	1044057600	2003	02	01	1	0.6	0.6	71569	-1111	1.66169	-1111	3.00889	
4807	1046476800	2003	03	01	1	0.6	0.6	71708	-1111	1.66169	-1111	3.21834	
4838	1049155200	2003	04	01	1	0.6	0.6	71886	-1111	1.66169	-1111	3.31592	
4868	1051747200	2003	05	01	1	0.6	0.6	72068	-1111	1.66169	-1111	3.50291	
4899	1054425600	2003	06	01	1	0.6	0.6	72229	-1111	1.66169	-1111	3.61129	
4929	1057017600	2003	07	01	1	0.6	0.6	72378	-1111	1.66169	-1111	3.49269	
4960	1059696000	2003	08	01	1	0.6	0.6	72580	-1111	1.66169	-1111	3.63458	
4991	1062374400	2003	09	01	1	0.6	0.6	72738	-1111	1.66169	-1111	3.79871	
5021	1064966400	2003	10	01	1	0.6	0.6	72928	-1111	1.66169	-1111	3.94252	
5052	1067644800	2003	11	01	1	0.6	0.6	73092	-1111	1.66169	-1111	3.90207	
5082	1070236800	2003	12	01	1	0.6	0.6	73242	-1111	1.66169	-1111	4.12804	
5113	1072915200	2004	01	01	1	0.6	0.6	73399	-1111	1.66169	-1111	4.2735	
5144	1075593600	2004	02	01	1	0.6	0.6	73575	-1111	2.38576	-1111	4.31728	
5173	1078099200	2004	03	01	1	0.6	0.6	73749	-1111	2.38576	-1111	4.14953	
5204	1080777600	2004	04	01	1	0.6	0.6	73901	-1111	2.38576	-1111	4.0524	
5234	1083369600	2004	05	01	1	0.6	0.6	74082	-1111	2.38576	-1111	3.94381	
5265	1086048000	2004	06	01	1	0.6	0.6	74244	-1111	2.38576	-1111	3.79345	
5295	1088640000	2004	07	01	1	0.6	0.6	74427	-1111	2.38576	-1111	3.80822	
5326	1091318400	2004	08	01	1	0.6	0.6	74616	-1111	2.38576	-1111	3.88462	
5357	1093996800	2004	09	01	1	0.6	0.6	74772	-1111	2.38576	-1111	3.95614	
5387	1096588800	2004	10	01	1	0.6	0.6	74931	-1111	2.38576	-1111	3.76105	
5418	1099267200	2004	11	01	1	0.6	0.6	75111	-1111	2.38576	-1111	3.59079	
5448	1101859200	2004	12	01	1	0.6	0.6	75314	-1111	2.38576	-1111	3.78977	
5479	1104537600	2005	01	01	1	0.6	0.6	75495	-1111	2.38576	-1111	3.99419	
5510	1107216000	2005	02	01	1	0.6	0.6	75705	-1111	2.51158	-1111	4.04328	
5538	1109635200	2005	03	01	1	0.6	0.6	75859	-1111	2.51158	-1111	4.05105	
5569	1112313600	2005	04	01	1	0.6	0.6	76017	-1111	2.51158	-1111	3.94337	
5599	1114905600	2005	05	01	1	0.6	0.6	76206	-1111	2.51158	-1111	3.88484	
5630	1117584000	2005	06	01	1	0.6	0.6	76379	-1111	2.51158	-1111	3.90621	
5660	1120176000	2005	07	01	1	0.6	0.6	76550	-1111	2.51158	-1111	3.92989	
5691	1122854400	2005	08	01	1	0.6	0.6	76718	-1111	2.51158	-1111	3.88028	
5722	1125532800	2005	09	01	1	0.6	0.6	76895	-1111	2.51158	-1111	3.73822	
5752	1128124800	2005	10	01	1	0.6	0.6	77083	-1111	2.51158	-1111	3.85671	
5783	1130803200	2005	11	01	1	0.6	0.6	77238	-1111	2.51158	-1111	4.18739	
5813	1133395200	2005	12	01	1	0.6	0.6	77414	-1111	2.51158	-1111	4.11604	
5844	1136073600	2006	01	01	1	0.6	0.6	77621	-1111	2.51158	-1111	4.0576	
5875	1138752000	2006	02	01	1	0.6	0.6	77828	-1111	2.46538	-1111	3.93808	
5903	1141171200	2006	03	01	1	0.6	0.6	77987	-1111	2.46538	-1111	3.93665	
5934	1143849600	2006	04	01	1	0.6	0.6	78190	-1111	2.46538	-1111	3.73288	
5964	1146441600	2006	05	01	1	0.6	0.6	78375	-1111	2.46538	-1111	3.70389	
5995	1149120000	2006	06	01	1	0.6	0.6	78570	-1111	2.46538	-1111	3.68211	
6025	1151712000	2006	07	01	1	0.6	0.6	78750	-1111	2.46538	-1111	3.73683	
6056	1154390400	2006	08	01	1	0.6	0.6	78955	-1111	2.46538	-1111	3.74597	
6087	1157068800	2006	09	01	1	0.6	0.6	79160	-1111	2.46538	-1111	3.8107	
6117	1159660800	2006	10	01	1	0.6	0.6	79329	-1111	2.46538	-1111	3.93331	
6148	1162339200	2006	11	01	1	0.6	0.6	79515	-1111	2.46538	-1111	3.72582	
6178	1164931200	2006	12	01	1	0.6	0.6	79691	-1111	2.46538	-1111	3.88607	
6209	1167609600	2007	01	01	1	0.6	0.6	79865	-1111	2.46538	-1111	3.97445	
6240	1170288000	2007	02	01	1	0.6	0.6	80077	-1111	2.31226	-1111	3.73346	
6268	1172707200	2007	03	01	1	0.6	0.6	80246	-1111	2.31226	-1111	3.89998	
6299	1175385600	2007	04	01	1	0.6	0.6	80452	-1111	2.31226	-1111	3.84747	
6329	1177977600	2007	05	01	1	0.6	0.6	80604	-1111	2.31226	-1111	3.75262	
6360	1180656000	2007	06	01	1	0.6	0.6	80787	-1111	2.31226	-1111	4.01148	
6390	1183248000	2007	07	01	1	0.6	0.6	80946	-1111	2.31226	-1111	4.10274	
6421	1185926400	2007	08	01	1	0.6	0.6	81151	-1111	2.31226	-1111	4.1798	
6452	1188604800	2007	09	01	1	0.6	0.6	81358	-1111	2.31226	-1111	4.34404	
6482	1191196800	2007	10	01	1	0.6	0.6	81551	-1111	2.31226	-1111	4.49135	
6513	1193875200	2007	11	01	1	0.6	0.6	81732	-1111	2.31226	-1111	4.27959	
6543	1196467200	2007	12	01	1	0.6	0.6	81924	-1111	2.31226	-1111	4.24408	
6574	1199145600	2008	01	01	1	0.6	0.6	82087	-1111	2.31226	-1111	4.31975	
6605	1201824000	2008	02	01	1	0.6	0.6	82271	-1111	2.50356	-1111	4.17738	
6634	1204329600	2008	03	01	1	0.6	0.6	82470	-1111	2.50356	-1111	4.24865	
6665	1207008000	2008	04	01	1	0.6	0.6	82700	-1111	2.50356	-1111	4.40877	
6695	1209600000	2008	05	01	1	0.6	0.6	82900	-1111	2.50356	-1111	4.46732	
6726	1212278400	2008	06	01	1	0.6	0.6	83105	-1111	2.50356	-1111	4.39757	
6756	1214870400	2008	07	01	1	0.6	0.6	83329	-1111	2.50356	-1111	4.46252	
6787	1217548800	2008	08	01	1	0.6	0.6	83533	-1111	2.50356	-1111	4.40935	
6818	1220227200	2008	09	01	1	0.6	0.6	83741	-1111	2.50356	-1111	4.23278	
6848	1222819200	2008	10	01	1	0.6	0.6	83890	-1111	2.50356	-1111	4.13096	
6879	1225497600	2008	11	01	1	0.6	0.6	84121	-1111	2.50356	-1111	4.23902	
6909	1228089600	2008	12	01	1	0.6	0.6	84311	-1111	2.50356	-1111	4.36374	
6940	1230768000	2009	01	01	1	0.6	0.6	84486	-1111	2.50356	-1111	4.30157	
6971	1233446400	2009	02	01	1	0.6	0.6	84693	-1111	2.6445	-1111	4.27394	
6999	1235865600	2009	03	01	1	0.6	0.6	84871	-1111	2.6445	-1111	4.44128	
7030	1238544000	2009	04	01	1	0.6	0.6	85082	-1111	2.6445	-1111	4.15694	
7060	1241136000	2009	05	01	1	0.6	0.6	85293	-1111	2.6445	-1111	4.45746	
7091	1243814400	2009	06	01	1	0.6	0.6	85493	-1111	2.6445	-1111	4.3176	
7121	1246406400	2009	07	01	1	0.6	0.6	85678	-1111	2.6445	-1111	4.23102	
7152	1249084800	2009	08	01	1	0.6	0.6	85892	-1111	2.6445	-1111	4.2624	
7183	1251763200	2009	09	01	1	0.6	0.6	86059	-1111	2.6445	-1111	3.93654	
7213	1254355200	2009	10	01	1	0.6	0.6	86250	-1111	2.6445	-1111	4.15495	
7244	1257033600	2009	11	01	1	0.6	0.6	86460	-1111	2.6445	-1111	4.13799	
7274	1259625600	2009	12	01	1	0.6	0.6	86644	-1111	2.6445	-1111	4.10062	
7305	1262304000	2010	01	01	1	0.6	0.6	86850	-1111	2.6445	-1111	4.02436	
7336	1264982400	2010	02	01	1	0.6	0.6	87043	-1111	2.50326	-1111	3.92484	
7364	1267401600	2010	03	01	1	0.6	0.6	87219	-1111	2.50326	-1111	3.87691	
7395	1270080000	2010	04	01	1	0.6	0.6	87412	-1111	2.50326	-1111	3.9712	
7425	1272672000	2010	05	01	1	0.6	0.6	87608	-1111	2.50326	-1111	3.95775	
7456	1275350400	2010	06	01	1	0.6	0.6	87843	-1111	2.50326	-1111	4.00196	
7486	1277942400	2010	07	01	1	0.6	0.6	88022	-1111	2.50326	-1111	4.16113	
7517	1280620800	2010	08	01	1	0.6	0.6	88239	-1111	2.50326	-1111	4.14473	
7548	1283299200	2010	09	01	1	0.6	0.6	88452	-1111	2.50326	-1111	4.34188	
7578	1285891200	2010	10	01	1	0.6	0.6	88656	-1111	2.50326	-1111	4.13638	
7609	1288569600	2010	11	01	1	0.6	0.6	88903	-1111	2.50326	-1111	4.36252	
7639	1291161600	2010	12	01	1	0.6	0.6	89112	-1111	2.50326	-1111	4.30635	
7670	1293840000	2011	01	01	1	0.6	0.6	89333	-1111	2.50326	-1111	4.46542	
7701	1296518400	2011	02	01	1	0.6	0.6	89560	-1111	2.45331	-1111	4.3679	
7729	1298937600	2011	03	01	1	0.6	0.6	89724	-1111	2.45331	-1111	4.35841	
7760	1301616000	2011	04	01	1	0.6	0.6	89917	-1111	2.45331	-1111	4.65962	
7790	1304208000	2011	05	01	1	0.6	0.6	90093	-1111	2.45331	-1111	4.59735	
7821	1306886400	2011	06	01	1	0.6	0.6	90299	-1111	2.45331	-1111	4.69544	
7851	1309478400	2011	07	01	1	0.6	0.6	90494	-1111	2.45331	-1111	4.55561	
7882	1312156800	2011	08	01	1	0.6	0.6	90708	-1111	2.45331	-1111	4.69729	
7913	1314835200	2011	09	01	1	0.6	0.6	90938	-1111	2.45331	-1111	4.58055	
7943	1317427200	2011	10	01	1	0.6	0.6	91143	-1111	2.45331	-1111	4.42046	
7974	1320105600	2011	11	01	1	0.6	0.6	91350	-1111	2.45331	-1111	4.44387	
8004	1322697600	2011	12	01	1	0.6	0.6	91553	-1111	2.45331	-1111	4.50785	
8035	1325376000	2012	01	01	1	0.6	0.6	91771	-1111	2.45331	-1111	4.47177	
8066	1328054400	2012	02	01	1	0.6	0.6	91953	-1111	2.63779	-1111	4.70818	
8095	1330560000	2012	03	01	1	0.6	0.6	92164	-1111	2.63779	-1111	4.61408	
8126	1333238400	2012	04	01	1	0.6	0.6	92387	-1111	2.63779	-1111	4.77476	
8156	1335830400	2012	05	01	1	0.6	0.6	92564	-1111	2.63779	-1111	4.83952	
8187	1338508800	2012	06	01	1	0.6	0.6	92797	-1111	2.63779	-1111	4.8215	
8217	1341100800	2012	07	01	1	0.6	0.6	92991	-1111	2.63779	-1111	4.74212	
8248	1343779200	2012	08	01	1	0.6	0.6	93182	-1111	2.63779	-1111	4.74876	
8279	1346457600	2012	09	01	1	0.6	0.6	93421	-1111	2.63779	-1111	4.51529	
8309	1349049600	2012	10	01	1	0.6	0.6	93644	-1111	2.63779	-1111	4.80813	
8340	1351728000	2012	11	01	1	0.6	0.6	93842	-1111	2.63779	-1111	4.70002	
8370	1354320000	2012	12	01	1	0.6	0.6	94100	-1111	2.63779	-1111	4.66631	
8401	1356998400	2013	01	01	1	0.6	0.6	94344	-1111	2.63779	-1111	4.64953	
8432	1359676800	2013	02	01	1	0.6	0.6	94569	-1111	2.77545	-1111	4.57581	
8460	1362096000	2013	03	01	1	0.6	0.6	94777	-1111	2.77545	-1111	4.62921	
8491	1364774400	2013	04	01	1	0.6	0.6	95004	-1111	2.77545	-1111	4.59297	
8521	1367366400	2013	05	01	1	0.6	0.6	95216	-1111	2.77545	-1111	4.62475	
8552	1370044800	2013	06	01	1	0.6	0.6	95474	-1111	2.77545	-1111	4.49023	
8582	1372636800	2013	07	01	1	0.6	0.6	95669	-1111	2.77545	-1111	4.41201	
8613	1375315200	2013	08	01	1	0.6	0.6	95875	-1111	2.77545	-1111	4.3156	
8644	1377993600	2013	09	01	1	0.6	0.6	96143	-1111	2.77545	-1111	4.11032	
8674	1380585600	2013	10	01	1	0.6	0.6	96346	-1111	2.77545	-1111	4.21593	
8705	1383264000	2013	11	01	1	0.6	0.6	96616	-1111	2.77545	-1111	4.39046	
8735	1385856000	2013	12	01	1	0.6	0.6	96852	-1111	2.77545	-1111	4.23553	
8766	1388534400	2014	01	01	1	0.6	0.6	97091	-1111	2.77545	-1111	4.24093	
8797	1391212800	2014	02	01	1	0.6	0.6	97319	-1111	2.57991	-1111	4.25222	
8825	1393632000	2014	03	01	1	0.6	0.6	97537	-1111	2.57991	-1111	4.4015	
8856	1396310400	2014	04	01	1	0.6	0.6	97791	-1111	2.57991	-1111	4.36516	
8886	1398902400	2014	05	01	1	0.6	0.6	98015	-1111	2.57991	-1111	4.28675	
8917	1401580800	2014	06	01	1	0.6	0.6	98242	-1111	2.57991	-1111	4.47174	
8947	1404172800	2014	07	01	1	0.6	0.6	98468	-1111	2.57991	-1111	4.2916	
8978	1406851200	2014	08	01	1	0.6	0.6	98691	-1111	2.57991	-1111	4.34574	
9009	1409529600	2014	09	01	1	0.6	0.6	98941	-1111	2.57991	-1111	4.40625	
9039	1412121600	2014	10	01	1	0.6	0.6	99183	-1111	2.57991	-1111	4.22619	
9070	1414800000	2014	11	01	1	0.6	0.6	99408	-1111	2.57991	-1111	4.42274	
9100	1417392000	2014	12	01	1	0.6	0.6	99632	-1111	2.57991	-1111	4.50629	
9131	1420070400	2015	01	01	1	0.6	0.6	99863	-1111	2.57991	-1111	4.49854	
9162	1422748800	2015	02	01	1	0.6	0.6	100122	-1111	2.60837	-1111	4.6486	
9190	1425168000	2015	03	01	1	0.6	0.6	100334	-1111	2.60837	-1111	4.57632	
9221	1427846400	2015	04	01	1	0.6	0.6	100578	-1111	2.60837	-1111	4.54243	
9251	1430438400	2015	05	01	1	0.6	0.6	100778	-1111	2.60837	-1111	4.49543	
9282	1433116800	2015	06	01	1	0.6	0.6	101004	-1111	2.60837	-1111	4.5527	
9312	1435708800	2015	07	01	1	0.6	0.6	101228	-1111	2.60837	-1111	4.59047	
9343	1438387200	2015	08	01	1	0.6	0.6	101451	-1111	2.60837	-1111	4.58968	
9374	1441065600	2015	09	01	1	0.6	0.6	101690	-1111	2.60837	-1111	4.4423	
9404	1443657600	2015	10	01	1	0.6	0.6	101905	-1111	2.60837	-1111	4.64525	
9435	1446336000	2015	11	01	1	0.6	0.6	102168	-1111	2.60837	-1111	4.74436	
9465	1448928000	2015	12	01	1	0.6	0.6	102406	-1111	2.60837	-1111	4.93174	
9496	1451606400	2016	01	01	1	0.6	0.6	102628	-1111	2.60837	-1111	4.91797	
9527	1454284800	2016	02	01	1	0.6	0.6	102827	-1111	2.76011	-1111	5.08002	
9556	1456790400	2016	03	01	1	0.6	0.6	103066	-1111	2.76011	-1111	4.86169	
9587	1459468800	2016	04	01	1	0.6	0.6	103312	-1111	2.76011	-1111	5.03723	
9617	1462060800	2016	05	01	1	0.6	0.6	103544	-1111	2.76011	-1111	4.97669	
9648	1464739200	2016	06	01	1	0.6	0.6	103761	-1111	2.76011	-1111	4.9399	
9678	1467331200	2016	07	01	1	0.6	0.6	104014	-1111	2.76011	-1111	5.0328	
9709	1470009600	2016	08	01	1	0.6	0.6	104280	-1111	2.76011	-1111	4.90373	
9740	1472688000	2016	09	01	1	0.6	0.6	104545	-1111	2.76011	-1111	4.90894	
9770	1475280000	2016	10	01	1	0.6	0.6	104769	-1111	2.76011	-1111	4.75924	
9801	1477958400	2016	11	01	1	0.6	0.6	105039	-1111	2.76011	-1111	4.77592	
9831	1480550400	2016	12	01	1	0.6	0.6	105315	-1111	2.76011	-1111	4.62922	
9862	1483228800	2017	01	01	1	0.6	0.6	105585	-1111	2.76011	-1111	4.64478	
9893	1485907200	2017	02	01	1	0.6	0.6	105837	-1111	2.82066	-1111	4.32804	
9921	1488326400	2017	03	01	1	0.6	0.6	106070	-1111	2.82066	-1111	4.50587	
9952	1491004800	2017	04	01	1	0.6	0.6	106297	-1111	2.82066	-1111	4.41334	
9982	1493596800	2017	05	01	1	0.6	0.6	106533	-1111	2.82066	-1111	4.51501	
10013	1496275200	2017	06	01	1	0.6	0.6	106790	-1111	2.82066	-1111	4.60708	
10043	1498867200	2017	07	01	1	0.6	0.6	106988	-1111	2.82066	-1111	4.55245	
10074	1501545600	2017	08	01	1	0.6	0.6	107212	-1111	2.82066	-1111	4.61347	
10105	1504224000	2017	09	01	1	0.6	0.6	107464	-1111	2.82066	-1111	4.69235	
10135	1506816000	2017	10	01	1	0.6	0.6	107692	-1111	2.82066	-1111	4.39784	
10166	1509494400	2017	11	01	1	0.6	0.6	107933	-1111	2.82066	-1111	4.43743	
10196	1512086400	2017	12	01	1	0.6	0.6	108213	-1111	2.82066	-1111	4.58281	
10227	1514764800	2018	01	01	1	0.6	0.6	108448	-1111	2.82066	-1111	4.56023	
10258	1517443200	2018	02	01	1	0.6	0.6	108698	-1111	2.65475	-1111	4.65981	
10286	1519862400	2018	03	01	1	0.6	0.6	108937	-1111	2.65475	-1111	4.36191	
10317	1522540800	2018	04	01	1	0.6	0.6	109186	-1111	2.65475	-1111	4.30393	
10347	1525132800	2018	05	01	1	0.6	0.6	109479	-1111	2.65475	-1111	4.37102	
10378	1527811200	2018	06	01	1	0.6	0.6	109732	-1111	2.65475	-1111	4.3918	
10408	1530403200	2018	07	01	1	0.6	0.6	109968	-1111	2.65475	-1111	4.29365	
10439	1533081600	2018	08	01	1	0.6	0.6	110231	-1111	2.65475	-1111	4.35879	
10470	1535760000	2018	09	01	1	0.6	0.6	110504	-1111	2.65475	-1111	4.32195	
10500	1538352000	2018	10	01	1	0.6	0.6	110760	-1111	2.65475	-1111	4.33031	
10531	1541030400	2018	11	01	1	0.6	0.6	110979	-1111	2.65475	-1111	4.35747	
10561	1543622400	2018	12	01	1	0.6	0.6	111195	-1111	2.65475	-1111	4.39931	
10592	1546300800	2019	01	01	1	0.6	0.6	111467	-1111	2.65475	-1111	4.36213	
10623	1548979200	2019	02	01	1	0.6	0.6	111698	-1111	2.55827	-1111	4.40416	
10651	1551398400	2019	03	01	1	0.6	0.6	111958	-1111	2.55827	-1111	4.33706	
10682	1554076800	2019	04	01	1	0.6	0.6	112216	-1111	2.55827	-1111	4.17668	
10712	1556668800	2019	05	01	1	0.6	0.6	112481	-1111	2.55827	-1111	4.05476	
10743	1559347200	2019	06	01	1	0.6	0.6	112769	-1111	2.55827	-1111	4.07887	
10773	1561939200	2019	07	01	1	0.6	0.6	113033	-1111	2.55827	-1111	4.34256	
10804	1564617600	2019	08	01	1	0.6	0.6	113295	-1111	2.55827	-1111	4.40221	
10835	1567296000	2019	09	01	1	0.6	0.6	113551	-1111	2.55827	-1111	4.20936	
10865	1569888000	2019	10	01	1	0.6	0.6	113796	-1111	2.55827	-1111	4.30536	
10896	1572566400	2019	11	01	1	0.6	0.6	114053	-1111	2.55827	-1111	4.32317	
10926	1575158400	2019	12	01	1	0.6	0.6	114315	-1111	2.55827	-1111	4.34783	
10957	1577836800	2020	01	01	1	0.6	0.6	114597	-1111	2.55827	-1111	4.2003	
10988	1580515200	2020	02	01	1	0.6	0.6	114859	-1111	2.532	-1111	4.14106	
11017	1583020800	2020	03	01	1	0.6	0.6	115118	-1111	2.532	-1111	4.30888	
11048	1585699200	2020	04	01	1	0.6	0.6	115343	-1111	2.532	-1111	4.38197	
11078	1588291200	2020	05	01	1	0.6	0.6	115613	-1111	2.532	-1111	4.41002	
11109	1590969600	2020	06	01	1	0.6	0.6	115895	-1111	2.532	-1111	4.29292	
11139	1593561600	2020	07	01	1	0.6	0.6	116149	-1111	2.532	-1111	4.3258	
11170	1596240000	2020	08	01	1	0.6	0.6	116430	-1111	2.532	-1111	4.24291	
11201	1598918400	2020	09	01	1	0.6	0.6	116690	-1111	2.532	-1111	4.26082	
11231	1601510400	2020	10	01	1	0.6	0.6	116939	-1111	2.532	-1111	4.2961	
11262	1604188800	2020	11	01	1	0.6	0.6	117203	-1111	2.532	-1111	4.23082	
11292	1606780800	2020	12	01	1	0.6	0.6	117475	-1111	2.532	-1111	4.31181	
11323	1609459200	2021	01	01	1	0.6	0.6	117749	-1111	2.532	-1111	4.37013	
11354	1612137600	2021	02	01	1	0.6	0.6	118005	-1111	2.56732	-1111	4.49449	
11382	1614556800	2021	03	01	1	0.6	0.6	118264	-1111	2.56732	-1111	4.42454	
11413	1617235200	2021	04	01	1	0.6	0.6	118550	-1111	2.56732	-1111	4.64924	
11443	1619827200	2021	05	01	1	0.6	0.6	118842	-1111	2.56732	-1111	4.63036	
11474	1622505600	2021	06	01	1	0.6	0.6	119136	-1111	2.56732	-1111	4.52958	
11504	1625097600	2021	07	01	1	0.6	0.6	119372	-1111	2.56732	-1111	4.51323	
11535	1627776000	2021	08	01	1	0.6	0.6	119642	-1111	2.56732	-1111	4.58595	
11566	1630454400	2021	09	01	1	0.6	0.6	119920	-1111	2.56732	-1111	4.41547	
11596	1633046400	2021	10	01	1	0.6	0.6	120149	-1111	2.56732	-1111	4.646	
11627	1635724800	2021	11	01	1	0.6	0.6	120444	-1111	2.56732	-1111	4.49211	
11657	1638316800	2021	12	01	1	0.6	0.6	120717	-1111	2.56732	-1111	4.5694	
11688	1640995200	2022	01	01	1	0.6	0.6	120955	-1111	2.56732	-1111	4.63032	
11719	1643673600	2022	02	01	1	0.6	0.6	121236	-1111	2.66722	-1111	4.67211	
11747	1646092800	2022	03	01	1	0.6	0.6	121483	-1111	2.66722	-1111	4.86591	
11778	1648771200	2022	04	01	1	0.6	0.6	121741	-1111	2.66722	-1111	5.00967	
11808	1651363200	2022	05	01	1	0.6	0.6	121998	-1111	2.66722	-1111	4.91155	
11839	1654041600	2022	06	01	1	0.6	0.6	122259	-1111	2.66722	-1111	4.77122	
11869	1656633600	2022	07	01	1	0.6	0.6	122559	-1111	2.66722	-1111	4.6903	
11900	1659312000	2022	08	01	1	0.6	0.6	122820	-1111	2.66722	-1111	4.61293	
11931	1661990400	2022	09	01	1	0.6	0.6	123073	-1111	2.66722	-1111	4.70149	
11961	1664582400	2022	10	01	1	0.6	0.6	123365	-1111	2.66722	-1111	4.60706	
11992	1667260800	2022	11	01	1	0.6	0.6	123653	-1111	2.66722	-1111	4.67625	
12022	1669852800	2022	12	01	1	0.6	0.6	123933	-1111	2.66722	-1111	4.62395	
12053	1672531200	2023	01	01	1	0.6	0.6	124218	-1111	2.66722	-1111	4.43743	
12084	1675209600	2023	02	01	1	0.6	0.6	124529	-1111	2.78796	-1111	4.3031	
12112	1677628800	2023	03	01	1	0.6	0.6	124805	-1111	2.78796	-1111	4.15686	
12143	1680307200	2023	04	01	1	0.6	0.6	125098	-1111	2.78796	-1111	4.22368	
12173	1682899200	2023	05	01	1	0.6	0.6	125400	-1111	2.78796	-1111	4.24662	
12204	1685577600	2023	06	01	1	0.6	0.6	125661	-1111	2.78796	-1111	4.16861	
12234	1688169600	2023	07	01	1	0.6	0.6	125942	-1111	2.78796	-1111	4.25658	
12265	1690848000	2023	08	01	1	0.6	0.6	126199	-1111	2.78796	-1111	4.56815	
12296	1693526400	2023	09	01	1	0.6	0.6	126490	-1111	2.78796	-1111	4.47923	
12326	1696118400	2023	10	01	1	0.6	0.6	126772	-1111	2.78796	-1111	4.46387	
12357	1698796800	2023	11	01	1	0.6	0.6	127090	-1111	2.78796	-1111	4.41987	
12387	1701388800	2023	12	01	1	0.6	0.6	127363	-1111	2.78796	-1111	4.43501	
12418	1704067200	2024	01	01	1	0.6	0.6	127660	-1111	2.78796	-1111	4.43338	
12449	1706745600	2024	02	01	1	0.6	0.6	127961	-1111	2.54853	-1111	4.43449	
12478	1709251200	2024	03	01	1	0.6	0.6	128219	-1111	2.54853	-1111	4.53433	
12509	1711929600	2024	04	01	1	0.6	0.6	128539	-1111	2.54853	-1111	4.44207	
12539	1714521600	2024	05	01	1	0.6	0.6	128812	-1111	2.54853	-1111	4.41073	
12570	1717200000	2024	06	01	1	0.6	0.6	129109	-1111	2.54853	-1111	4.57596	
12600	1719792000	2024	07	01	1	0.6	0.6	129400	-1111	2.54853	-1111	4.76654	
12631	1722470400	2024	08	01	1	0.6	0.6	129651	-1111	2.54853	-1111	4.74182	
12662	1725148800	2024	09	01	1	0.6	0.6	129919	-1111	2.54853	-1111	4.54215	
12692	1727740800	2024	10	01	1	0.6	0.6	130245	-1111	2.54853	-1111	4.47432	
12723	1730419200	2024	11	01	1	0.6	0.6	130546	-1111	2.54853	-1111	4.39401	
12753	1733011200	2024	12	01	1	0.6	0.6	130810	-1111	2.54853	-1111	4.4425	
12784	1735689600	2025	01	01	1	0.6	0.6	131128	-1111	2.54853	-1111	4.37592	
12815	1738368000	2025	02	01	1	0.6	0.6	131428	-1111	2.65006	-1111	4.45203	
12843	1740787200	2025	03	01	1	0.6	0.6	131699	-1111	2.65006	-1111	4.32483	
12874	1743465600	2025	04	01	1	0.6	0.6	131998	-1111	2.65006	-1111	4.31009	
12904	1746057600	2025	05	01	1	0.6	0.6	132321	-1111	2.65006	-1111	4.30111	
12935	1748736000	2025	06	01	1	0.6	0.6	132647	-1111	2.65006	-1111	4.43222	
12965	1751328000	2025	07	01	1	0.6	0.6	132954	-1111	2.65006	-1111	4.31661	
12996	1754006400	2025	08	01	1	0.6	0.6	133246	-1111	2.65006	-1111	4.36096	
13027	1756684800	2025	09	01	1	0.6	0.6	133588	-1111	2.65006	-1111	4.14868	
13057	1759276800	2025	10	01	1	0.6	0.6	133865	-1111	2.65006	-1111	4.28926	
13088	1761955200	2025	11	01	1	0.6	0.6	134188	-1111	2.65006	-1111	4.27368	
13118	1764547200	2025	12	01	1	0.6	0.6	134480	-1111	2.65006	-1111	4.36751	
13149	1767225600	2026	01	01	1	0.6	0.6	134783	-1111	2.65006	-1111	4.3978	
13180	1769904000	2026	02	01	1	0.6	0.6	135114	-1111	2.56453	-1111	4.36184	
13208	1772323200	2026	03	01	1	0.6	0.6	135394	-1111	2.56453	-1111	4.43392	
13239	1775001600	2026	04	01	1	0.6	0.6	135732	-1111	2.56453	-1111	4.40563	
13269	1777593600	2026	05	01	1	0.6	0.6	136047	-1111	2.56453	-1111	4.53713	
13300	1780272000	2026	06	01	1	0.6	0.6	136383	-1111	2.56453	-1111	4.67685	
13330	1782864000	2026	07	01	1	0.6	0.6	136709	-1111	2.56453	-1111	4.82499	
13361	1785542400	2026	08	01	1	0.6	0.6	137068	-1111	2.56453	-1111	4.82561	
13392	1788220800	2026	09	01	1	0.6	0.6	137435	-1111	2.56453	-1111	4.90275	
13422	1790812800	2026	10	01	1	0.6	0.6	137709	-1111	2.56453	-1111	4.84498	
13453	1793491200	2026	11	01	1	0.6	0.6	138083	-1111	2.56453	-1111	4.8892	
13483	1796083200	2026	12	01	1	0.6	0.6	138380	-1111	2.56453	-1111	4.94592	
13514	1798761600	2027	01	01	1	0.6	0.6	138697	-1111	2.56453	-1111	4.89562	
13545	1801440000	2027	02	01	1	0.6	0.6	139047	-1111	2.73538	-1111	4.89508	
13573	1803859200	2027	03	01	1	0.6	0.6	139361	-1111	2.73538	-1111	4.78943	
13604	1806537600	2027	04	01	1	0.6	0.6	139708	-1111	2.73538	-1111	4.86433	
13634	1809129600	2027	05	01	1	0.6	0.6	140022	-1111	2.73538	-1111	4.66125	
13665	1811808000	2027	06	01	1	0.6	0.6	140339	-1111	2.73538	-1111	4.71296	
13695	1814400000	2027	07	01	1	0.6	0.6	140686	-1111	2.73538	-1111	4.87915	
13726	1817078400	2027	08	01	1	0.6	0.6	141003	-1111	2.73538	-1111	4.79726	
13757	1819756800	2027	09	01	1	0.6	0.6	141364	-1111	2.73538	-1111	4.7237	
13787	1822348800	2027	10	01	1	0.6	0.6	141683	-1111	2.73538	-1111	4.63502	
13818	1825027200	2027	11	01	1	0.6	0.6	141999	-1111	2.73538	-1111	4.65337	
13848	1827619200	2027	12	01	1	0.6	0.6	142269	-1111	2.73538	-1111	4.78449	
13879	1830297600	2028	01	01	1	0.6	0.6	142553	-1111	2.73538	-1111	4.813	
13910	1832976000	2028	02	01	1	0.6	0.6	142947	-1111	2.78142	-1111	4.9061	
13939	1835481600	2028	03	01	1	0.6	0.6	143268	-1111	2.78142	-1111	4.87758	
13970	1838160000	2028	04	01	1	0.6	0.6	143615	-1111	2.78142	-1111	4.6093	
14000	1840752000	2028	05	01	1	0.6	0.6	143890	-1111	2.78142	-1111	4.61059	
14031	1843430400	2028	06	01	1	0.6	0.6	144215	-1111	2.78142	-1111	4.41768	
14061	1846022400	2028	07	01	1	0.6	0.6	144507	-1111	2.78142	-1111	4.6396	
14092	1848700800	2028	08	01	1	0.6	0.6	144863	-1111	2.78142	-1111	4.43185	
14123	1851379200	2028	09	01	1	0.6	0.6	145169	-1111	2.78142	-1111	4.34806	
14153	1853971200	2028	10	01	1	0.6	0.6	145522	-1111	2.78142	-1111	4.36949	
14184	1856649600	2028	11	01	1	0.6	0.6	145906	-1111	2.78142	-1111	4.32837	
14214	1859241600	2028	12	01	1	0.6	0.6	146233	-1111	2.78142	-1111	4.41953	
14245	1861920000	2029	01	01	1	0.6	0.6	146549	-1111	2.78142	-1111	4.53698	
14276	1864598400	2029	02	01	1	0.6	0.6	146902	-1111	2.65647	-1111	4.53174	
14304	1867017600	2029	03	01	1	0.6	0.6	147192	-1111	2.65647	-1111	4.31287	
14335	1869696000	2029	04	01	1	0.6	0.6	147514	-1111	2.65647	-1111	4.4174	
14365	1872288000	2029	05	01	1	0.6	0.6	147831	-1111	2.65647	-1111	4.49646	
14396	1874966400	2029	06	01	1	0.6	0.6	148206	-1111	2.65647	-1111	4.53429	
14426	1877558400	2029	07	01	1	0.6	0.6	148509	-1111	2.65647	-1111	4.38414	
14457	1880236800	2029	08	01	1	0.6	0.6	148867	-1111	2.65647	-1111	4.49719	
14488	1882915200	2029	09	01	1	0.6	0.6	149198	-1111	2.65647	-1111	4.70959	
14518	1885507200	2029	10	01	1	0.6	0.6	149562	-1111	2.65647	-1111	4.68284	
14549	1888185600	2029	11	01	1	0.6	0.6	149888	-1111	2.65647	-1111	4.59474	
14579	1890777600	2029	12	01	1	0.6	0.6	150250	-1111	2.65647	-1111	4.50176	
14610	1893456000	2030	01	01	1	0.6	0.6	150582	-1111	2.65647	-1111	4.47272	
