0	631152000	1990	01	01	1	0.6	0.5	50000	-1111	0	-1111	4.74674	
31	633830400	1990	02	01	1	0	0	50084	-1111	0	-1111	11.9595	
59	636249600	1990	03	01	1	0	0	50190	-1111	0	-1111	14.9389	
90	638928000	1990	04	01	1	0	0	50303	-1111	0	-1111	15.2191	
120	641520000	1990	05	01	1	0	0	50440	-1111	0	-1111	17.8226	
151	644198400	1990	06	01	1	0	0	50558	-1111	0	-1111	19.2077	
181	646790400	1990	07	01	1	0	0	50666	-1111	0	-1111	19.694	
212	649468800	1990	08	01	1	0	0	50780	-1111	0	-1111	20.1515	
243	652147200	1990	09	01	1	0	0	50884	-1111	0	-1111	20.3571	
273	654739200	1990	10	01	1	0	0	50991	-1111	0	-1111	20.2179	
304	657417600	1990	11	01	1	0	0	51115	-1111	0	-1111	19.6245	
334	660009600	1990	12	01	1	0	0	51232	-1111	0	-1111	18.5948	
365	662688000	1991	01	01	1	0	0	51326	-1111	0	-1111	17.8602	
396	665366400	1991	02	01	1	0	0	51415	-1111	0	-1111	16.2145	
424	667785600	1991	03	01	1	0	0	51507	-1111	0	-1111	14.8808	
455	670464000	1991	04	01	1	0	0	51610	-1111	0	-1111	13.3299	
485	673056000	1991	05	01	1	0	0	51747	-1111	0	-1111	11.8432	
516	675734400	1991	06	01	1	0	0	51841	-1111	0	-1111	11.1078	
546	678326400	1991	07	01	1	0	0	51950	-1111	0	-1111	10.2898	
577	681004800	1991	08	01	1	0	0	52062	-1111	0	-1111	9.1233	
608	683683200	1991	09	01	1	0	0	52152	-1111	0	-1111	8.4628	
638	686275200	1991	10	01	1	0	0	52277	-1111	0	-1111	7.62597	
669	688953600	1991	11	01	1	0	0	52375	-1111	0	-1111	6.72339	
699	691545600	1991	12	01	1	0	0	52499	-1111	0	-1111	6.28019	
730	694224000	1992	01	01	1	0	0	52593	-1111	0	-1111	6.09738	
761	696902400	1992	02	01	1	0	0	52712	-1111	5.23561	-1111	6.16891	
790	699408000	1992	03	01	1	0	0	52833	-1111	5.23561	-1111	5.7106	
821	702086400	1992	04	01	1	0	0	52953	-1111	5.23561	-1111	5.32607	
851	704678400	1992	05	01	1	0	0	53053	-1111	5.23561	-1111	5.16903	
882	707356800	1992	06	01	1	0	0	53156	-1111	5.23561	-1111	5.39075	
912	709948800	1992	07	01	1	0	0	53271	-1111	5.23561	-1111	5.72353	
943	712627200	1992	08	01	1	0	0	53400	-1111	5.23561	-1111	6.07971	
974	715305600	1992	09	01	1	0	0	53553	-1111	5.23561	-1111	6.21579	
1004	717897600	1992	10	01	1	0	0	53679	-1111	5.23561	-1111	6.37835	
1035	720576000	1992	11	01	1	0	0	53784	-1111	5.23561	-1111	6.60039	
1065	723168000	1992	12	01	1	0	0	53912	-1111	5.23561	-1111	6.92544	
1096	725846400	1993	01	01	1	0	0	54055	-1111	5.23561	-1111	7.28239	
1127	728524800	1993	02	01	1	0	0	54194	-1111	3.17161	-1111	7.35217	
1155	730944000	1993	03	01	1	0	0	54326	-1111	3.17161	-1111	7.92331	
1186	733622400	1993	04	01	1	0	0	54447	-1111	3.17161	-1111	8.15868	
1216	736214400	1993	05	01	1	0	0	54568	-1111	3.17161	-1111	8.30659	
1247	738892800	1993	06	01	1	0	0	54674	-1111	3.17161	-1111	8.59567	
1277	741484800	1993	07	01	1	0	0	54803	-1111	3.17161	-1111	8.63325	
1308	744163200	1993	08	01	1	0	0	54968	-1111	3.17161	-1111	9.28004	
1339	746841600	1993	09	01	1	0	0	55076	-1111	3.17161	-1111	9.639	
1369	749433600	1993	10	01	1	0	0	55204	-1111	3.17161	-1111	9.98513	
1400	752112000	1993	11	01	1	0	0	55341	-1111	3.17161	-1111	10.0937	
1430	754704000	1993	12	01	1	0	0	55464	-1111	3.17161	-1111	9.74287	
1461	757382400	1994	01	01	1	0	0	55585	-1111	3.17161	-1111	9.47994	
1492	760060800	1994	02	01	1	0	0	55725	-1111	4.61984	-1111	9.1814	
1520	762480000	1994	03	01	1	0	0	55846	-1111	4.61984	-1111	9.0268	
1551	765158400	1994	04	01	1	0	0	55995	-1111	4.61984	-1111	8.85992	
1581	767750400	1994	05	01	1	0	0	56129	-1111	4.61984	-1111	8.95224	
1612	770428800	1994	06	01	1	0	0	56257	-1111	4.61984	-1111	8.65413	
1642	773020800	1994	07	01	1	0	0	56402	-1111	4.61984	-1111	8.54796	
1673	775699200	1994	08	01	1	0	0	56537	-1111	4.61984	-1111	8.35428	
1704	778377600	1994	09	01	1	0	0	56646	-1111	4.61984	-1111	8.28363	
1734	780969600	1994	10	01	1	0	0	56783	-1111	4.61984	-1111	7.90886	
1765	783648000	1994	11	01	1	0	0	56920	-1111	4.61984	-1111	7.87888	
1795	786240000	1994	12	01	1	0	0	57046	-1111	4.61984	-1111	7.49963	
1826	788918400	1995	01	01	1	0	0	57193	-1111	4.61984	-1111	7.3608	
1857	791596800	1995	02	01	1	0	0	57321	-1111	4.17864	-1111	7.15746	
1885	794016000	1995	03	01	1	0	0	57459	-1111	4.17864	-1111	7.49818	
1916	796694400	1995	04	01	1	0	0	57568	-1111	4.17864	-1111	7.39042	
1946	799286400	1995	05	01	1	0	0	57712	-1111	4.17864	-1111	7.33892	
1977	801964800	1995	06	01	1	0	0	57843	-1111	4.17864	-1111	7.58997	
2007	804556800	1995	07	01	1	0	0	57946	-1111	4.17864	-1111	7.63591	
2038	807235200	1995	08	01	1	0	0	58079	-1111	4.17864	-1111	7.51085	
2069	809913600	1995	09	01	1	0	0	58214	-1111	4.17864	-1111	7.6517	
2099	812505600	1995	10	01	1	0	0	58361	-1111	4.17864	-1111	7.59777	
2130	815184000	1995	11	01	1	0	0	58491	-1111	4.17864	-1111	7.9602	
2160	817776000	1995	12	01	1	0	0	58614	-1111	4.17864	-1111	8.31952	
2191	820454400	1996	01	01	1	0	0	58782	-1111	4.17864	-1111	8.46725	
2222	823132800	1996	02	01	1	0	0	58897	-1111	3.95899	-1111	8.70657	
2251	825638400	1996	03	01	1	0	0	59003	-1111	3.95899	-1111	8.58105	
2282	828316800	1996	04	01	1	0	0	59109	-1111	3.95899	-1111	8.68291	
2312	830908800	1996	05	01	1	0	0	59254	-1111	3.95899	-1111	8.65838	
2343	833587200	1996	06	01	1	0	0	59405	-1111	3.95899	-1111	8.91011	
2373	836179200	1996	07	01	1	0	0	59510	-1111	3.95899	-1111	9.07861	
2404	838857600	1996	08	01	1	0	0	59651	-1111	3.95899	-1111	8.97336	
2435	841536000	1996	09	01	1	0	0	59789	-1111	3.95899	-1111	8.65957	
2465	844128000	1996	10	01	1	0	0	59934	-1111	3.95899	-1111	8.69873	
2496	846806400	1996	11	01	1	0	0	60062	-1111	3.95899	-1111	8.70425	
2526	849398400	1996	12	01	1	0	0	60211	-1111	3.95899	-1111	8.5817	
2557	852076800	1997	01	01	1	0	0	60336	-1111	3.95899	-1111	8.72809	
2588	854755200	1997	02	01	1	0	0	60474	-1111	4.45743	-1111	8.60298	
2616	857174400	1997	03	01	1	0	0	60592	-1111	4.45743	-1111	8.64709	
2647	859852800	1997	04	01	1	0	0	60720	-1111	4.45743	-1111	8.29008	
2677	862444800	1997	05	01	1	0	0	60871	-1111	4.45743	-1111	8.01765	
2708	865123200	1997	06	01	1	0	0	61005	-1111	4.45743	-1111	8.41944	
2738	867715200	1997	07	01	1	0	0	61118	-1111	4.45743	-1111	8.72783	
2769	870393600	1997	08	01	1	0	0	61256	-1111	4.45743	-1111	8.48708	
2800	873072000	1997	09	01	1	0	0	61365	-1111	4.45743	-1111	8.21709	
2830	875664000	1997	10	01	1	0	0	61534	-1111	4.45743	-1111	8.05011	
2861	878342400	1997	11	01	1	0	0	61671	-1111	4.45743	-1111	7.73748	
2891	880934400	1997	12	01	1	0	0	61797	-1111	4.45743	-1111	7.6456	
2922	883612800	1998	01	01	1	0	0	61946	-1111	4.45743	-1111	7.83639	
2953	886291200	1998	02	01	1	0	0	62085	-1111	4.09669	-1111	7.8154	
2981	888710400	1998	03	01	1	0	0	62207	-1111	4.09669	-1111	7.93498	
3012	891388800	1998	04	01	1	0	0	62333	-1111	4.09669	-1111	8.06044	
3042	893980800	1998	05	01	1	0	0	62469	-1111	4.09669	-1111	8.04143	
3073	896659200	1998	06	01	1	0	0	62627	-1111	4.09669	-1111	7.85501	
3103	899251200	1998	07	01	1	0	0	62785	-1111	4.09669	-1111	7.83382	
3134	901929600	1998	08	01	1	0	0	62916	-1111	4.09669	-1111	8.11506	
3165	904608000	1998	09	01	1	0	0	63062	-1111	4.09669	-1111	8.05297	
3195	907200000	1998	10	01	1	0	0	63200	-1111	4.09669	-1111	8.36479	
3226	909878400	1998	11	01	1	0	0	63338	-1111	4.09669	-1111	8.11793	
3256	912470400	1998	12	01	1	0	0	63465	-1111	4.09669	-1111	8.46628	
3287	915148800	1999	01	01	1	0	0	63616	-1111	4.09669	-1111	8.48797	
3318	917827200	1999	02	01	1	0	0	63776	-1111	4.13985	-1111	8.64717	
3346	920246400	1999	03	01	1	0	0	63900	-1111	4.13985	-1111	8.38881	
3377	922924800	1999	04	01	1	0	0	64062	-1111	4.13985	-1111	8.75083	
3407	925516800	1999	05	01	1	0	0	64182	-1111	4.13985	-1111	8.59396	
3438	928195200	1999	06	01	1	0	0	64319	-1111	4.13985	-1111	8.34323	
3468	930787200	1999	07	01	1	0	0	64445	-1111	4.13985	-1111	8.56917	
3499	933465600	1999	08	01	1	0	0	64588	-1111	4.13985	-1111	8.20665	
3530	936144000	1999	09	01	1	0	0	64734	-1111	4.13985	-1111	8.59975	
3560	938736000	1999	10	01	1	0	0	64900	-1111	4.13985	-1111	8.24891	
3591	941414400	1999	11	01	1	0	0	65037	-1111	4.13985	-1111	8.15341	
3621	944006400	1999	12	01	1	0	0	65161	-1111	4.13985	-1111	7.83995	
3652	946684800	2000	01	01	1	0	0	65316	-1111	4.13985	-1111	7.85825	
3683	949363200	2000	02	01	1	0.1	0.1	65464	-1111	4.217	-1111	7.50016	
3712	951868800	2000	03	01	1	0.1	0.1	65620	-1111	4.217	-1111	7.18211	
3743	954547200	2000	04	01	1	0.1	0.1	65764	-1111	4.217	-1111	7.09157	
3773	957139200	2000	05	01	1	0.1	0.1	65911	-1111	4.217	-1111	7.06758	
3804	959817600	2000	06	01	1	0.1	0.1	66049	-1111	4.217	-1111	7.00163	
3834	962409600	2000	07	01	1	0.1	0.1	66186	-1111	4.217	-1111	6.98281	
3865	965088000	2000	08	01	1	0.1	0.1	66305	-1111	4.217	-1111	6.99525	
3896	967766400	2000	09	01	1	0.1	0.1	66449	-1111	4.217	-1111	6.8879	
3926	970358400	2000	10	01	1	0.1	0.1	66592	-1111	4.217	-1111	6.89047	
3957	973036800	2000	11	01	1	0.1	0.1	66779	-1111	4.217	-1111	7.11782	
3987	975628800	2000	12	01	1	0.1	0.1	66929	-1111	4.217	-1111	6.84207	
4018	978307200	2001	01	01	1	0.1	0.1	67083	-1111	4.217	-1111	6.56129	
4049	980985600	2001	02	01	1	0.1	0.1	67233	-1111	3.61396	-1111	6.50431	
4077	983404800	2001	03	01	1	0.1	0.1	67396	-1111	3.61396	-1111	6.42561	
4108	986083200	2001	04	01	1	0.1	0.1	67549	-1111	3.61396	-1111	6.66509	
4138	988675200	2001	05	01	1	0.1	0.1	67703	-1111	3.61396	-1111	6.5973	
4169	991353600	2001	06	01	1	0.1	0.1	67856	-1111	3.61396	-1111	6.5261	
4199	993945600	2001	07	01	1	0.1	0.1	67985	-1111	3.61396	-1111	6.6356	
4230	996624000	2001	08	01	1	0.1	0.1	68147	-1111	3.61396	-1111	6.53133	
4261	999302400	2001	09	01	1	0.1	0.1	68291	-1111	3.61396	-1111	6.80204	
4291	1001894400	2001	10	01	1	0.1	0.1	68441	-1111	3.61396	-1111	7.00205	
4322	1004572800	2001	11	01	1	0.1	0.1	68609	-1111	3.61396	-1111	7.15162	
4352	1007164800	2001	12	01	1	0.1	0.1	68783	-1111	3.61396	-1111	7.10577	
4383	1009843200	2002	01	01	1	0.1	0.1	68982	-1111	3.61396	-1111	7.34986	
4414	1012521600	2002	02	01	1	0.1	0.1	69150	-1111	3.57535	-1111	7.56215	
4442	1014940800	2002	03	01	1	0.1	0.1	69294	-1111	3.57535	-1111	7.35973	
4473	1017619200	2002	04	01	1	0.1	0.1	69449	-1111	3.57535	-1111	7.36242	
4503	1020211200	2002	05	01	1	0.1	0.1	69630	-1111	3.57535	-1111	7.46852	
4534	1022889600	2002	06	01	1	0.1	0.1	69816	-1111	3.57535	-1111	7.9961	
4564	1025481600	2002	07	01	1	0.1	0.1	69969	-1111	3.57535	-1111	8.11924	
4595	1028160000	2002	08	01	1	0.1	0.1	70127	-1111	3.57535	-1111	8.19897	
4626	1030838400	2002	09	01	1	0.1	0.1	70290	-1111	3.57535	-1111	7.94022	
4656	1033430400	2002	10	01	1	0.1	0.1	70440	-1111	3.57535	-1111	7.77695	
4687	1036108800	2002	11	01	1	0.1	0.1	70589	-1111	3.57535	-1111	7.89877	
4717	1038700800	2002	12	01	1	0.1	0.1	70753	-1111	3.57535	-1111	7.87179	
4748	1041379200	2003	01	01	1	0.1	0.1	70932	-1111	3.57535	-1111	7.78869	
4779	1044057600	2003	02	01	1	0.1	0.1	71099	-1111	4.1381	-1111	8.06715	
4807	1046476800	2003	03	01	1	0.1	0.1	71238	-1111	4.1381	-1111	7.76186	
4838	1049155200	2003	04	01	1	0.1	0.1	71379	-1111	4.1381	-1111	7.71214	
4868	1051747200	2003	05	01	1	0.1	0.1	71541	-1111	4.1381	-1111	7.68586	
4899	1054425600	2003	06	01	1	0.1	0.1	71717	-1111	4.1381	-1111	7.67476	
4929	1057017600	2003	07	01	1	0.1	0.1	71858	-1111	4.1381	-1111	7.7534	
4960	1059696000	2003	08	01	1	0.1	0.1	72007	-1111	4.1381	-1111	7.74426	
4991	1062374400	2003	09	01	1	0.1	0.1	72158	-1111	4.1381	-1111	7.59396	
5021	1064966400	2003	10	01	1	0.1	0.1	72294	-1111	4.1381	-1111	7.92993	
5052	1067644800	2003	11	01	1	0.1	0.1	72466	-1111	4.1381	-1111	7.81861	
5082	1070236800	2003	12	01	1	0.1	0.1	72637	-1111	4.1381	-1111	7.70668	
5113	1072915200	2004	01	01	1	0.1	0.1	72789	-1111	4.1381	-1111	7.64254	
5144	1075593600	2004	02	01	1	0.1	0.1	72941	-1111	4.02994	-1111	7.54459	
5173	1078099200	2004	03	01	1	0.1	0.1	73093	-1111	4.02994	-1111	7.34652	
5204	1080777600	2004	04	01	1	0.1	0.1	73283	-1111	4.02994	-1111	7.35815	
5234	1083369600	2004	05	01	1	0.1	0.1	73440	-1111	4.02994	-1111	7.30978	
5265	1086048000	2004	06	01	1	0.1	0.1	73584	-1111	4.02994	-1111	7.33135	
5295	1088640000	2004	07	01	1	0.1	0.1	73733	-1111	4.02994	-1111	7.32908	
5326	1091318400	2004	08	01	1	0.1	0.1	73918	-1111	4.02994	-1111	7.60341	
5357	1093996800	2004	09	01	1	0.1	0.1	74083	-1111	4.02994	-1111	7.60196	
5387	1096588800	2004	10	01	1	0.1	0.1	74237	-1111	4.02994	-1111	7.74069	
5418	1099267200	2004	11	01	1	0.1	0.1	74416	-1111	4.02994	-1111	7.55973	
5448	1101859200	2004	12	01	1	0.1	0.1	74575	-1111	4.02994	-1111	7.52798	
5479	1104537600	2005	01	01	1	0.1	0.1	74723	-1111	4.02994	-1111	7.41927	
5510	1107216000	2005	02	01	1	0.1	0.1	74900	-1111	3.86736	-1111	7.32058	
5538	1109635200	2005	03	01	1	0.1	0.1	75058	-1111	3.86736	-1111	7.11778	
5569	1112313600	2005	04	01	1	0.1	0.1	75225	-1111	3.86736	-1111	7.01922	
5599	1114905600	2005	05	01	1	0.1	0.1	75406	-1111	3.86736	-1111	7.30105	
5630	1117584000	2005	06	01	1	0.1	0.1	75558	-1111	3.86736	-1111	7.3172	
5660	1120176000	2005	07	01	1	0.1	0.1	75731	-1111	3.86736	-1111	7.28865	
5691	1122854400	2005	08	01	1	0.1	0.1	75892	-1111	3.86736	-1111	6.98287	
5722	1125532800	2005	09	01	1	0.1	0.1	76078	-1111	3.86736	-1111	7.45743	
5752	1128124800	2005	10	01	1	0.1	0.1	76233	-1111	3.86736	-1111	7.45156	
5783	1130803200	2005	11	01	1	0.1	0.1	76426	-1111	3.86736	-1111	7.454	
5813	1133395200	2005	12	01	1	0.1	0.1	76577	-1111	3.86736	-1111	7.34741	
5844	1136073600	2006	01	01	1	0.1	0.1	76743	-1111	3.86736	-1111	7.24373	
5875	1138752000	2006	02	01	1	0.1	0.1	76926	-1111	3.71896	-1111	7.07633	
5903	1141171200	2006	03	01	1	0.1	0.1	77100	-1111	3.71896	-1111	7.01007	
5934	1143849600	2006	04	01	1	0.1	0.1	77268	-1111	3.71896	-1111	7.17055	
5964	1146441600	2006	05	01	1	0.1	0.1	77454	-1111	3.71896	-1111	7.36766	
5995	1149120000	2006	06	01	1	0.1	0.1	77641	-1111	3.71896	-1111	7.50748	
6025	1151712000	2006	07	01	1	0.1	0.1	77800	-1111	3.71896	-1111	7.71602	
6056	1154390400	2006	08	01	1	0.1	0.1	77968	-1111	3.71896	-1111	7.67222	
6087	1157068800	2006	09	01	1	0.1	0.1	78119	-1111	3.71896	-1111	7.48863	
6117	1159660800	2006	10	01	1	0.1	0.1	78317	-1111	3.71896	-1111	7.53533	
6148	1162339200	2006	11	01	1	0.1	0.1	78510	-1111	3.71896	-1111	7.68996	
6178	1164931200	2006	12	01	1	0.1	0.1	78671	-1111	3.71896	-1111	7.66807	
6209	1167609600	2007	01	01	1	0.1	0.1	78838	-1111	3.71896	-1111	7.49937	
6240	1170288000	2007	02	01	1	0.1	0.1	78994	-1111	3.83214	-1111	7.84582	
6268	1172707200	2007	03	01	1	0.1	0.1	79170	-1111	3.83214	-1111	7.9895	
6299	1175385600	2007	04	01	1	0.1	0.1	79367	-1111	3.83214	-1111	8.09586	
6329	1177977600	2007	05	01	1	0.1	0.1	79558	-1111	3.83214	-1111	7.959	
6360	1180656000	2007	06	01	1	0.1	0.1	79723	-1111	3.83214	-1111	7.78341	
6390	1183248000	2007	07	01	1	0.1	0.1	79900	-1111	3.83214	-1111	7.83087	
6421	1185926400	2007	08	01	1	0.1	0.1	80089	-1111	3.83214	-1111	7.82366	
6452	1188604800	2007	09	01	1	0.1	0.1	80286	-1111	3.83214	-1111	7.97213	
6482	1191196800	2007	10	01	1	0.1	0.1	80464	-1111	3.83214	-1111	7.83641	
6513	1193875200	2007	11	01	1	0.1	0.1	80646	-1111	3.83214	-1111	7.74257	
6543	1196467200	2007	12	01	1	0.1	0.1	80805	-1111	3.83214	-1111	7.65425	
6574	1199145600	2008	01	01	1	0.1	0.1	80968	-1111	3.83214	-1111	7.53431	
6605	1201824000	2008	02	01	1	0.1	0.1	81145	-1111	3.99841	-1111	7.39719	
6634	1204329600	2008	03	01	1	0.1	0.1	81318	-1111	3.99841	-1111	7.55671	
6665	1207008000	2008	04	01	1	0.1	0.1	81497	-1111	3.99841	-1111	7.48616	
6695	1209600000	2008	05	01	1	0.1	0.1	81674	-1111	3.99841	-1111	7.59302	
6726	1212278400	2008	06	01	1	0.1	0.1	81854	-1111	3.99841	-1111	7.61501	
6756	1214870400	2008	07	01	1	0.1	0.1	82005	-1111	3.99841	-1111	7.89717	
6787	1217548800	2008	08	01	1	0.1	0.1	82192	-1111	3.99841	-1111	7.67998	
6818	1220227200	2008	09	01	1	0.1	0.1	82341	-1111	3.99841	-1111	7.60838	
6848	1222819200	2008	10	01	1	0.1	0.1	82535	-1111	3.99841	-1111	7.67183	
6879	1225497600	2008	11	01	1	0.1	0.1	82735	-1111	3.99841	-1111	7.7424	
6909	1228089600	2008	12	01	1	0.1	0.1	82936	-1111	3.99841	-1111	7.67973	
6940	1230768000	2009	01	01	1	0.1	0.1	83097	-1111	3.99841	-1111	7.54273	
6971	1233446400	2009	02	01	1	0.1	0.1	83277	-1111	3.95028	-1111	7.36998	
6999	1235865600	2009	03	01	1	0.1	0.1	83479	-1111	3.95028	-1111	7.09539	
7030	1238544000	2009	04	01	1	0.1	0.1	83693	-1111	3.95028	-1111	7.003	
7060	1241136000	2009	05	01	1	0.1	0.1	83862	-1111	3.95028	-1111	6.88836	
7091	1243814400	2009	06	01	1	0.1	0.1	84057	-1111	3.95028	-1111	7.07099	
7121	1246406400	2009	07	01	1	0.1	0.1	84258	-1111	3.95028	-1111	7.10494	
7152	1249084800	2009	08	01	1	0.1	0.1	84481	-1111	3.95028	-1111	7.30658	
7183	1251763200	2009	09	01	1	0.1	0.1	84669	-1111	3.95028	-1111	7.39745	
7213	1254355200	2009	10	01	1	0.1	0.1	84828	-1111	3.95028	-1111	7.08676	
7244	1257033600	2009	11	01	1	0.1	0.1	85003	-1111	3.95028	-1111	6.88394	
7274	1259625600	2009	12	01	1	0.1	0.1	85200	-1111	3.95028	-1111	6.7524	
7305	1262304000	2010	01	01	1	0.1	0.1	85401	-1111	3.95028	-1111	7.0458	
7336	1264982400	2010	02	01	1	0.1	0.1	85660	-1111	3.71194	-1111	7.14086	
7364	1267401600	2010	03	01	1	0.1	0.1	85860	-1111	3.71194	-1111	7.1133	
7395	1270080000	2010	04	01	1	0.1	0.1	86031	-1111	3.71194	-1111	7.319	
7425	1272672000	2010	05	01	1	0.1	0.1	86214	-1111	3.71194	-1111	7.18915	
7456	1275350400	2010	06	01	1	0.1	0.1	86419	-1111	3.71194	-1111	7.22597	
7486	1277942400	2010	07	01	1	0.1	0.1	86610	-1111	3.71194	-1111	7.08527	
7517	1280620800	2010	08	01	1	0.1	0.1	86822	-1111	3.71194	-1111	7.35801	
7548	1283299200	2010	09	01	1	0.1	0.1	87034	-1111	3.71194	-1111	7.29334	
7578	1285891200	2010	10	01	1	0.1	0.1	87226	-1111	3.71194	-1111	7.55676	
7609	1288569600	2010	11	01	1	0.1	0.1	87434	-1111	3.71194	-1111	7.41856	
7639	1291161600	2010	12	01	1	0.1	0.1	87642	-1111	3.71194	-1111	7.4618	
7670	1293840000	2011	01	01	1	0.1	0.1	87831	-1111	3.71194	-1111	7.42305	
7701	1296518400	2011	02	01	1	0.1	0.1	88017	-1111	3.68488	-1111	7.20598	
7729	1298937600	2011	03	01	1	0.1	0.1	88171	-1111	3.68488	-1111	7.21617	
7760	1301616000	2011	04	01	1	0.1	0.1	88387	-1111	3.68488	-1111	7.07426	
7790	1304208000	2011	05	01	1	0.1	0.1	88582	-1111	3.68488	-1111	7.15154	
7821	1306886400	2011	06	01	1	0.1	0.1	88795	-1111	3.68488	-1111	7.17171	
7851	1309478400	2011	07	01	1	0.1	0.1	88981	-1111	3.68488	-1111	7.22222	
7882	1312156800	2011	08	01	1	0.1	0.1	89155	-1111	3.68488	-1111	7.24676	
7913	1314835200	2011	09	01	1	0.1	0.1	89368	-1111	3.68488	-1111	7.30525	
7943	1317427200	2011	10	01	1	0.1	0.1	89533	-1111	3.68488	-1111	7.17425	
7974	1320105600	2011	11	01	1	0.1	0.1	89731	-1111	3.68488	-1111	7.11876	
8004	1322697600	2011	12	01	1	0.1	0.1	89966	-1111	3.68488	-1111	7.30596	
8035	1325376000	2012	01	01	1	0.1	0.1	90174	-1111	3.68488	-1111	7.42441	
8066	1328054400	2012	02	01	1	0.1	0.1	90372	-1111	3.71054	-1111	7.23759	
8095	1330560000	2012	03	01	1	0.1	0.1	90578	-1111	3.71054	-1111	7.18702	
8126	1333238400	2012	04	01	1	0.1	0.1	90807	-1111	3.71054	-1111	7.22322	
8156	1335830400	2012	05	01	1	0.1	0.1	90983	-1111	3.71054	-1111	7.19591	
8187	1338508800	2012	06	01	1	0.1	0.1	91186	-1111	3.71054	-1111	7.43773	
8217	1341100800	2012	07	01	1	0.1	0.1	91383	-1111	3.71054	-1111	7.41801	
8248	1343779200	2012	08	01	1	0.1	0.1	91566	-1111	3.71054	-1111	7.33925	
8279	1346457600	2012	09	01	1	0.1	0.1	91770	-1111	3.71054	-1111	7.32044	
8309	1349049600	2012	10	01	1	0.1	0.1	91959	-1111	3.71054	-1111	7.36656	
8340	1351728000	2012	11	01	1	0.1	0.1	92182	-1111	3.71054	-1111	7.24139	
8370	1354320000	2012	12	01	1	0.1	0.1	92399	-1111	3.71054	-1111	7.23165	
8401	1356998400	2013	01	01	1	0.1	0.1	92583	-1111	3.71054	-1111	7.04829	
8432	1359676800	2013	02	01	1	0.1	0.1	92840	-1111	3.70973	-1111	7.2483	
8460	1362096000	2013	03	01	1	0.1	0.1	93041	-1111	3.70973	-1111	7.1236	
8491	1364774400	2013	04	01	1	0.1	0.1	93276	-1111	3.70973	-1111	7.3572	
8521	1367366400	2013	05	01	1	0.1	0.1	93487	-1111	3.70973	-1111	7.34043	
8552	1370044800	2013	06	01	1	0.1	0.1	93729	-1111	3.70973	-1111	7.36824	
8582	1372636800	2013	07	01	1	0.1	0.1	93928	-1111	3.70973	-1111	7.21951	
8613	1375315200	2013	08	01	1	0.1	0.1	94172	-1111	3.70973	-1111	7.30487	
8644	1377993600	2013	09	01	1	0.1	0.1	94390	-1111	3.70973	-1111	7.11235	
8674	1380585600	2013	10	01	1	0.1	0.1	94568	-1111	3.70973	-1111	7.29791	
8705	1383264000	2013	11	01	1	0.1	0.1	94767	-1111	3.70973	-1111	7.3029	
8735	1385856000	2013	12	01	1	0.1	0.1	95012	-1111	3.70973	-1111	7.35596	
8766	1388534400	2014	01	01	1	0.1	0.1	95252	-1111	3.70973	-1111	7.32351	
8797	1391212800	2014	02	01	1	0.1	0.1	95442	-1111	3.75831	-1111	7.32187	
8825	1393632000	2014	03	01	1	0.1	0.1	95663	-1111	3.75831	-1111	7.30984	
8856	1396310400	2014	04	01	1	0.1	0.1	95927	-1111	3.75831	-1111	7.34499	
8886	1398902400	2014	05	01	1	0.1	0.1	96171	-1111	3.75831	-1111	7.35031	
8917	1401580800	2014	06	01	1	0.1	0.1	96405	-1111	3.75831	-1111	7.27952	
8947	1404172800	2014	07	01	1	0.1	0.1	96607	-1111	3.75831	-1111	7.3401	
8978	1406851200	2014	08	01	1	0.1	0.1	96789	-1111	3.75831	-1111	7.54234	
9009	1409529600	2014	09	01	1	0.1	0.1	97007	-1111	3.75831	-1111	7.55246	
9039	1412121600	2014	10	01	1	0.1	0.1	97219	-1111	3.75831	-1111	7.41868	
9070	1414800000	2014	11	01	1	0.1	0.1	97439	-1111	3.75831	-1111	7.30286	
9100	1417392000	2014	12	01	1	0.1	0.1	97662	-1111	3.75831	-1111	7.2941	
9131	1420070400	2015	01	01	1	0.1	0.1	97928	-1111	3.75831	-1111	7.17296	
9162	1422748800	2015	02	01	1	0.1	0.1	98162	-1111	3.72767	-1111	7.04684	
9190	1425168000	2015	03	01	1	0.1	0.1	98393	-1111	3.72767	-1111	7.22265	
9221	1427846400	2015	04	01	1	0.1	0.1	98645	-1111	3.72767	-1111	7.44241	
9251	1430438400	2015	05	01	1	0.1	0.1	98838	-1111	3.72767	-1111	7.54206	
9282	1433116800	2015	06	01	1	0.1	0.1	99046	-1111	3.72767	-1111	7.4089	
9312	1435708800	2015	07	01	1	0.1	0.1	99242	-1111	3.72767	-1111	7.27433	
9343	1438387200	2015	08	01	1	0.1	0.1	99438	-1111	3.72767	-1111	7.21839	
9374	1441065600	2015	09	01	1	0.1	0.1	99664	-1111	3.72767	-1111	7.31746	
9404	1443657600	2015	10	01	1	0.1	0.1	99864	-1111	3.72767	-1111	7.25285	
9435	1446336000	2015	11	01	1	0.1	0.1	100096	-1111	3.72767	-1111	7.23933	
9465	1448928000	2015	12	01	1	0.1	0.1	100297	-1111	3.72767	-1111	7.30788	
9496	1451606400	2016	01	01	1	0.1	0.1	100503	-1111	3.72767	-1111	7.14257	
9527	1454284800	2016	02	01	1	0.1	0.1	100762	-1111	3.69665	-1111	7.19592	
9556	1456790400	2016	03	01	1	0.1	0.1	100958	-1111	3.69665	-1111	7.17609	
9587	1459468800	2016	04	01	1	0.1	0.1	101150	-1111	3.69665	-1111	6.94319	
9617	1462060800	2016	05	01	1	0.1	0.1	101419	-1111	3.69665	-1111	7.07261	
9648	1464739200	2016	06	01	1	0.1	0.1	101649	-1111	3.69665	-1111	6.87393	
9678	1467331200	2016	07	01	1	0.1	0.1	101875	-1111	3.69665	-1111	6.86347	
9709	1470009600	2016	08	01	1	0.1	0.1	102073	-1111	3.69665	-1111	6.84889	
9740	1472688000	2016	09	01	1	0.1	0.1	102314	-1111	3.69665	-1111	6.91773	
9770	1475280000	2016	10	01	1	0.1	0.1	102525	-1111	3.69665	-1111	6.82532	
9801	1477958400	2016	11	01	1	0.1	0.1	102722	-1111	3.69665	-1111	6.90469	
9831	1480550400	2016	12	01	1	0.1	0.1	102945	-1111	3.69665	-1111	6.99603	
9862	1483228800	2017	01	01	1	0.1	0.1	103200	-1111	3.69665	-1111	7.20181	
9893	1485907200	2017	02	01	1	0.1	0.1	103440	-1111	3.5438	-1111	6.98912	
9921	1488326400	2017	03	01	1	0.1	0.1	103670	-1111	3.5438	-1111	7.01754	
9952	1491004800	2017	04	01	1	0.1	0.1	103897	-1111	3.5438	-1111	7.06967	
9982	1493596800	2017	05	01	1	0.1	0.1	104113	-1111	3.5438	-1111	7.21544	
10013	1496275200	2017	06	01	1	0.1	0.1	104328	-1111	3.5438	-1111	7.31448	
10043	1498867200	2017	07	01	1	0.1	0.1	104523	-1111	3.5438	-1111	7.28894	
10074	1501545600	2017	08	01	1	0.1	0.1	104742	-1111	3.5438	-1111	7.29029	
10105	1504224000	2017	09	01	1	0.1	0.1	104999	-1111	3.5438	-1111	7.30583	
10135	1506816000	2017	10	01	1	0.1	0.1	105233	-1111	3.5438	-1111	7.48058	
10166	1509494400	2017	11	01	1	0.1	0.1	105464	-1111	3.5438	-1111	7.51996	
10196	1512086400	2017	12	01	1	0.1	0.1	105688	-1111	3.5438	-1111	7.60935	
10227	1514764800	2018	01	01	1	0.1	0.1	105922	-1111	3.5438	-1111	7.48649	
10258	1517443200	2018	02	01	1	0.1	0.1	106209	-1111	3.71385	-1111	7.58193	
10286	1519862400	2018	03	01	1	0.1	0.1	106456	-1111	3.71385	-1111	7.4973	
10317	1522540800	2018	04	01	1	0.1	0.1	106714	-1111	3.71385	-1111	7.39707	
10347	1525132800	2018	05	01	1	0.1	0.1	106968	-1111	3.71385	-1111	7.35502	
10378	1527811200	2018	06	01	1	0.1	0.1	107241	-1111	3.71385	-1111	7.20477	
10408	1530403200	2018	07	01	1	0.1	0.1	107486	-1111	3.71385	-1111	7.0853	
10439	1533081600	2018	08	01	1	0.1	0.1	107735	-1111	3.71385	-1111	7.0967	
10470	1535760000	2018	09	01	1	0.1	0.1	107994	-1111	3.71385	-1111	7.2195	
10500	1538352000	2018	10	01	1	0.1	0.1	108227	-1111	3.71385	-1111	7.43494	
10531	1541030400	2018	11	01	1	0.1	0.1	108478	-1111	3.71385	-1111	7.38386	
10561	1543622400	2018	12	01	1	0.1	0.1	108747	-1111	3.71385	-1111	7.26206	
10592	1546300800	2019	01	01	1	0.1	0.1	109022	-1111	3.71385	-1111	7.27339	
10623	1548979200	2019	02	01	1	0.1	0.1	109255	-1111	3.74957	-1111	7.21916	
10651	1551398400	2019	03	01	1	0.1	0.1	109484	-1111	3.74957	-1111	7.31281	
10682	1554076800	2019	04	01	1	0.1	0.1	109722	-1111	3.74957	-1111	7.33372	
10712	1556668800	2019	05	01	1	0.1	0.1	109987	-1111	3.74957	-1111	7.14156	
10743	1559347200	2019	06	01	1	0.1	0.1	110221	-1111	3.74957	-1111	7.06065	
10773	1561939200	2019	07	01	1	0.1	0.1	110498	-1111	3.74957	-1111	7.18463	
10804	1564617600	2019	08	01	1	0.1	0.1	110754	-1111	3.74957	-1111	7.24909	
10835	1567296000	2019	09	01	1	0.1	0.1	110995	-1111	3.74957	-1111	7.0665	
10865	1569888000	2019	10	01	1	0.1	0.1	111218	-1111	3.74957	-1111	7.01396	
10896	1572566400	2019	11	01	1	0.1	0.1	111490	-1111	3.74957	-1111	6.88226	
10926	1575158400	2019	12	01	1	0.1	0.1	111749	-1111	3.74957	-1111	7.04858	
10957	1577836800	2020	01	01	1	0.1	0.1	111971	-1111	3.74957	-1111	7.00836	
10988	1580515200	2020	02	01	1	0.1	0.1	112220	-1111	3.63259	-1111	7.03491	
11017	1583020800	2020	03	01	1	0.1	0.1	112448	-1111	3.63259	-1111	7.16536	
11048	1585699200	2020	04	01	1	0.1	0.1	112713	-1111	3.63259	-1111	7.27581	
11078	1588291200	2020	05	01	1	0.1	0.1	112985	-1111	3.63259	-1111	7.00866	
11109	1590969600	2020	06	01	1	0.1	0.1	113291	-1111	3.63259	-1111	7.11053	
11139	1593561600	2020	07	01	1	0.1	0.1	113540	-1111	3.63259	-1111	7.13636	
11170	1596240000	2020	08	01	1	0.1	0.1	113769	-1111	3.63259	-1111	7.12439	
11201	1598918400	2020	09	01	1	0.1	0.1	114054	-1111	3.63259	-1111	7.18665	
11231	1601510400	2020	10	01	1	0.1	0.1	114313	-1111	3.63259	-1111	6.97884	
11262	1604188800	2020	11	01	1	0.1	0.1	114596	-1111	3.63259	-1111	7.20764	
11292	1606780800	2020	12	01	1	0.1	0.1	114893	-1111	3.63259	-1111	7.18625	
11323	1609459200	2021	01	01	1	0.1	0.1	115188	-1111	3.63259	-1111	7.13179	
11354	1612137600	2021	02	01	1	0.1	0.1	115422	-1111	3.59294	-1111	7.1109	
11382	1614556800	2021	03	01	1	0.1	0.1	115708	-1111	3.59294	-1111	7.13918	
11413	1617235200	2021	04	01	1	0.1	0.1	115941	-1111	3.59294	-1111	7.39649	
11443	1619827200	2021	05	01	1	0.1	0.1	116183	-1111	3.59294	-1111	7.40526	
11474	1622505600	2021	06	01	1	0.1	0.1	116455	-1111	3.59294	-1111	7.43675	
11504	1625097600	2021	07	01	1	0.1	0.1	116684	-1111	3.59294	-1111	7.27136	
11535	1627776000	2021	08	01	1	0.1	0.1	116926	-1111	3.59294	-1111	7.35654	
11566	1630454400	2021	09	01	1	0.1	0.1	117225	-1111	3.59294	-1111	7.31443	
11596	1633046400	2021	10	01	1	0.1	0.1	117449	-1111	3.59294	-1111	7.07536	
11627	1635724800	2021	11	01	1	0.1	0.1	117726	-1111	3.59294	-1111	7.1088	
11657	1638316800	2021	12	01	1	0.1	0.1	117983	-1111	3.59294	-1111	6.98357	
11688	1640995200	2022	01	01	1	0.1	0.1	118262	-1111	3.59294	-1111	7.18133	
11719	1643673600	2022	02	01	1	0.1	0.1	118575	-1111	3.67709	-1111	7.0275	
11747	1646092800	2022	03	01	1	0.1	0.1	118830	-1111	3.67709	-1111	7.09909	
11778	1648771200	2022	04	01	1	0.1	0.1	119112	-1111	3.67709	-1111	7.14787	
11808	1651363200	2022	05	01	1	0.1	0.1	119398	-1111	3.67709	-1111	7.12001	
11839	1654041600	2022	06	01	1	0.1	0.1	119698	-1111	3.67709	-1111	7.02261	
11869	1656633600	2022	07	01	1	0.1	0.1	119980	-1111	3.67709	-1111	7.06318	
11900	1659312000	2022	08	01	1	0.1	0.1	120253	-1111	3.67709	-1111	7.22283	
11931	1661990400	2022	09	01	1	0.1	0.1	120498	-1111	3.67709	-1111	7.32222	
11961	1664582400	2022	10	01	1	0.1	0.1	120727	-1111	3.67709	-1111	7.34352	
11992	1667260800	2022	11	01	1	0.1	0.1	120994	-1111	3.67709	-1111	7.33969	
12022	1669852800	2022	12	01	1	0.1	0.1	121244	-1111	3.67709	-1111	7.16458	
12053	1672531200	2023	01	01	1	0.1	0.1	121532	-1111	3.67709	-1111	7.03826	
12084	1675209600	2023	02	01	1	0.1	0.1	121787	-1111	3.60067	-1111	7.15332	
12112	1677628800	2023	03	01	1	0.1	0.1	122075	-1111	3.60067	-1111	7.12594	
12143	1680307200	2023	04	01	1	0.1	0.1	122318	-1111	3.60067	-1111	7.21927	
12173	1682899200	2023	05	01	1	0.1	0.1	122572	-1111	3.60067	-1111	7.27631	
12204	1685577600	2023	06	01	1	0.1	0.1	122863	-1111	3.60067	-1111	7.18914	
12234	1688169600	2023	07	01	1	0.1	0.1	123141	-1111	3.60067	-1111	7.23388	
12265	1690848000	2023	08	01	1	0.1	0.1	123429	-1111	3.60067	-1111	7.29147	
12296	1693526400	2023	09	01	1	0.1	0.1	123733	-1111	3.60067	-1111	7.286	
12326	1696118400	2023	10	01	1	0.1	0.1	124009	-1111	3.60067	-1111	7.14788	
12357	1698796800	2023	11	01	1	0.1	0.1	124279	-1111	3.60067	-1111	7.11847	
12387	1701388800	2023	12	01	1	0.1	0.1	124556	-1111	3.60067	-1111	7.04575	
12418	1704067200	2024	01	01	1	0.1	0.1	124823	-1111	3.60067	-1111	6.96745	
12449	1706745600	2024	02	01	1	0.1	0.1	125086	-1111	3.61775	-1111	6.94062	
12478	1709251200	2024	03	01	1	0.1	0.1	125349	-1111	3.61775	-1111	6.67508	
12509	1711929600	2024	04	01	1	0.1	0.1	125619	-1111	3.61775	-1111	6.63497	
12539	1714521600	2024	05	01	1	0.1	0.1	125852	-1111	3.61775	-1111	6.76949	
12570	1717200000	2024	06	01	1	0.1	0.1	126183	-1111	3.61775	-1111	6.78184	
12600	1719792000	2024	07	01	1	0.1	0.1	126422	-1111	3.61775	-1111	6.84156	
12631	1722470400	2024	08	01	1	0.1	0.1	126702	-1111	3.61775	-1111	7.1904	
12662	1725148800	2024	09	01	1	0.1	0.1	126999	-1111	3.61775	-1111	7.07443	
12692	1727740800	2024	10	01	1	0.1	0.1	127256	-1111	3.61775	-1111	7.16154	
12723	1730419200	2024	11	01	1	0.1	0.1	127558	-1111	3.61775	-1111	7.24003	
12753	1733011200	2024	12	01	1	0.1	0.1	127850	-1111	3.61775	-1111	7.40235	
12784	1735689600	2025	01	01	1	0.1	0.1	128181	-1111	3.61775	-1111	7.54425	
12815	1738368000	2025	02	01	1	0.1	0.1	128434	-1111	3.60325	-1111	7.37505	
12843	1740787200	2025	03	01	1	0.1	0.1	128694	-1111	3.60325	-1111	7.41493	
12874	1743465600	2025	04	01	1	0.1	0.1	128957	-1111	3.60325	-1111	7.2791	
12904	1746057600	2025	05	01	1	0.1	0.1	129266	-1111	3.60325	-1111	7.32412	
12935	1748736000	2025	06	01	1	0.1	0.1	129536	-1111	3.60325	-1111	7.27362	
12965	1751328000	2025	07	01	1	0.1	0.1	129816	-1111	3.60325	-1111	7.25866	
12996	1754006400	2025	08	01	1	0.1	0.1	130104	-1111	3.60325	-1111	7.5215	
13027	1756684800	2025	09	01	1	0.1	0.1	130365	-1111	3.60325	-1111	7.42779	
13057	1759276800	2025	10	01	1	0.1	0.1	130660	-1111	3.60325	-1111	7.46513	
13088	1761955200	2025	11	01	1	0.1	0.1	130995	-1111	3.60325	-1111	7.43106	
13118	1764547200	2025	12	01	1	0.1	0.1	131287	-1111	3.60325	-1111	7.39175	
13149	1767225600	2026	01	01	1	0.1	0.1	131582	-1111	3.60325	-1111	7.47057	
13180	1769904000	2026	02	01	1	0.1	0.1	131899	-1111	3.76533	-1111	7.29289	
13208	1772323200	2026	03	01	1	0.1	0.1	132168	-1111	3.76533	-1111	7.42078	
13239	1775001600	2026	04	01	1	0.1	0.1	132506	-1111	3.76533	-1111	7.37604	
13269	1777593600	2026	05	01	1	0.1	0.1	132801	-1111	3.76533	-1111	7.41595	
13300	1780272000	2026	06	01	1	0.1	0.1	133121	-1111	3.76533	-1111	7.22317	
13330	1782864000	2026	07	01	1	0.1	0.1	133410	-1111	3.76533	-1111	7.30473	
13361	1785542400	2026	08	01	1	0.1	0.1	133738	-1111	3.76533	-1111	7.26798	
13392	1788220800	2026	09	01	1	0.1	0.1	134067	-1111	3.76533	-1111	7.2353	
13422	1790812800	2026	10	01	1	0.1	0.1	134344	-1111	3.76533	-1111	7.17009	
13453	1793491200	2026	11	01	1	0.1	0.1	134682	-1111	3.76533	-1111	7.08768	
13483	1796083200	2026	12	01	1	0.1	0.1	135011	-1111	3.76533	-1111	7.03906	
13514	1798761600	2027	01	01	1	0.1	0.1	135299	-1111	3.76533	-1111	7.19772	
13545	1801440000	2027	02	01	1	0.1	0.1	135625	-1111	3.67061	-1111	7.0378	
13573	1803859200	2027	03	01	1	0.1	0.1	135881	-1111	3.67061	-1111	7.09566	
13604	1806537600	2027	04	01	1	0.1	0.1	136176	-1111	3.67061	-1111	7.05196	
13634	1809129600	2027	05	01	1	0.1	0.1	136532	-1111	3.67061	-1111	7.31288	
13665	1811808000	2027	06	01	1	0.1	0.1	136836	-1111	3.67061	-1111	7.23875	
13695	1814400000	2027	07	01	1	0.1	0.1	137119	-1111	3.67061	-1111	7.29176	
13726	1817078400	2027	08	01	1	0.1	0.1	137491	-1111	3.67061	-1111	7.3816	
13757	1819756800	2027	09	01	1	0.1	0.1	137783	-1111	3.67061	-1111	7.30165	
13787	1822348800	2027	10	01	1	0.1	0.1	138057	-1111	3.67061	-1111	7.27535	
13818	1825027200	2027	11	01	1	0.1	0.1	138381	-1111	3.67061	-1111	7.29923	
13848	1827619200	2027	12	01	1	0.1	0.1	138658	-1111	3.67061	-1111	7.57298	
13879	1830297600	2028	01	01	1	0.1	0.1	138986	-1111	3.67061	-1111	7.56646	
13910	1832976000	2028	02	01	1	0.1	0.1	139311	-1111	3.59382	-1111	7.57183	
13939	1835481600	2028	03	01	1	0.1	0.1	139643	-1111	3.59382	-1111	7.44466	
13970	1838160000	2028	04	01	1	0.1	0.1	139955	-1111	3.59382	-1111	7.29158	
14000	1840752000	2028	05	01	1	0.1	0.1	140276	-1111	3.59382	-1111	7.33168	
14031	1843430400	2028	06	01	1	0.1	0.1	140580	-1111	3.59382	-1111	7.51387	
14061	1846022400	2028	07	01	1	0.1	0.1	140894	-1111	3.59382	-1111	7.55236	
14092	1848700800	2028	08	01	1	0.1	0.1	141218	-1111	3.59382	-1111	7.5091	
14123	1851379200	2028	09	01	1	0.1	0.1	141548	-1111	3.59382	-1111	7.41651	
14153	1853971200	2028	10	01	1	0.1	0.1	141843	-1111	3.59382	-1111	7.34766	
14184	1856649600	2028	11	01	1	0.1	0.1	142162	-1111	3.59382	-1111	7.38354	
14214	1859241600	2028	12	01	1	0.1	0.1	142466	-1111	3.59382	-1111	7.38104	
14245	1861920000	2029	01	01	1	0.1	0.1	142776	-1111	3.59382	-1111	7.22259	
14276	1864598400	2029	02	01	1	0.1	0.1	143150	-1111	3.71512	-1111	7.29629	
14304	1867017600	2029	03	01	1	0.1	0.1	143410	-1111	3.71512	-1111	7.30867	
14335	1869696000	2029	04	01	1	0.1	0.1	143672	-1111	3.71512	-1111	7.44034	
14365	1872288000	2029	05	01	1	0.1	0.1	143984	-1111	3.71512	-1111	7.38982	
14396	1874966400	2029	06	01	1	0.1	0.1	144332	-1111	3.71512	-1111	7.34714	
14426	1877558400	2029	07	01	1	0.1	0.1	144648	-1111	3.71512	-1111	7.18172	
14457	1880236800	2029	08	01	1	0.1	0.1	144946	-1111	3.71512	-1111	7.3388	
14488	1882915200	2029	09	01	1	0.1	0.1	145261	-1111	3.71512	-1111	7.45838	
14518	1885507200	2029	10	01	1	0.1	0.1	145558	-1111	3.71512	-1111	7.45588	
14549	1888185600	2029	11	01	1	0.1	0.1	145850	-1111	3.71512	-1111	7.42848	
14579	1890777600	2029	12	01	1	0.1	0.1	146209	-1111	3.71512	-1111	7.35139	
14610	1893456000	2030	01	01	1	0.1	0.1	146505	-1111	3.71512	-1111	7.34794	
