0	631152000	1990	01	01	1	0.6	0.5	50000	-1111	0	-1111	4.78018	
31	633830400	1990	02	01	1	0	0	50117	-1111	0	-1111	12.3688	
59	636249600	1990	03	01	1	0	0	50224	-1111	0	-1111	14.8895	
90	638928000	1990	04	01	1	0	0	50339	-1111	0	-1111	14.9054	
120	641520000	1990	05	01	1	0	0	50467	-1111	0	-1111	17.6139	
151	644198400	1990	06	01	1	0	0	50564	-1111	0	-1111	19.2807	
181	646790400	1990	07	01	1	0	0	50652	-1111	0	-1111	20.2717	
212	649468800	1990	08	01	1	0	0	50754	-1111	0	-1111	20.4344	
243	652147200	1990	09	01	1	0	0	50881	-1111	0	-1111	20.746	
273	654739200	1990	10	01	1	0	0	50971	-1111	0	-1111	20.1785	
304	657417600	1990	11	01	1	0	0	51041	-1111	0	-1111	19.9178	
334	660009600	1990	12	01	1	0	0	51146	-1111	0	-1111	19.3132	
365	662688000	1991	01	01	1	0	0	51257	-1111	0	-1111	17.642	
396	665366400	1991	02	01	1	0	0	51372	-1111	0	-1111	16.1026	
424	667785600	1991	03	01	1	0	0	51480	-1111	0	-1111	14.9887	
455	670464000	1991	04	01	1	0	0	51620	-1111	0	-1111	13.6384	
485	673056000	1991	05	01	1	0	0	51718	-1111	0	-1111	12.6647	
516	675734400	1991	06	01	1	0	0	51828	-1111	0	-1111	11.8573	
546	678326400	1991	07	01	1	0	0	51953	-1111	0	-1111	10.7132	
577	681004800	1991	08	01	1	0	0	52103	-1111	0	-1111	9.74761	
608	683683200	1991	09	01	1	0	0	52227	-1111	0	-1111	8.68499	
638	686275200	1991	10	01	1	0	0	52323	-1111	0	-1111	7.80073	
669	688953600	1991	11	01	1	0	0	52447	-1111	0	-1111	7.18356	
699	691545600	1991	12	01	1	0	0	52571	-1111	0	-1111	6.88411	
730	694224000	1992	01	01	1	0	0	52701	-1111	0	-1111	6.31284	
761	696902400	1992	02	01	1	0	0	52825	-1111	5.37188	-1111	6.1442	
790	699408000	1992	03	01	1	0	0	52933	-1111	5.37188	-1111	6.25756	
821	702086400	1992	04	01	1	0	0	53064	-1111	5.37188	-1111	6.12029	
851	704678400	1992	05	01	1	0	0	53194	-1111	5.37188	-1111	5.815	
882	707356800	1992	06	01	1	0	0	53302	-1111	5.37188	-1111	5.94737	
912	709948800	1992	07	01	1	0	0	53397	-1111	5.37188	-1111	5.9522	
943	712627200	1992	08	01	1	0	0	53529	-1111	5.37188	-1111	5.77791	
974	715305600	1992	09	01	1	0	0	53647	-1111	5.37188	-1111	6.13469	
1004	717897600	1992	10	01	1	0	0	53765	-1111	5.37188	-1111	6.40785	
1035	720576000	1992	11	01	1	0	0	53885	-1111	5.37188	-1111	6.90328	
1065	723168000	1992	12	01	1	0	0	53998	-1111	5.37188	-1111	7.10968	
1096	725846400	1993	01	01	1	0	0	54127	-1111	5.37188	-1111	6.96666	
1127	728524800	1993	02	01	1	0	0	54248	-1111	3.23468	-1111	7.09162	
1155	730944000	1993	03	01	1	0	0	54358	-1111	3.23468	-1111	7.32436	
1186	733622400	1993	04	01	1	0	0	54491	-1111	3.23468	-1111	7.42234	
1216	736214400	1993	05	01	1	0	0	54655	-1111	3.23468	-1111	7.66935	
1247	738892800	1993	06	01	1	0	0	54748	-1111	3.23468	-1111	8.11376	
1277	741484800	1993	07	01	1	0	0	54878	-1111	3.23468	-1111	8.50652	
1308	744163200	1993	08	01	1	0	0	55009	-1111	3.23468	-1111	8.93427	
1339	746841600	1993	09	01	1	0	0	55120	-1111	3.23468	-1111	8.76464	
1369	749433600	1993	10	01	1	0	0	55229	-1111	3.23468	-1111	8.8268	
1400	752112000	1993	11	01	1	0	0	55342	-1111	3.23468	-1111	9.04381	
1430	754704000	1993	12	01	1	0	0	55466	-1111	3.23468	-1111	9.13256	
1461	757382400	1994	01	01	1	0	0	55569	-1111	3.23468	-1111	9.05332	
1492	760060800	1994	02	01	1	0	0	55716	-1111	4.3686	-1111	8.93357	
1520	762480000	1994	03	01	1	0	0	55829	-1111	4.3686	-1111	8.79735	
1551	765158400	1994	04	01	1	0	0	55940	-1111	4.3686	-1111	8.66946	
1581	767750400	1994	05	01	1	0	0	56050	-1111	4.3686	-1111	8.38591	
1612	770428800	1994	06	01	1	0	0	56198	-1111	4.3686	-1111	8.04455	
1642	773020800	1994	07	01	1	0	0	56325	-1111	4.3686	-1111	8.10791	
1673	775699200	1994	08	01	1	0	0	56433	-1111	4.3686	-1111	7.93151	
1704	778377600	1994	09	01	1	0	0	56564	-1111	4.3686	-1111	7.9386	
1734	780969600	1994	10	01	1	0	0	56687	-1111	4.3686	-1111	7.83727	
1765	783648000	1994	11	01	1	0	0	56824	-1111	4.3686	-1111	7.94287	
1795	786240000	1994	12	01	1	0	0	56941	-1111	4.3686	-1111	7.97349	
1826	788918400	1995	01	01	1	0	0	57086	-1111	4.3686	-1111	7.83544	
1857	791596800	1995	02	01	1	0	0	57195	-1111	4.15787	-1111	7.48966	
1885	794016000	1995	03	01	1	0	0	57310	-1111	4.15787	-1111	7.80831	
1916	796694400	1995	04	01	1	0	0	57463	-1111	4.15787	-1111	7.93973	
1946	799286400	1995	05	01	1	0	0	57617	-1111	4.15787	-1111	7.73509	
1977	801964800	1995	06	01	1	0	0	57743	-1111	4.15787	-1111	7.76523	
2007	804556800	1995	07	01	1	0	0	57873	-1111	4.15787	-1111	7.70288	
2038	807235200	1995	08	01	1	0	0	58001	-1111	4.15787	-1111	7.78686	
2069	809913600	1995	09	01	1	0	0	58171	-1111	4.15787	-1111	7.75619	
2099	812505600	1995	10	01	1	0	0	58303	-1111	4.15787	-1111	7.76671	
2130	815184000	1995	11	01	1	0	0	58444	-1111	4.15787	-1111	8.03468	
2160	817776000	1995	12	01	1	0	0	58562	-1111	4.15787	-1111	8.07709	
2191	820454400	1996	01	01	1	0	0	58674	-1111	4.15787	-1111	8.17137	
2222	823132800	1996	02	01	1	0	0	58795	-1111	4.05151	-1111	8.19885	
2251	825638400	1996	03	01	1	0	0	58928	-1111	4.05151	-1111	7.84624	
2282	828316800	1996	04	01	1	0	0	59095	-1111	4.05151	-1111	7.77076	
2312	830908800	1996	05	01	1	0	0	59207	-1111	4.05151	-1111	7.93423	
2343	833587200	1996	06	01	1	0	0	59351	-1111	4.05151	-1111	7.88079	
2373	836179200	1996	07	01	1	0	0	59499	-1111	4.05151	-1111	8.01232	
2404	838857600	1996	08	01	1	0	0	59620	-1111	4.05151	-1111	8.10695	
2435	841536000	1996	09	01	1	0	0	59753	-1111	4.05151	-1111	7.75005	
2465	844128000	1996	10	01	1	0	0	59879	-1111	4.05151	-1111	8.02941	
2496	846806400	1996	11	01	1	0	0	60024	-1111	4.05151	-1111	7.75868	
2526	849398400	1996	12	01	1	0	0	60154	-1111	4.05151	-1111	7.71041	
2557	852076800	1997	01	01	1	0	0	60299	-1111	4.05151	-1111	7.34311	
2588	854755200	1997	02	01	1	0	0	60454	-1111	3.99294	-1111	7.23534	
2616	857174400	1997	03	01	1	0	0	60566	-1111	3.99294	-1111	7.06367	
2647	859852800	1997	04	01	1	0	0	60704	-1111	3.99294	-1111	7.61831	
2677	862444800	1997	05	01	1	0	0	60840	-1111	3.99294	-1111	7.75074	
2708	865123200	1997	06	01	1	0	0	60969	-1111	3.99294	-1111	7.98313	
2738	867715200	1997	07	01	1	0	0	61097	-1111	3.99294	-1111	7.96684	
2769	870393600	1997	08	01	1	0	0	61265	-1111	3.99294	-1111	8.08371	
2800	873072000	1997	09	01	1	0	0	61399	-1111	3.99294	-1111	8.00251	
2830	875664000	1997	10	01	1	0	0	61535	-1111	3.99294	-1111	8.26147	
2861	878342400	1997	11	01	1	0	0	61668	-1111	3.99294	-1111	8.16454	
2891	880934400	1997	12	01	1	0	0	61814	-1111	3.99294	-1111	8.18957	
2922	883612800	1998	01	01	1	0	0	61973	-1111	3.99294	-1111	8.44515	
2953	886291200	1998	02	01	1	0	0	62095	-1111	4.04174	-1111	8.48066	
2981	888710400	1998	03	01	1	0	0	62207	-1111	4.04174	-1111	8.14386	
3012	891388800	1998	04	01	1	0	0	62358	-1111	4.04174	-1111	7.8317	
3042	893980800	1998	05	01	1	0	0	62529	-1111	4.04174	-1111	7.9874	
3073	896659200	1998	06	01	1	0	0	62676	-1111	4.04174	-1111	8.22798	
3103	899251200	1998	07	01	1	0	0	62815	-1111	4.04174	-1111	8.28564	
3134	901929600	1998	08	01	1	0	0	62967	-1111	4.04174	-1111	8.58699	
3165	904608000	1998	09	01	1	0	0	63106	-1111	4.04174	-1111	8.40228	
3195	907200000	1998	10	01	1	0	0	63231	-1111	4.04174	-1111	8.42704	
3226	909878400	1998	11	01	1	0	0	63344	-1111	4.04174	-1111	8.57375	
3256	912470400	1998	12	01	1	0	0	63479	-1111	4.04174	-1111	8.96226	
3287	915148800	1999	01	01	1	0	0	63625	-1111	4.04174	-1111	8.817	
3318	917827200	1999	02	01	1	0	0	63782	-1111	4.29989	-1111	8.82944	
3346	920246400	1999	03	01	1	0	0	63895	-1111	4.29989	-1111	8.56664	
3377	922924800	1999	04	01	1	0	0	64058	-1111	4.29989	-1111	8.31551	
3407	925516800	1999	05	01	1	0	0	64193	-1111	4.29989	-1111	8.15782	
3438	928195200	1999	06	01	1	0	0	64335	-1111	4.29989	-1111	7.99122	
3468	930787200	1999	07	01	1	0	0	64445	-1111	4.29989	-1111	8.11852	
3499	933465600	1999	08	01	1	0	0	64578	-1111	4.29989	-1111	7.77065	
3530	936144000	1999	09	01	1	0	0	64721	-1111	4.29989	-1111	7.44401	
3560	938736000	1999	10	01	1	0	0	64871	-1111	4.29989	-1111	7.5184	
3591	941414400	1999	11	01	1	0	0	64986	-1111	4.29989	-1111	7.44841	
3621	944006400	1999	12	01	1	0	0	65112	-1111	4.29989	-1111	7.49673	
3652	946684800	2000	01	01	1	0	0	65248	-1111	4.29989	-1111	7.46288	
3683	949363200	2000	02	01	1	0.3	0.3	65394	-1111	3.89812	-1111	6.48418	
3712	951868800	2000	03	01	1	0.3	0.3	65539	-1111	3.89812	-1111	5.73597	
3743	954547200	2000	04	01	1	0.3	0.3	65690	-1111	3.89812	-1111	5.37016	
3773	957139200	2000	05	01	1	0.3	0.3	65836	-1111	3.89812	-1111	5.01615	
3804	959817600	2000	06	01	1	0.3	0.3	66015	-1111	3.89812	-1111	4.83192	
3834	962409600	2000	07	01	1	0.3	0.3	66199	-1111	3.89812	-1111	4.38334	
3865	965088000	2000	08	01	1	0.3	0.3	66343	-1111	3.89812	-1111	4.5083	
3896	967766400	2000	09	01	1	0.3	0.3	66496	-1111	3.89812	-1111	4.37189	
3926	970358400	2000	10	01	1	0.3	0.3	66665	-1111	3.89812	-1111	4.32257	
3957	973036800	2000	11	01	1	0.3	0.3	66820	-1111	3.89812	-1111	4.09612	
3987	975628800	2000	12	01	1	0.3	0.3	66967	-1111	3.89812	-1111	3.85103	
4018	978307200	2001	01	01	1	0.3	0.3	67132	-1111	3.89812	-1111	3.86641	
4049	980985600	2001	02	01	1	0.3	0.3	67286	-1111	2.6379	-1111	3.99141	
4077	983404800	2001	03	01	1	0.3	0.3	67442	-1111	2.6379	-1111	3.99547	
4108	986083200	2001	04	01	1	0.3	0.3	67617	-1111	2.6379	-1111	4.21708	
4138	988675200	2001	05	01	1	0.3	0.3	67802	-1111	2.6379	-1111	4.28444	
4169	991353600	2001	06	01	1	0.3	0.3	67954	-1111	2.6379	-1111	4.76781	
4199	993945600	2001	07	01	1	0.3	0.3	68094	-1111	2.6379	-1111	4.94162	
4230	996624000	2001	08	01	1	0.3	0.3	68222	-1111	2.6379	-1111	5.10936	
4261	999302400	2001	09	01	1	0.3	0.3	68396	-1111	2.6379	-1111	5.3129	
4291	1001894400	2001	10	01	1	0.3	0.3	68557	-1111	2.6379	-1111	5.31834	
4322	1004572800	2001	11	01	1	0.3	0.3	68736	-1111	2.6379	-1111	5.56205	
4352	1007164800	2001	12	01	1	0.3	0.3	68904	-1111	2.6379	-1111	5.68427	
4383	1009843200	2002	01	01	1	0.3	0.3	69087	-1111	2.6379	-1111	5.63159	
4414	1012521600	2002	02	01	1	0.3	0.3	69245	-1111	2.88167	-1111	5.96815	
4442	1014940800	2002	03	01	1	0.3	0.3	69389	-1111	2.88167	-1111	5.98261	
4473	1017619200	2002	04	01	1	0.3	0.3	69553	-1111	2.88167	-1111	5.87929	
4503	1020211200	2002	05	01	1	0.3	0.3	69717	-1111	2.88167	-1111	6.17419	
4534	1022889600	2002	06	01	1	0.3	0.3	69860	-1111	2.88167	-1111	6.25611	
4564	1025481600	2002	07	01	1	0.3	0.3	70036	-1111	2.88167	-1111	6.52722	
4595	1028160000	2002	08	01	1	0.3	0.3	70210	-1111	2.88167	-1111	6.50504	
4626	1030838400	2002	09	01	1	0.3	0.3	70390	-1111	2.88167	-1111	6.25071	
4656	1033430400	2002	10	01	1	0.3	0.3	70531	-1111	2.88167	-1111	6.34224	
4687	1036108800	2002	11	01	1	0.3	0.3	70672	-1111	2.88167	-1111	6.17754	
4717	1038700800	2002	12	01	1	0.3	0.3	70820	-1111	2.88167	-1111	6.30994	
4748	1041379200	2003	01	01	1	0.3	0.3	70995	-1111	2.88167	-1111	6.03317	
4779	1044057600	2003	02	01	1	0.3	0.3	71162	-1111	3.52959	-1111	6.00982	
4807	1046476800	2003	03	01	1	0.3	0.3	71290	-1111	3.52959	-1111	6.18528	
4838	1049155200	2003	04	01	1	0.3	0.3	71445	-1111	3.52959	-1111	5.93154	
4868	1051747200	2003	05	01	1	0.3	0.3	71608	-1111	3.52959	-1111	6.2157	
4899	1054425600	2003	06	01	1	0.3	0.3	71741	-1111	3.52959	-1111	5.97756	
4929	1057017600	2003	07	01	1	0.3	0.3	71936	-1111	3.52959	-1111	6.26321	
4960	1059696000	2003	08	01	1	0.3	0.3	72121	-1111	3.52959	-1111	6.16317	
4991	1062374400	2003	09	01	1	0.3	0.3	72309	-1111	3.52959	-1111	6.22508	
5021	1064966400	2003	10	01	1	0.3	0.3	72451	-1111	3.52959	-1111	6.21581	
5052	1067644800	2003	11	01	1	0.3	0.3	72627	-1111	3.52959	-1111	6.24725	
5082	1070236800	2003	12	01	1	0.3	0.3	72758	-1111	3.52959	-1111	6.42449	
5113	1072915200	2004	01	01	1	0.3	0.3	72959	-1111	3.52959	-1111	6.46275	
5144	1075593600	2004	02	01	1	0.3	0.3	73115	-1111	3.55795	-1111	6.46184	
5173	1078099200	2004	03	01	1	0.3	0.3	73281	-1111	3.55795	-1111	6.61067	
5204	1080777600	2004	04	01	1	0.3	0.3	73448	-1111	3.55795	-1111	6.34048	
5234	1083369600	2004	05	01	1	0.3	0.3	73617	-1111	3.55795	-1111	6.1393	
5265	1086048000	2004	06	01	1	0.3	0.3	73790	-1111	3.55795	-1111	5.83618	
5295	1088640000	2004	07	01	1	0.3	0.3	73941	-1111	3.55795	-1111	5.83981	
5326	1091318400	2004	08	01	1	0.3	0.3	74129	-1111	3.55795	-1111	6.10379	
5357	1093996800	2004	09	01	1	0.3	0.3	74280	-1111	3.55795	-1111	6.06418	
5387	1096588800	2004	10	01	1	0.3	0.3	74429	-1111	3.55795	-1111	5.73674	
5418	1099267200	2004	11	01	1	0.3	0.3	74601	-1111	3.55795	-1111	5.43467	
5448	1101859200	2004	12	01	1	0.3	0.3	74793	-1111	3.55795	-1111	5.3939	
5479	1104537600	2005	01	01	1	0.3	0.3	74985	-1111	3.55795	-1111	5.3103	
5510	1107216000	2005	02	01	1	0.3	0.3	75158	-1111	3.37466	-1111	5.63105	
5538	1109635200	2005	03	01	1	0.3	0.3	75320	-1111	3.37466	-1111	5.53504	
5569	1112313600	2005	04	01	1	0.3	0.3	75496	-1111	3.37466	-1111	5.46669	
5599	1114905600	2005	05	01	1	0.3	0.3	75671	-1111	3.37466	-1111	5.22619	
5630	1117584000	2005	06	01	1	0.3	0.3	75866	-1111	3.37466	-1111	5.2204	
5660	1120176000	2005	07	01	1	0.3	0.3	76026	-1111	3.37466	-1111	5.37	
5691	1122854400	2005	08	01	1	0.3	0.3	76194	-1111	3.37466	-1111	5.28341	
5722	1125532800	2005	09	01	1	0.3	0.3	76352	-1111	3.37466	-1111	5.26125	
5752	1128124800	2005	10	01	1	0.3	0.3	76501	-1111	3.37466	-1111	5.13165	
5783	1130803200	2005	11	01	1	0.3	0.3	76651	-1111	3.37466	-1111	5.16076	
5813	1133395200	2005	12	01	1	0.3	0.3	76820	-1111	3.37466	-1111	5.2637	
5844	1136073600	2006	01	01	1	0.3	0.3	77022	-1111	3.37466	-1111	5.362	
5875	1138752000	2006	02	01	1	0.3	0.3	77173	-1111	2.93783	-1111	5.43779	
5903	1141171200	2006	03	01	1	0.3	0.3	77353	-1111	2.93783	-1111	5.44155	
5934	1143849600	2006	04	01	1	0.3	0.3	77516	-1111	2.93783	-1111	5.30987	
5964	1146441600	2006	05	01	1	0.3	0.3	77705	-1111	2.93783	-1111	5.37689	
5995	1149120000	2006	06	01	1	0.3	0.3	77896	-1111	2.93783	-1111	5.53014	
6025	1151712000	2006	07	01	1	0.3	0.3	78068	-1111	2.93783	-1111	5.97507	
6056	1154390400	2006	08	01	1	0.3	0.3	78268	-1111	2.93783	-1111	5.78137	
6087	1157068800	2006	09	01	1	0.3	0.3	78448	-1111	2.93783	-1111	5.91178	
6117	1159660800	2006	10	01	1	0.3	0.3	78638	-1111	2.93783	-1111	5.94554	
6148	1162339200	2006	11	01	1	0.3	0.3	78849	-1111	2.93783	-1111	5.73168	
6178	1164931200	2006	12	01	1	0.3	0.3	79039	-1111	2.93783	-1111	5.78417	
6209	1167609600	2007	01	01	1	0.3	0.3	79211	-1111	2.93783	-1111	5.79189	
6240	1170288000	2007	02	01	1	0.3	0.3	79344	-1111	3.2344	-1111	5.83578	
6268	1172707200	2007	03	01	1	0.3	0.3	79518	-1111	3.2344	-1111	5.84232	
6299	1175385600	2007	04	01	1	0.3	0.3	79714	-1111	3.2344	-1111	5.79653	
6329	1177977600	2007	05	01	1	0.3	0.3	79920	-1111	3.2344	-1111	5.8582	
6360	1180656000	2007	06	01	1	0.3	0.3	80093	-1111	3.2344	-1111	5.80196	
6390	1183248000	2007	07	01	1	0.3	0.3	80278	-1111	3.2344	-1111	5.58868	
6421	1185926400	2007	08	01	1	0.3	0.3	80439	-1111	3.2344	-1111	5.72735	
6452	1188604800	2007	09	01	1	0.3	0.3	80628	-1111	3.2344	-1111	5.75819	
6482	1191196800	2007	10	01	1	0.3	0.3	80859	-1111	3.2344	-1111	5.65132	
6513	1193875200	2007	11	01	1	0.3	0.3	81049	-1111	3.2344	-1111	5.61776	
6543	1196467200	2007	12	01	1	0.3	0.3	81242	-1111	3.2344	-1111	5.7529	
6574	1199145600	2008	01	01	1	0.3	0.3	81400	-1111	3.2344	-1111	5.51717	
6605	1201824000	2008	02	01	1	0.3	0.3	81623	-1111	3.20452	-1111	5.4146	
6634	1204329600	2008	03	01	1	0.3	0.3	81809	-1111	3.20452	-1111	5.02398	
6665	1207008000	2008	04	01	1	0.3	0.3	81987	-1111	3.20452	-1111	4.97486	
6695	1209600000	2008	05	01	1	0.3	0.3	82161	-1111	3.20452	-1111	5.22662	
6726	1212278400	2008	06	01	1	0.3	0.3	82372	-1111	3.20452	-1111	5.32493	
6756	1214870400	2008	07	01	1	0.3	0.3	82573	-1111	3.20452	-1111	5.48543	
6787	1217548800	2008	08	01	1	0.3	0.3	82765	-1111	3.20452	-1111	5.43275	
6818	1220227200	2008	09	01	1	0.3	0.3	82948	-1111	3.20452	-1111	5.42183	
6848	1222819200	2008	10	01	1	0.3	0.3	83141	-1111	3.20452	-1111	5.69342	
6879	1225497600	2008	11	01	1	0.3	0.3	83334	-1111	3.20452	-1111	5.69419	
6909	1228089600	2008	12	01	1	0.3	0.3	83535	-1111	3.20452	-1111	5.64188	
6940	1230768000	2009	01	01	1	0.3	0.3	83750	-1111	3.20452	-1111	5.86788	
6971	1233446400	2009	02	01	1	0.3	0.3	83930	-1111	3.10072	-1111	6.02154	
6999	1235865600	2009	03	01	1	0.3	0.3	84128	-1111	3.10072	-1111	6.1658	
7030	1238544000	2009	04	01	1	0.3	0.3	84318	-1111	3.10072	-1111	6.18014	
7060	1241136000	2009	05	01	1	0.3	0.3	84508	-1111	3.10072	-1111	6.21485	
7091	1243814400	2009	06	01	1	0.3	0.3	84659	-1111	3.10072	-1111	5.95171	
7121	1246406400	2009	07	01	1	0.3	0.3	84853	-1111	3.10072	-1111	6.00103	
7152	1249084800	2009	08	01	1	0.3	0.3	85045	-1111	3.10072	-1111	5.96715	
7183	1251763200	2009	09	01	1	0.3	0.3	85229	-1111	3.10072	-1111	5.94175	
7213	1254355200	2009	10	01	1	0.3	0.3	85417	-1111	3.10072	-1111	5.9515	
7244	1257033600	2009	11	01	1	0.3	0.3	85602	-1111	3.10072	-1111	5.97793	
7274	1259625600	2009	12	01	1	0.3	0.3	85791	-1111	3.10072	-1111	5.88317	
7305	1262304000	2010	01	01	1	0.3	0.3	85987	-1111	3.10072	-1111	6.0652	
7336	1264982400	2010	02	01	1	0.3	0.3	86166	-1111	3.34529	-1111	5.71311	
7364	1267401600	2010	03	01	1	0.3	0.3	86327	-1111	3.34529	-1111	5.57662	
7395	1270080000	2010	04	01	1	0.3	0.3	86534	-1111	3.34529	-1111	5.53426	
7425	1272672000	2010	05	01	1	0.3	0.3	86746	-1111	3.34529	-1111	5.78919	
7456	1275350400	2010	06	01	1	0.3	0.3	86948	-1111	3.34529	-1111	5.77255	
7486	1277942400	2010	07	01	1	0.3	0.3	87154	-1111	3.34529	-1111	5.83658	
7517	1280620800	2010	08	01	1	0.3	0.3	87373	-1111	3.34529	-1111	6.00289	
7548	1283299200	2010	09	01	1	0.3	0.3	87557	-1111	3.34529	-1111	6.03809	
7578	1285891200	2010	10	01	1	0.3	0.3	87776	-1111	3.34529	-1111	6.02588	
7609	1288569600	2010	11	01	1	0.3	0.3	87979	-1111	3.34529	-1111	5.92792	
7639	1291161600	2010	12	01	1	0.3	0.3	88157	-1111	3.34529	-1111	5.97841	
7670	1293840000	2011	01	01	1	0.3	0.3	88379	-1111	3.34529	-1111	6.06951	
7701	1296518400	2011	02	01	1	0.3	0.3	88560	-1111	3.22227	-1111	6.27219	
7729	1298937600	2011	03	01	1	0.3	0.3	88748	-1111	3.22227	-1111	6.23783	
7760	1301616000	2011	04	01	1	0.3	0.3	88938	-1111	3.22227	-1111	6.40544	
7790	1304208000	2011	05	01	1	0.3	0.3	89133	-1111	3.22227	-1111	6.23211	
7821	1306886400	2011	06	01	1	0.3	0.3	89333	-1111	3.22227	-1111	6.40472	
7851	1309478400	2011	07	01	1	0.3	0.3	89534	-1111	3.22227	-1111	6.6438	
7882	1312156800	2011	08	01	1	0.3	0.3	89715	-1111	3.22227	-1111	6.51002	
7913	1314835200	2011	09	01	1	0.3	0.3	89923	-1111	3.22227	-1111	6.39349	
7943	1317427200	2011	10	01	1	0.3	0.3	90151	-1111	3.22227	-1111	6.44485	
7974	1320105600	2011	11	01	1	0.3	0.3	90391	-1111	3.22227	-1111	6.43925	
8004	1322697600	2011	12	01	1	0.3	0.3	90615	-1111	3.22227	-1111	6.3092	
8035	1325376000	2012	01	01	1	0.3	0.3	90847	-1111	3.22227	-1111	6.45581	
8066	1328054400	2012	02	01	1	0.3	0.3	91036	-1111	3.58731	-1111	6.29468	
8095	1330560000	2012	03	01	1	0.3	0.3	91212	-1111	3.58731	-1111	6.50414	
8126	1333238400	2012	04	01	1	0.3	0.3	91387	-1111	3.58731	-1111	6.47504	
8156	1335830400	2012	05	01	1	0.3	0.3	91569	-1111	3.58731	-1111	6.32196	
8187	1338508800	2012	06	01	1	0.3	0.3	91788	-1111	3.58731	-1111	6.30511	
8217	1341100800	2012	07	01	1	0.3	0.3	91985	-1111	3.58731	-1111	6.2956	
8248	1343779200	2012	08	01	1	0.3	0.3	92191	-1111	3.58731	-1111	6.30557	
8279	1346457600	2012	09	01	1	0.3	0.3	92415	-1111	3.58731	-1111	6.08647	
8309	1349049600	2012	10	01	1	0.3	0.3	92594	-1111	3.58731	-1111	6.1904	
8340	1351728000	2012	11	01	1	0.3	0.3	92815	-1111	3.58731	-1111	5.87135	
8370	1354320000	2012	12	01	1	0.3	0.3	92989	-1111	3.58731	-1111	5.94051	
8401	1356998400	2013	01	01	1	0.3	0.3	93196	-1111	3.58731	-1111	6.02853	
8432	1359676800	2013	02	01	1	0.3	0.3	93394	-1111	3.39933	-1111	5.98063	
8460	1362096000	2013	03	01	1	0.3	0.3	93598	-1111	3.39933	-1111	6.07404	
8491	1364774400	2013	04	01	1	0.3	0.3	93822	-1111	3.39933	-1111	6.00978	
8521	1367366400	2013	05	01	1	0.3	0.3	94060	-1111	3.39933	-1111	6.16375	
8552	1370044800	2013	06	01	1	0.3	0.3	94287	-1111	3.39933	-1111	5.98976	
8582	1372636800	2013	07	01	1	0.3	0.3	94484	-1111	3.39933	-1111	5.76302	
8613	1375315200	2013	08	01	1	0.3	0.3	94695	-1111	3.39933	-1111	5.74804	
8644	1377993600	2013	09	01	1	0.3	0.3	94880	-1111	3.39933	-1111	5.69874	
8674	1380585600	2013	10	01	1	0.3	0.3	95132	-1111	3.39933	-1111	5.81565	
8705	1383264000	2013	11	01	1	0.3	0.3	95317	-1111	3.39933	-1111	6.08111	
8735	1385856000	2013	12	01	1	0.3	0.3	95538	-1111	3.39933	-1111	6.05471	
8766	1388534400	2014	01	01	1	0.3	0.3	95768	-1111	3.39933	-1111	6.04597	
8797	1391212800	2014	02	01	1	0.3	0.3	95995	-1111	3.24348	-1111	6.04013	
8825	1393632000	2014	03	01	1	0.3	0.3	96200	-1111	3.24348	-1111	6.0353	
8856	1396310400	2014	04	01	1	0.3	0.3	96433	-1111	3.24348	-1111	5.77634	
8886	1398902400	2014	05	01	1	0.3	0.3	96658	-1111	3.24348	-1111	5.70246	
8917	1401580800	2014	06	01	1	0.3	0.3	96887	-1111	3.24348	-1111	5.82493	
8947	1404172800	2014	07	01	1	0.3	0.3	97102	-1111	3.24348	-1111	5.62903	
8978	1406851200	2014	08	01	1	0.3	0.3	97327	-1111	3.24348	-1111	5.67191	
9009	1409529600	2014	09	01	1	0.3	0.3	97574	-1111	3.24348	-1111	5.45543	
9039	1412121600	2014	10	01	1	0.3	0.3	97819	-1111	3.24348	-1111	5.47973	
9070	1414800000	2014	11	01	1	0.3	0.3	98043	-1111	3.24348	-1111	5.42271	
9100	1417392000	2014	12	01	1	0.3	0.3	98287	-1111	3.24348	-1111	5.51286	
9131	1420070400	2015	01	01	1	0.3	0.3	98516	-1111	3.24348	-1111	5.36869	
9162	1422748800	2015	02	01	1	0.3	0.3	98759	-1111	3.09786	-1111	5.47089	
9190	1425168000	2015	03	01	1	0.3	0.3	98916	-1111	3.09786	-1111	5.46589	
9221	1427846400	2015	04	01	1	0.3	0.3	99160	-1111	3.09786	-1111	5.69696	
9251	1430438400	2015	05	01	1	0.3	0.3	99407	-1111	3.09786	-1111	5.52508	
9282	1433116800	2015	06	01	1	0.3	0.3	99614	-1111	3.09786	-1111	5.627	
9312	1435708800	2015	07	01	1	0.3	0.3	99857	-1111	3.09786	-1111	5.73241	
9343	1438387200	2015	08	01	1	0.3	0.3	100076	-1111	3.09786	-1111	5.72817	
9374	1441065600	2015	09	01	1	0.3	0.3	100324	-1111	3.09786	-1111	5.9069	
9404	1443657600	2015	10	01	1	0.3	0.3	100549	-1111	3.09786	-1111	5.91592	
9435	1446336000	2015	11	01	1	0.3	0.3	100783	-1111	3.09786	-1111	6.05905	
9465	1448928000	2015	12	01	1	0.3	0.3	101053	-1111	3.09786	-1111	5.98412	
9496	1451606400	2016	01	01	1	0.3	0.3	101273	-1111	3.09786	-1111	6.19626	
9527	1454284800	2016	02	01	1	0.3	0.3	101522	-1111	3.22064	-1111	6.13256	
9556	1456790400	2016	03	01	1	0.3	0.3	101751	-1111	3.22064	-1111	6.41579	
9587	1459468800	2016	04	01	1	0.3	0.3	101976	-1111	3.22064	-1111	6.0126	
9617	1462060800	2016	05	01	1	0.3	0.3	102186	-1111	3.22064	-1111	6.14179	
9648	1464739200	2016	06	01	1	0.3	0.3	102395	-1111	3.22064	-1111	5.93408	
9678	1467331200	2016	07	01	1	0.3	0.3	102622	-1111	3.22064	-1111	5.81752	
9709	1470009600	2016	08	01	1	0.3	0.3	102878	-1111	3.22064	-1111	5.99365	
9740	1472688000	2016	09	01	1	0.3	0.3	103092	-1111	3.22064	-1111	6.17479	
9770	1475280000	2016	10	01	1	0.3	0.3	103326	-1111	3.22064	-1111	6.17312	
9801	1477958400	2016	11	01	1	0.3	0.3	103569	-1111	3.22064	-1111	6.1631	
9831	1480550400	2016	12	01	1	0.3	0.3	103805	-1111	3.22064	-1111	6.26289	
9862	1483228800	2017	01	01	1	0.3	0.3	104050	-1111	3.22064	-1111	6.14664	
9893	1485907200	2017	02	01	1	0.3	0.3	104270	-1111	3.37655	-1111	5.9241	
9921	1488326400	2017	03	01	1	0.3	0.3	104472	-1111	3.37655	-1111	5.74224	
9952	1491004800	2017	04	01	1	0.3	0.3	104741	-1111	3.37655	-1111	5.7091	
9982	1493596800	2017	05	01	1	0.3	0.3	104963	-1111	3.37655	-1111	6.03354	
10013	1496275200	2017	06	01	1	0.3	0.3	105191	-1111	3.37655	-1111	6.06631	
10043	1498867200	2017	07	01	1	0.3	0.3	105441	-1111	3.37655	-1111	6.13745	
10074	1501545600	2017	08	01	1	0.3	0.3	105701	-1111	3.37655	-1111	6.05233	
10105	1504224000	2017	09	01	1	0.3	0.3	105947	-1111	3.37655	-1111	6.27356	
10135	1506816000	2017	10	01	1	0.3	0.3	106175	-1111	3.37655	-1111	6.22232	
10166	1509494400	2017	11	01	1	0.3	0.3	106431	-1111	3.37655	-1111	6.10622	
10196	1512086400	2017	12	01	1	0.3	0.3	106682	-1111	3.37655	-1111	5.92247	
10227	1514764800	2018	01	01	1	0.3	0.3	106897	-1111	3.37655	-1111	5.81778	
10258	1517443200	2018	02	01	1	0.3	0.3	107164	-1111	3.33631	-1111	5.88149	
10286	1519862400	2018	03	01	1	0.3	0.3	107383	-1111	3.33631	-1111	5.97618	
10317	1522540800	2018	04	01	1	0.3	0.3	107626	-1111	3.33631	-1111	6.03549	
10347	1525132800	2018	05	01	1	0.3	0.3	107880	-1111	3.33631	-1111	5.96512	
10378	1527811200	2018	06	01	1	0.3	0.3	108150	-1111	3.33631	-1111	5.69599	
10408	1530403200	2018	07	01	1	0.3	0.3	108397	-1111	3.33631	-1111	5.69489	
10439	1533081600	2018	08	01	1	0.3	0.3	108595	-1111	3.33631	-1111	5.9626	
10470	1535760000	2018	09	01	1	0.3	0.3	108812	-1111	3.33631	-1111	6.01968	
10500	1538352000	2018	10	01	1	0.3	0.3	109049	-1111	3.33631	-1111	6.1303	
10531	1541030400	2018	11	01	1	0.3	0.3	109313	-1111	3.33631	-1111	6.07739	
10561	1543622400	2018	12	01	1	0.3	0.3	109545	-1111	3.33631	-1111	5.93037	
10592	1546300800	2019	01	01	1	0.3	0.3	109812	-1111	3.33631	-1111	6.00627	
10623	1548979200	2019	02	01	1	0.3	0.3	110094	-1111	3.25289	-1111	6.05286	
10651	1551398400	2019	03	01	1	0.3	0.3	110313	-1111	3.25289	-1111	6.13067	
10682	1554076800	2019	04	01	1	0.3	0.3	110595	-1111	3.25289	-1111	5.9479	
10712	1556668800	2019	05	01	1	0.3	0.3	110814	-1111	3.25289	-1111	6.12975	
10743	1559347200	2019	06	01	1	0.3	0.3	111045	-1111	3.25289	-1111	6.10679	
10773	1561939200	2019	07	01	1	0.3	0.3	111281	-1111	3.25289	-1111	5.92864	
10804	1564617600	2019	08	01	1	0.3	0.3	111532	-1111	3.25289	-1111	6.17678	
10835	1567296000	2019	09	01	1	0.3	0.3	111793	-1111	3.25289	-1111	6.12874	
10865	1569888000	2019	10	01	1	0.3	0.3	112056	-1111	3.25289	-1111	6.02312	
10896	1572566400	2019	11	01	1	0.3	0.3	112348	-1111	3.25289	-1111	6.02898	
10926	1575158400	2019	12	01	1	0.3	0.3	112639	-1111	3.25289	-1111	6.14242	
10957	1577836800	2020	01	01	1	0.3	0.3	112932	-1111	3.25289	-1111	6.09606	
10988	1580515200	2020	02	01	1	0.3	0.3	113174	-1111	3.34022	-1111	6.22856	
11017	1583020800	2020	03	01	1	0.3	0.3	113419	-1111	3.34022	-1111	5.89695	
11048	1585699200	2020	04	01	1	0.3	0.3	113683	-1111	3.34022	-1111	5.88522	
11078	1588291200	2020	05	01	1	0.3	0.3	113933	-1111	3.34022	-1111	5.92286	
11109	1590969600	2020	06	01	1	0.3	0.3	114198	-1111	3.34022	-1111	5.71438	
11139	1593561600	2020	07	01	1	0.3	0.3	114477	-1111	3.34022	-1111	5.92974	
11170	1596240000	2020	08	01	1	0.3	0.3	114738	-1111	3.34022	-1111	5.87646	
11201	1598918400	2020	09	01	1	0.3	0.3	115055	-1111	3.34022	-1111	5.67998	
11231	1601510400	2020	10	01	1	0.3	0.3	115279	-1111	3.34022	-1111	5.60069	
11262	1604188800	2020	11	01	1	0.3	0.3	115581	-1111	3.34022	-1111	5.62095	
11292	1606780800	2020	12	01	1	0.3	0.3	115856	-1111	3.34022	-1111	5.62671	
11323	1609459200	2021	01	01	1	0.3	0.3	116126	-1111	3.34022	-1111	5.72511	
11354	1612137600	2021	02	01	1	0.3	0.3	116390	-1111	3.14081	-1111	5.55461	
11382	1614556800	2021	03	01	1	0.3	0.3	116603	-1111	3.14081	-1111	5.58517	
11413	1617235200	2021	04	01	1	0.3	0.3	116901	-1111	3.14081	-1111	5.76175	
11443	1619827200	2021	05	01	1	0.3	0.3	117143	-1111	3.14081	-1111	5.97353	
11474	1622505600	2021	06	01	1	0.3	0.3	117387	-1111	3.14081	-1111	5.81219	
11504	1625097600	2021	07	01	1	0.3	0.3	117641	-1111	3.14081	-1111	6.08994	
11535	1627776000	2021	08	01	1	0.3	0.3	117926	-1111	3.14081	-1111	6.22629	
11566	1630454400	2021	09	01	1	0.3	0.3	118198	-1111	3.14081	-1111	6.19813	
11596	1633046400	2021	10	01	1	0.3	0.3	118440	-1111	3.14081	-1111	6.23351	
11627	1635724800	2021	11	01	1	0.3	0.3	118713	-1111	3.14081	-1111	6.27871	
11657	1638316800	2021	12	01	1	0.3	0.3	118973	-1111	3.14081	-1111	6.25539	
11688	1640995200	2022	01	01	1	0.3	0.3	119285	-1111	3.14081	-1111	6.22765	
11719	1643673600	2022	02	01	1	0.3	0.3	119594	-1111	3.24022	-1111	6.25124	
11747	1646092800	2022	03	01	1	0.3	0.3	119878	-1111	3.24022	-1111	6.11653	
11778	1648771200	2022	04	01	1	0.3	0.3	120166	-1111	3.24022	-1111	6.08799	
11808	1651363200	2022	05	01	1	0.3	0.3	120440	-1111	3.24022	-1111	6.04203	
11839	1654041600	2022	06	01	1	0.3	0.3	120734	-1111	3.24022	-1111	6.17131	
11869	1656633600	2022	07	01	1	0.3	0.3	121010	-1111	3.24022	-1111	6.25163	
11900	1659312000	2022	08	01	1	0.3	0.3	121267	-1111	3.24022	-1111	6.37081	
11931	1661990400	2022	09	01	1	0.3	0.3	121568	-1111	3.24022	-1111	6.5033	
11961	1664582400	2022	10	01	1	0.3	0.3	121808	-1111	3.24022	-1111	6.40632	
11992	1667260800	2022	11	01	1	0.3	0.3	122090	-1111	3.24022	-1111	6.55881	
12022	1669852800	2022	12	01	1	0.3	0.3	122348	-1111	3.24022	-1111	6.3036	
12053	1672531200	2023	01	01	1	0.3	0.3	122613	-1111	3.24022	-1111	6.36791	
12084	1675209600	2023	02	01	1	0.3	0.3	122938	-1111	3.3726	-1111	6.15563	
12112	1677628800	2023	03	01	1	0.3	0.3	123186	-1111	3.3726	-1111	6.29371	
12143	1680307200	2023	04	01	1	0.3	0.3	123477	-1111	3.3726	-1111	6.01227	
12173	1682899200	2023	05	01	1	0.3	0.3	123713	-1111	3.3726	-1111	6.39987	
12204	1685577600	2023	06	01	1	0.3	0.3	124024	-1111	3.3726	-1111	6.48879	
12234	1688169600	2023	07	01	1	0.3	0.3	124280	-1111	3.3726	-1111	6.49425	
12265	1690848000	2023	08	01	1	0.3	0.3	124552	-1111	3.3726	-1111	6.54543	
12296	1693526400	2023	09	01	1	0.3	0.3	124835	-1111	3.3726	-1111	6.29112	
12326	1696118400	2023	10	01	1	0.3	0.3	125109	-1111	3.3726	-1111	6.23699	
12357	1698796800	2023	11	01	1	0.3	0.3	125417	-1111	3.3726	-1111	6.09587	
12387	1701388800	2023	12	01	1	0.3	0.3	125681	-1111	3.3726	-1111	6.22041	
12418	1704067200	2024	01	01	1	0.3	0.3	125996	-1111	3.3726	-1111	6.19629	
12449	1706745600	2024	02	01	1	0.3	0.3	126293	-1111	3.3816	-1111	6.02927	
12478	1709251200	2024	03	01	1	0.3	0.3	126526	-1111	3.3816	-1111	6.14558	
12509	1711929600	2024	04	01	1	0.3	0.3	126853	-1111	3.3816	-1111	6.14155	
12539	1714521600	2024	05	01	1	0.3	0.3	127181	-1111	3.3816	-1111	6.35908	
12570	1717200000	2024	06	01	1	0.3	0.3	127488	-1111	3.3816	-1111	6.34064	
12600	1719792000	2024	07	01	1	0.3	0.3	127780	-1111	3.3816	-1111	6.47336	
12631	1722470400	2024	08	01	1	0.3	0.3	128069	-1111	3.3816	-1111	6.36925	
12662	1725148800	2024	09	01	1	0.3	0.3	128324	-1111	3.3816	-1111	6.48913	
12692	1727740800	2024	10	01	1	0.3	0.3	128617	-1111	3.3816	-1111	6.37167	
12723	1730419200	2024	11	01	1	0.3	0.3	128930	-1111	3.3816	-1111	6.39484	
12753	1733011200	2024	12	01	1	0.3	0.3	129218	-1111	3.3816	-1111	6.38563	
12784	1735689600	2025	01	01	1	0.3	0.3	129529	-1111	3.3816	-1111	6.39769	
12815	1738368000	2025	02	01	1	0.3	0.3	129841	-1111	3.33727	-1111	6.01513	
12843	1740787200	2025	03	01	1	0.3	0.3	130110	-1111	3.33727	-1111	5.86246	
12874	1743465600	2025	04	01	1	0.3	0.3	130407	-1111	3.33727	-1111	5.89103	
12904	1746057600	2025	05	01	1	0.3	0.3	130700	-1111	3.33727	-1111	5.61274	
12935	1748736000	2025	06	01	1	0.3	0.3	130936	-1111	3.33727	-1111	5.37205	
12965	1751328000	2025	07	01	1	0.3	0.3	131206	-1111	3.33727	-1111	5.1751	
12996	1754006400	2025	08	01	1	0.3	0.3	131529	-1111	3.33727	-1111	5.18217	
13027	1756684800	2025	09	01	1	0.3	0.3	131852	-1111	3.33727	-1111	5.36317	
13057	1759276800	2025	10	01	1	0.3	0.3	132193	-1111	3.33727	-1111	5.27997	
13088	1761955200	2025	11	01	1	0.3	0.3	132508	-1111	3.33727	-1111	5.27302	
13118	1764547200	2025	12	01	1	0.3	0.3	132843	-1111	3.33727	-1111	5.48527	
13149	1767225600	2026	01	01	1	0.3	0.3	133154	-1111	3.33727	-1111	5.6235	
13180	1769904000	2026	02	01	1	0.3	0.3	133453	-1111	2.97914	-1111	5.69079	
13208	1772323200	2026	03	01	1	0.3	0.3	133748	-1111	2.97914	-1111	5.67568	
13239	1775001600	2026	04	01	1	0.3	0.3	134105	-1111	2.97914	-1111	5.64639	
13269	1777593600	2026	05	01	1	0.3	0.3	134446	-1111	2.97914	-1111	5.98662	
13300	1780272000	2026	06	01	1	0.3	0.3	134743	-1111	2.97914	-1111	6.15839	
13330	1782864000	2026	07	01	1	0.3	0.3	135017	-1111	2.97914	-1111	6.11053	
13361	1785542400	2026	08	01	1	0.3	0.3	135363	-1111	2.97914	-1111	5.86298	
13392	1788220800	2026	09	01	1	0.3	0.3	135665	-1111	2.97914	-1111	5.91711	
13422	1790812800	2026	10	01	1	0.3	0.3	135999	-1111	2.97914	-1111	5.93516	
13453	1793491200	2026	11	01	1	0.3	0.3	136314	-1111	2.97914	-1111	6.0585	
13483	1796083200	2026	12	01	1	0.3	0.3	136558	-1111	2.97914	-1111	6.08758	
13514	1798761600	2027	01	01	1	0.3	0.3	136892	-1111	2.97914	-1111	6.02962	
13545	1801440000	2027	02	01	1	0.3	0.3	137198	-1111	3.21772	-1111	6.2473	
13573	1803859200	2027	03	01	1	0.3	0.3	137492	-1111	3.21772	-1111	6.18885	
13604	1806537600	2027	04	01	1	0.3	0.3	137779	-1111	3.21772	-1111	6.18327	
13634	1809129600	2027	05	01	1	0.3	0.3	138080	-1111	3.21772	-1111	6.19166	
13665	1811808000	2027	06	01	1	0.3	0.3	138382	-1111	3.21772	-1111	6.22863	
13695	1814400000	2027	07	01	1	0.3	0.3	138719	-1111	3.21772	-1111	6.24076	
13726	1817078400	2027	08	01	1	0.3	0.3	139071	-1111	3.21772	-1111	6.25461	
13757	1819756800	2027	09	01	1	0.3	0.3	139386	-1111	3.21772	-1111	6.36129	
13787	1822348800	2027	10	01	1	0.3	0.3	139674	-1111	3.21772	-1111	6.28636	
13818	1825027200	2027	11	01	1	0.3	0.3	140004	-1111	3.21772	-1111	6.15051	
13848	1827619200	2027	12	01	1	0.3	0.3	140315	-1111	3.21772	-1111	6.04	
13879	1830297600	2028	01	01	1	0.3	0.3	140639	-1111	3.21772	-1111	6.00263	
13910	1832976000	2028	02	01	1	0.3	0.3	140948	-1111	3.31441	-1111	6.0172	
13939	1835481600	2028	03	01	1	0.3	0.3	141292	-1111	3.31441	-1111	5.91576	
13970	1838160000	2028	04	01	1	0.3	0.3	141639	-1111	3.31441	-1111	6.1632	
14000	1840752000	2028	05	01	1	0.3	0.3	141929	-1111	3.31441	-1111	6.15538	
14031	1843430400	2028	06	01	1	0.3	0.3	142246	-1111	3.31441	-1111	6.2809	
14061	1846022400	2028	07	01	1	0.3	0.3	142519	-1111	3.31441	-1111	6.29172	
14092	1848700800	2028	08	01	1	0.3	0.3	142778	-1111	3.31441	-1111	6.39586	
14123	1851379200	2028	09	01	1	0.3	0.3	143117	-1111	3.31441	-1111	6.42769	
14153	1853971200	2028	10	01	1	0.3	0.3	143429	-1111	3.31441	-1111	6.3244	
14184	1856649600	2028	11	01	1	0.3	0.3	143731	-1111	3.31441	-1111	6.19505	
14214	1859241600	2028	12	01	1	0.3	0.3	144048	-1111	3.31441	-1111	6.28546	
14245	1861920000	2029	01	01	1	0.3	0.3	144383	-1111	3.31441	-1111	6.08261	
14276	1864598400	2029	02	01	1	0.3	0.3	144684	-1111	3.39317	-1111	6.11197	
14304	1867017600	2029	03	01	1	0.3	0.3	144966	-1111	3.39317	-1111	6.10513	
14335	1869696000	2029	04	01	1	0.3	0.3	145290	-1111	3.39317	-1111	6.23258	
14365	1872288000	2029	05	01	1	0.3	0.3	145572	-1111	3.39317	-1111	6.10442	
14396	1874966400	2029	06	01	1	0.3	0.3	145882	-1111	3.39317	-1111	5.97864	
14426	1877558400	2029	07	01	1	0.3	0.3	146215	-1111	3.39317	-1111	6.07096	
14457	1880236800	2029	08	01	1	0.3	0.3	146599	-1111	3.39317	-1111	6.07002	
14488	1882915200	2029	09	01	1	0.3	0.3	146923	-1111	3.39317	-1111	6.15146	
14518	1885507200	2029	10	01	1	0.3	0.3	147256	-1111	3.39317	-1111	6.05107	
14549	1888185600	2029	11	01	1	0.3	0.3	147612	-1111	3.39317	-1111	5.85496	
14579	1890777600	2029	12	01	1	0.3	0.3	147920	-1111	3.39317	-1111	5.87845	
14610	1893456000	2030	01	01	1	0.3	0.3	148274	-1111	3.39317	-1111	5.7594	
