0	631152000	1990	01	01	1	0.6	0.5	50000	-1111	0	-1111	4.5972	
31	633830400	1990	02	01	1	0	0	50103	-1111	0	-1111	11.6696	
59	636249600	1990	03	01	1	0	0	50226	-1111	0	-1111	14.7396	
90	638928000	1990	04	01	1	0	0	50340	-1111	0	-1111	14.6303	
120	641520000	1990	05	01	1	0	0	50470	-1111	0	-1111	17.1957	
151	644198400	1990	06	01	1	0	0	50568	-1111	0	-1111	18.1937	
181	646790400	1990	07	01	1	0	0	50685	-1111	0	-1111	19.53	
212	649468800	1990	08	01	1	0	0	50788	-1111	0	-1111	19.6944	
243	652147200	1990	09	01	1	0	0	50918	-1111	0	-1111	19.9263	
273	654739200	1990	10	01	1	0	0	51016	-1111	0	-1111	20.2787	
304	657417600	1990	11	01	1	0	0	51123	-1111	0	-1111	19.5066	
334	660009600	1990	12	01	1	0	0	51216	-1111	0	-1111	19.0937	
365	662688000	1991	01	01	1	0	0	51310	-1111	0	-1111	17.4193	
396	665366400	1991	02	01	1	0	0	51414	-1111	0	-1111	16.1643	
424	667785600	1991	03	01	1	0	0	51515	-1111	0	-1111	14.8495	
455	670464000	1991	04	01	1	0	0	51632	-1111	0	-1111	13.8946	
485	673056000	1991	05	01	1	0	0	51735	-1111	0	-1111	12.6819	
516	675734400	1991	06	01	1	0	0	51840	-1111	0	-1111	11.5588	
546	678326400	1991	07	01	1	0	0	51952	-1111	0	-1111	10.147	
577	681004800	1991	08	01	1	0	0	52069	-1111	0	-1111	8.84162	
608	683683200	1991	09	01	1	0	0	52186	-1111	0	-1111	8.04529	
638	686275200	1991	10	01	1	0	0	52339	-1111	0	-1111	7.54167	
669	688953600	1991	11	01	1	0	0	52463	-1111	0	-1111	6.8487	
699	691545600	1991	12	01	1	0	0	52613	-1111	0	-1111	6.32587	
730	694224000	1992	01	01	1	0	0	52737	-1111	0	-1111	5.66081	
761	696902400	1992	02	01	1	0	0	52891	-1111	5.26168	-1111	5.02988	
790	699408000	1992	03	01	1	0	0	52999	-1111	5.26168	-1111	4.76693	
821	702086400	1992	04	01	1	0	0	53111	-1111	5.26168	-1111	4.45634	
851	704678400	1992	05	01	1	0	0	53231	-1111	5.26168	-1111	4.45716	
882	707356800	1992	06	01	1	0	0	53356	-1111	5.26168	-1111	4.71897	
912	709948800	1992	07	01	1	0	0	53519	-1111	5.26168	-1111	4.92825	
943	712627200	1992	08	01	1	0	0	53632	-1111	5.26168	-1111	5.30661	
974	715305600	1992	09	01	1	0	0	53742	-1111	5.26168	-1111	5.38479	
1004	717897600	1992	10	01	1	0	0	53867	-1111	5.26168	-1111	6.23225	
1035	720576000	1992	11	01	1	0	0	53958	-1111	5.26168	-1111	6.83225	
1065	723168000	1992	12	01	1	0	0	54065	-1111	5.26168	-1111	7.28126	
1096	725846400	1993	01	01	1	0	0	54174	-1111	5.26168	-1111	7.38255	
1127	728524800	1993	02	01	1	0	0	54287	-1111	2.99791	-1111	7.68199	
1155	730944000	1993	03	01	1	0	0	54406	-1111	2.99791	-1111	7.68142	
1186	733622400	1993	04	01	1	0	0	54570	-1111	2.99791	-1111	8.22643	
1216	736214400	1993	05	01	1	0	0	54683	-1111	2.99791	-1111	8.61722	
1247	738892800	1993	06	01	1	0	0	54848	-1111	2.99791	-1111	8.69176	
1277	741484800	1993	07	01	1	0	0	54980	-1111	2.99791	-1111	8.91074	
1308	744163200	1993	08	01	1	0	0	55130	-1111	2.99791	-1111	8.98208	
1339	746841600	1993	09	01	1	0	0	55270	-1111	2.99791	-1111	9.04631	
1369	749433600	1993	10	01	1	0	0	55384	-1111	2.99791	-1111	9.3618	
1400	752112000	1993	11	01	1	0	0	55478	-1111	2.99791	-1111	9.58661	
1430	754704000	1993	12	01	1	0	0	55606	-1111	2.99791	-1111	9.60914	
1461	757382400	1994	01	01	1	0	0	55734	-1111	2.99791	-1111	9.48168	
1492	760060800	1994	02	01	1	0	0	55839	-1111	4.79059	-1111	9.62091	
1520	762480000	1994	03	01	1	0	0	55974	-1111	4.79059	-1111	9.41651	
1551	765158400	1994	04	01	1	0	0	56070	-1111	4.79059	-1111	9.24308	
1581	767750400	1994	05	01	1	0	0	56163	-1111	4.79059	-1111	8.91444	
1612	770428800	1994	06	01	1	0	0	56276	-1111	4.79059	-1111	8.40841	
1642	773020800	1994	07	01	1	0	0	56403	-1111	4.79059	-1111	8.25058	
1673	775699200	1994	08	01	1	0	0	56534	-1111	4.79059	-1111	7.89397	
1704	778377600	1994	09	01	1	0	0	56640	-1111	4.79059	-1111	7.86787	
1734	780969600	1994	10	01	1	0	0	56755	-1111	4.79059	-1111	7.52712	
1765	783648000	1994	11	01	1	0	0	56895	-1111	4.79059	-1111	7.55556	
1795	786240000	1994	12	01	1	0	0	57039	-1111	4.79059	-1111	7.15377	
1826	788918400	1995	01	01	1	0	0	57179	-1111	4.79059	-1111	7.11531	
1857	791596800	1995	02	01	1	0	0	57287	-1111	4.18211	-1111	7.20047	
1885	794016000	1995	03	01	1	0	0	57404	-1111	4.18211	-1111	7.33299	
1916	796694400	1995	04	01	1	0	0	57535	-1111	4.18211	-1111	7.40526	
1946	799286400	1995	05	01	1	0	0	57648	-1111	4.18211	-1111	7.58342	
1977	801964800	1995	06	01	1	0	0	57794	-1111	4.18211	-1111	8.00836	
2007	804556800	1995	07	01	1	0	0	57918	-1111	4.18211	-1111	7.81991	
2038	807235200	1995	08	01	1	0	0	58080	-1111	4.18211	-1111	7.68955	
2069	809913600	1995	09	01	1	0	0	58208	-1111	4.18211	-1111	7.5496	
2099	812505600	1995	10	01	1	0	0	58337	-1111	4.18211	-1111	7.84973	
2130	815184000	1995	11	01	1	0	0	58478	-1111	4.18211	-1111	7.89926	
2160	817776000	1995	12	01	1	0	0	58611	-1111	4.18211	-1111	8.06601	
2191	820454400	1996	01	01	1	0	0	58744	-1111	4.18211	-1111	8.07073	
2222	823132800	1996	02	01	1	0	0	58901	-1111	3.95439	-1111	8.15671	
2251	825638400	1996	03	01	1	0	0	59011	-1111	3.95439	-1111	8.30546	
2282	828316800	1996	04	01	1	0	0	59123	-1111	3.95439	-1111	8.2971	
2312	830908800	1996	05	01	1	0	0	59245	-1111	3.95439	-1111	8.32086	
2343	833587200	1996	06	01	1	0	0	59383	-1111	3.95439	-1111	7.98916	
2373	836179200	1996	07	01	1	0	0	59492	-1111	3.95439	-1111	7.97179	
2404	838857600	1996	08	01	1	0	0	59621	-1111	3.95439	-1111	7.84105	
2435	841536000	1996	09	01	1	0	0	59755	-1111	3.95439	-1111	7.83282	
2465	844128000	1996	10	01	1	0	0	59877	-1111	3.95439	-1111	8.0074	
2496	846806400	1996	11	01	1	0	0	60017	-1111	3.95439	-1111	8.13401	
2526	849398400	1996	12	01	1	0	0	60172	-1111	3.95439	-1111	8.16947	
2557	852076800	1997	01	01	1	0	0	60288	-1111	3.95439	-1111	7.93785	
2588	854755200	1997	02	01	1	0	0	60420	-1111	4.1526	-1111	7.7249	
2616	857174400	1997	03	01	1	0	0	60540	-1111	4.1526	-1111	8.00593	
2647	859852800	1997	04	01	1	0	0	60674	-1111	4.1526	-1111	8.04031	
2677	862444800	1997	05	01	1	0	0	60804	-1111	4.1526	-1111	7.95502	
2708	865123200	1997	06	01	1	0	0	60912	-1111	4.1526	-1111	8.02045	
2738	867715200	1997	07	01	1	0	0	61048	-1111	4.1526	-1111	8.07206	
2769	870393600	1997	08	01	1	0	0	61189	-1111	4.1526	-1111	8.02117	
2800	873072000	1997	09	01	1	0	0	61318	-1111	4.1526	-1111	8.39833	
2830	875664000	1997	10	01	1	0	0	61447	-1111	4.1526	-1111	8.14439	
2861	878342400	1997	11	01	1	0	0	61595	-1111	4.1526	-1111	7.83592	
2891	880934400	1997	12	01	1	0	0	61738	-1111	4.1526	-1111	7.94266	
2922	883612800	1998	01	01	1	0	0	61884	-1111	4.1526	-1111	8.21681	
2953	886291200	1998	02	01	1	0	0	62045	-1111	4.14095	-1111	8.35689	
2981	888710400	1998	03	01	1	0	0	62161	-1111	4.14095	-1111	8.13377	
3012	891388800	1998	04	01	1	0	0	62293	-1111	4.14095	-1111	7.96952	
3042	893980800	1998	05	01	1	0	0	62448	-1111	4.14095	-1111	7.896	
3073	896659200	1998	06	01	1	0	0	62578	-1111	4.14095	-1111	8.09761	
3103	899251200	1998	07	01	1	0	0	62689	-1111	4.14095	-1111	8.01363	
3134	901929600	1998	08	01	1	0	0	62841	-1111	4.14095	-1111	8.11821	
3165	904608000	1998	09	01	1	0	0	62964	-1111	4.14095	-1111	7.9802	
3195	907200000	1998	10	01	1	0	0	63113	-1111	4.14095	-1111	8.34573	
3226	909878400	1998	11	01	1	0	0	63249	-1111	4.14095	-1111	8.15433	
3256	912470400	1998	12	01	1	0	0	63380	-1111	4.14095	-1111	8.38038	
3287	915148800	1999	01	01	1	0	0	63508	-1111	4.14095	-1111	8.35793	
3318	917827200	1999	02	01	1	0	0	63666	-1111	4.20376	-1111	8.42366	
3346	920246400	1999	03	01	1	0	0	63797	-1111	4.20376	-1111	8.41284	
3377	922924800	1999	04	01	1	0	0	63961	-1111	4.20376	-1111	8.17577	
3407	925516800	1999	05	01	1	0	0	64087	-1111	4.20376	-1111	8.16774	
3438	928195200	1999	06	01	1	0	0	64235	-1111	4.20376	-1111	7.99814	
3468	930787200	1999	07	01	1	0	0	64342	-1111	4.20376	-1111	7.99656	
3499	933465600	1999	08	01	1	0	0	64482	-1111	4.20376	-1111	7.7618	
3530	936144000	1999	09	01	1	0	0	64619	-1111	4.20376	-1111	7.49391	
3560	938736000	1999	10	01	1	0	0	64755	-1111	4.20376	-1111	7.54419	
3591	941414400	1999	11	01	1	0	0	64907	-1111	4.20376	-1111	7.41008	
3621	944006400	1999	12	01	1	0	0	65053	-1111	4.20376	-1111	7.77212	
3652	946684800	2000	01	01	1	0	0	65218	-1111	4.20376	-1111	7.88789	
3683	949363200	2000	02	01	1	0.5	0.5	65383	-1111	3.99871	-1111	6.92859	
3712	951868800	2000	03	01	1	0.5	0.5	65519	-1111	3.99871	-1111	5.63714	
3743	954547200	2000	04	01	1	0.5	0.5	65641	-1111	3.99871	-1111	4.89577	
3773	957139200	2000	05	01	1	0.5	0.5	65790	-1111	3.99871	-1111	4.1751	
3804	959817600	2000	06	01	1	0.5	0.5	65949	-1111	3.99871	-1111	3.37706	
3834	962409600	2000	07	01	1	0.5	0.5	66085	-1111	3.99871	-1111	3.21634	
3865	965088000	2000	08	01	1	0.5	0.5	66214	-1111	3.99871	-1111	2.83235	
3896	967766400	2000	09	01	1	0.5	0.5	66367	-1111	3.99871	-1111	2.65023	
3926	970358400	2000	10	01	1	0.5	0.5	66530	-1111	3.99871	-1111	2.46725	
3957	973036800	2000	11	01	1	0.5	0.5	66700	-1111	3.99871	-1111	2.33506	
3987	975628800	2000	12	01	1	0.5	0.5	66865	-1111	3.99871	-1111	2.24088	
4018	978307200	2001	01	01	1	0.5	0.5	67020	-1111	3.99871	-1111	2.31051	
4049	980985600	2001	02	01	1	0.5	0.5	67177	-1111	2.16251	-1111	2.09343	
4077	983404800	2001	03	01	1	0.5	0.5	67335	-1111	2.16251	-1111	2.22023	
4108	986083200	2001	04	01	1	0.5	0.5	67502	-1111	2.16251	-1111	2.14817	
4138	988675200	2001	05	01	1	0.5	0.5	67651	-1111	2.16251	-1111	2.20545	
4169	991353600	2001	06	01	1	0.5	0.5	67823	-1111	2.16251	-1111	2.31289	
4199	993945600	2001	07	01	1	0.5	0.5	67976	-1111	2.16251	-1111	2.46445	
4230	996624000	2001	08	01	1	0.5	0.5	68121	-1111	2.16251	-1111	2.44306	
4261	999302400	2001	09	01	1	0.5	0.5	68293	-1111	2.16251	-1111	2.39234	
4291	1001894400	2001	10	01	1	0.5	0.5	68437	-1111	2.16251	-1111	2.53269	
4322	1004572800	2001	11	01	1	0.5	0.5	68618	-1111	2.16251	-1111	2.6322	
4352	1007164800	2001	12	01	1	0.5	0.5	68744	-1111	2.16251	-1111	2.81261	
4383	1009843200	2002	01	01	1	0.5	0.5	68935	-1111	2.16251	-1111	2.80483	
4414	1012521600	2002	02	01	1	0.5	0.5	69092	-1111	1.55745	-1111	3.10992	
4442	1014940800	2002	03	01	1	0.5	0.5	69249	-1111	1.55745	-1111	3.05614	
4473	1017619200	2002	04	01	1	0.5	0.5	69385	-1111	1.55745	-1111	3.28296	
4503	1020211200	2002	05	01	1	0.5	0.5	69511	-1111	1.55745	-1111	3.35722	
4534	1022889600	2002	06	01	1	0.5	0.5	69706	-1111	1.55745	-1111	3.52948	
4564	1025481600	2002	07	01	1	0.5	0.5	69861	-1111	1.55745	-1111	3.61757	
4595	1028160000	2002	08	01	1	0.5	0.5	70021	-1111	1.55745	-1111	3.79964	
4626	1030838400	2002	09	01	1	0.5	0.5	70187	-1111	1.55745	-1111	3.86927	
4656	1033430400	2002	10	01	1	0.5	0.5	70333	-1111	1.55745	-1111	4.11069	
4687	1036108800	2002	11	01	1	0.5	0.5	70509	-1111	1.55745	-1111	4.31634	
4717	1038700800	2002	12	01	1	0.5	0.5	70679	-1111	1.55745	-1111	4.57989	
4748	1041379200	2003	01	01	1	0.5	0.5	70864	-1111	1.55745	-1111	4.61547	
4779	1044057600	2003	02	01	1	0.5	0.5	71030	-1111	2.46326	-1111	4.7711	
4807	1046476800	2003	03	01	1	0.5	0.5	71168	-1111	2.46326	-1111	4.58175	
4838	1049155200	2003	04	01	1	0.5	0.5	71389	-1111	2.46326	-1111	4.4121	
4868	1051747200	2003	05	01	1	0.5	0.5	71525	-1111	2.46326	-1111	4.63192	
4899	1054425600	2003	06	01	1	0.5	0.5	71685	-1111	2.46326	-1111	4.72238	
4929	1057017600	2003	07	01	1	0.5	0.5	71836	-1111	2.46326	-1111	4.88092	
4960	1059696000	2003	08	01	1	0.5	0.5	72002	-1111	2.46326	-1111	4.54393	
4991	1062374400	2003	09	01	1	0.5	0.5	72147	-1111	2.46326	-1111	4.72187	
5021	1064966400	2003	10	01	1	0.5	0.5	72304	-1111	2.46326	-1111	4.56794	
5052	1067644800	2003	11	01	1	0.5	0.5	72493	-1111	2.46326	-1111	4.80088	
5082	1070236800	2003	12	01	1	0.5	0.5	72706	-1111	2.46326	-1111	4.70458	
5113	1072915200	2004	01	01	1	0.5	0.5	72850	-1111	2.46326	-1111	4.50049	
5144	1075593600	2004	02	01	1	0.5	0.5	73033	-1111	2.96245	-1111	4.58409	
5173	1078099200	2004	03	01	1	0.5	0.5	73181	-1111	2.96245	-1111	4.57559	
5204	1080777600	2004	04	01	1	0.5	0.5	73370	-1111	2.96245	-1111	4.75251	
5234	1083369600	2004	05	01	1	0.5	0.5	73551	-1111	2.96245	-1111	4.78485	
5265	1086048000	2004	06	01	1	0.5	0.5	73724	-1111	2.96245	-1111	4.89789	
5295	1088640000	2004	07	01	1	0.5	0.5	73911	-1111	2.96245	-1111	4.83018	
5326	1091318400	2004	08	01	1	0.5	0.5	74127	-1111	2.96245	-1111	4.76709	
5357	1093996800	2004	09	01	1	0.5	0.5	74303	-1111	2.96245	-1111	4.86096	
5387	1096588800	2004	10	01	1	0.5	0.5	74479	-1111	2.96245	-1111	4.8721	
5418	1099267200	2004	11	01	1	0.5	0.5	74652	-1111	2.96245	-1111	4.91397	
5448	1101859200	2004	12	01	1	0.5	0.5	74821	-1111	2.96245	-1111	4.83906	
5479	1104537600	2005	01	01	1	0.5	0.5	74995	-1111	2.96245	-1111	4.66763	
5510	1107216000	2005	02	01	1	0.5	0.5	75169	-1111	3.0105	-1111	4.31113	
5538	1109635200	2005	03	01	1	0.5	0.5	75307	-1111	3.0105	-1111	4.27588	
5569	1112313600	2005	04	01	1	0.5	0.5	75476	-1111	3.0105	-1111	4.33583	
5599	1114905600	2005	05	01	1	0.5	0.5	75639	-1111	3.0105	-1111	4.26636	
5630	1117584000	2005	06	01	1	0.5	0.5	75850	-1111	3.0105	-1111	4.14798	
5660	1120176000	2005	07	01	1	0.5	0.5	76034	-1111	3.0105	-1111	4.04679	
5691	1122854400	2005	08	01	1	0.5	0.5	76220	-1111	3.0105	-1111	3.78776	
5722	1125532800	2005	09	01	1	0.5	0.5	76396	-1111	3.0105	-1111	3.79209	
5752	1128124800	2005	10	01	1	0.5	0.5	76610	-1111	3.0105	-1111	3.74052	
5783	1130803200	2005	11	01	1	0.5	0.5	76807	-1111	3.0105	-1111	3.50795	
5813	1133395200	2005	12	01	1	0.5	0.5	76996	-1111	3.0105	-1111	3.53711	
5844	1136073600	2006	01	01	1	0.5	0.5	77202	-1111	3.0105	-1111	3.65342	
5875	1138752000	2006	02	01	1	0.5	0.5	77399	-1111	2.47528	-1111	3.61328	
5903	1141171200	2006	03	01	1	0.5	0.5	77529	-1111	2.47528	-1111	3.73861	
5934	1143849600	2006	04	01	1	0.5	0.5	77691	-1111	2.47528	-1111	3.77658	
5964	1146441600	2006	05	01	1	0.5	0.5	77882	-1111	2.47528	-1111	3.68932	
5995	1149120000	2006	06	01	1	0.5	0.5	78042	-1111	2.47528	-1111	3.74643	
6025	1151712000	2006	07	01	1	0.5	0.5	78205	-1111	2.47528	-1111	3.79135	
6056	1154390400	2006	08	01	1	0.5	0.5	78411	-1111	2.47528	-1111	3.7642	
6087	1157068800	2006	09	01	1	0.5	0.5	78607	-1111	2.47528	-1111	3.72486	
6117	1159660800	2006	10	01	1	0.5	0.5	78778	-1111	2.47528	-1111	3.77273	
6148	1162339200	2006	11	01	1	0.5	0.5	78975	-1111	2.47528	-1111	3.61143	
6178	1164931200	2006	12	01	1	0.5	0.5	79158	-1111	2.47528	-1111	3.82012	
6209	1167609600	2007	01	01	1	0.5	0.5	79350	-1111	2.47528	-1111	3.88364	
6240	1170288000	2007	02	01	1	0.5	0.5	79525	-1111	2.29275	-1111	3.84424	
6268	1172707200	2007	03	01	1	0.5	0.5	79683	-1111	2.29275	-1111	3.82432	
6299	1175385600	2007	04	01	1	0.5	0.5	79870	-1111	2.29275	-1111	3.71878	
6329	1177977600	2007	05	01	1	0.5	0.5	80068	-1111	2.29275	-1111	3.96491	
6360	1180656000	2007	06	01	1	0.5	0.5	80266	-1111	2.29275	-1111	3.76111	
6390	1183248000	2007	07	01	1	0.5	0.5	80443	-1111	2.29275	-1111	3.77451	
6421	1185926400	2007	08	01	1	0.5	0.5	80657	-1111	2.29275	-1111	3.89477	
6452	1188604800	2007	09	01	1	0.5	0.5	80858	-1111	2.29275	-1111	3.97811	
6482	1191196800	2007	10	01	1	0.5	0.5	81028	-1111	2.29275	-1111	4.10506	
6513	1193875200	2007	11	01	1	0.5	0.5	81223	-1111	2.29275	-1111	4.20021	
6543	1196467200	2007	12	01	1	0.5	0.5	81387	-1111	2.29275	-1111	4.10899	
6574	1199145600	2008	01	01	1	0.5	0.5	81575	-1111	2.29275	-1111	3.92998	
6605	1201824000	2008	02	01	1	0.5	0.5	81772	-1111	2.40605	-1111	3.75517	
6634	1204329600	2008	03	01	1	0.5	0.5	81976	-1111	2.40605	-1111	3.97329	
6665	1207008000	2008	04	01	1	0.5	0.5	82171	-1111	2.40605	-1111	4.00921	
6695	1209600000	2008	05	01	1	0.5	0.5	82366	-1111	2.40605	-1111	4.08769	
6726	1212278400	2008	06	01	1	0.5	0.5	82571	-1111	2.40605	-1111	3.97898	
6756	1214870400	2008	07	01	1	0.5	0.5	82740	-1111	2.40605	-1111	4.12199	
6787	1217548800	2008	08	01	1	0.5	0.5	82943	-1111	2.40605	-1111	4.15261	
6818	1220227200	2008	09	01	1	0.5	0.5	83169	-1111	2.40605	-1111	4.02993	
6848	1222819200	2008	10	01	1	0.5	0.5	83358	-1111	2.40605	-1111	3.97658	
6879	1225497600	2008	11	01	1	0.5	0.5	83541	-1111	2.40605	-1111	4.27016	
6909	1228089600	2008	12	01	1	0.5	0.5	83713	-1111	2.40605	-1111	4.13826	
6940	1230768000	2009	01	01	1	0.5	0.5	83918	-1111	2.40605	-1111	4.33579	
6971	1233446400	2009	02	01	1	0.5	0.5	84123	-1111	2.55777	-1111	4.33458	
6999	1235865600	2009	03	01	1	0.5	0.5	84284	-1111	2.55777	-1111	4.49953	
7030	1238544000	2009	04	01	1	0.5	0.5	84456	-1111	2.55777	-1111	4.49769	
7060	1241136000	2009	05	01	1	0.5	0.5	84651	-1111	2.55777	-1111	4.68954	
7091	1243814400	2009	06	01	1	0.5	0.5	84864	-1111	2.55777	-1111	4.89822	
7121	1246406400	2009	07	01	1	0.5	0.5	85062	-1111	2.55777	-1111	4.88856	
7152	1249084800	2009	08	01	1	0.5	0.5	85269	-1111	2.55777	-1111	4.88222	
7183	1251763200	2009	09	01	1	0.5	0.5	85479	-1111	2.55777	-1111	4.85593	
7213	1254355200	2009	10	01	1	0.5	0.5	85657	-1111	2.55777	-1111	4.66302	
7244	1257033600	2009	11	01	1	0.5	0.5	85832	-1111	2.55777	-1111	4.71197	
7274	1259625600	2009	12	01	1	0.5	0.5	86026	-1111	2.55777	-1111	4.47134	
7305	1262304000	2010	01	01	1	0.5	0.5	86217	-1111	2.55777	-1111	4.58168	
7336	1264982400	2010	02	01	1	0.5	0.5	86416	-1111	2.83509	-1111	4.33775	
7364	1267401600	2010	03	01	1	0.5	0.5	86583	-1111	2.83509	-1111	4.36535	
7395	1270080000	2010	04	01	1	0.5	0.5	86778	-1111	2.83509	-1111	4.41794	
7425	1272672000	2010	05	01	1	0.5	0.5	86965	-1111	2.83509	-1111	4.55262	
7456	1275350400	2010	06	01	1	0.5	0.5	87180	-1111	2.83509	-1111	4.68876	
7486	1277942400	2010	07	01	1	0.5	0.5	87382	-1111	2.83509	-1111	4.63647	
7517	1280620800	2010	08	01	1	0.5	0.5	87584	-1111	2.83509	-1111	4.51339	
7548	1283299200	2010	09	01	1	0.5	0.5	87811	-1111	2.83509	-1111	4.43297	
7578	1285891200	2010	10	01	1	0.5	0.5	88032	-1111	2.83509	-1111	4.38141	
7609	1288569600	2010	11	01	1	0.5	0.5	88247	-1111	2.83509	-1111	4.32066	
7639	1291161600	2010	12	01	1	0.5	0.5	88464	-1111	2.83509	-1111	4.27358	
7670	1293840000	2011	01	01	1	0.5	0.5	88694	-1111	2.83509	-1111	4.38871	
7701	1296518400	2011	02	01	1	0.5	0.5	88911	-1111	2.73927	-1111	4.49963	
7729	1298937600	2011	03	01	1	0.5	0.5	89075	-1111	2.73927	-1111	4.53827	
7760	1301616000	2011	04	01	1	0.5	0.5	89333	-1111	2.73927	-1111	4.70372	
7790	1304208000	2011	05	01	1	0.5	0.5	89536	-1111	2.73927	-1111	4.712	
7821	1306886400	2011	06	01	1	0.5	0.5	89741	-1111	2.73927	-1111	4.63435	
7851	1309478400	2011	07	01	1	0.5	0.5	89955	-1111	2.73927	-1111	4.72817	
7882	1312156800	2011	08	01	1	0.5	0.5	90203	-1111	2.73927	-1111	4.76067	
7913	1314835200	2011	09	01	1	0.5	0.5	90403	-1111	2.73927	-1111	4.77054	
7943	1317427200	2011	10	01	1	0.5	0.5	90597	-1111	2.73927	-1111	4.80603	
7974	1320105600	2011	11	01	1	0.5	0.5	90802	-1111	2.73927	-1111	4.73177	
8004	1322697600	2011	12	01	1	0.5	0.5	90981	-1111	2.73927	-1111	4.7351	
8035	1325376000	2012	01	01	1	0.5	0.5	91189	-1111	2.73927	-1111	4.61486	
8066	1328054400	2012	02	01	1	0.5	0.5	91401	-1111	2.86201	-1111	4.7509	
8095	1330560000	2012	03	01	1	0.5	0.5	91600	-1111	2.86201	-1111	4.59716	
8126	1333238400	2012	04	01	1	0.5	0.5	91786	-1111	2.86201	-1111	4.54177	
8156	1335830400	2012	05	01	1	0.5	0.5	91984	-1111	2.86201	-1111	4.34097	
8187	1338508800	2012	06	01	1	0.5	0.5	92222	-1111	2.86201	-1111	4.59316	
8217	1341100800	2012	07	01	1	0.5	0.5	92424	-1111	2.86201	-1111	4.34064	
8248	1343779200	2012	08	01	1	0.5	0.5	92637	-1111	2.86201	-1111	4.26747	
8279	1346457600	2012	09	01	1	0.5	0.5	92866	-1111	2.86201	-1111	4.16842	
8309	1349049600	2012	10	01	1	0.5	0.5	93081	-1111	2.86201	-1111	4.18734	
8340	1351728000	2012	11	01	1	0.5	0.5	93296	-1111	2.86201	-1111	4.27282	
8370	1354320000	2012	12	01	1	0.5	0.5	93513	-1111	2.86201	-1111	4.49015	
8401	1356998400	2013	01	01	1	0.5	0.5	93756	-1111	2.86201	-1111	4.40839	
8432	1359676800	2013	02	01	1	0.5	0.5	93963	-1111	2.65525	-1111	4.41005	
8460	1362096000	2013	03	01	1	0.5	0.5	94148	-1111	2.65525	-1111	4.32273	
8491	1364774400	2013	04	01	1	0.5	0.5	94380	-1111	2.65525	-1111	4.46953	
8521	1367366400	2013	05	01	1	0.5	0.5	94602	-1111	2.65525	-1111	4.53759	
8552	1370044800	2013	06	01	1	0.5	0.5	94838	-1111	2.65525	-1111	4.61317	
8582	1372636800	2013	07	01	1	0.5	0.5	95047	-1111	2.65525	-1111	4.77011	
8613	1375315200	2013	08	01	1	0.5	0.5	95285	-1111	2.65525	-1111	4.77729	
8644	1377993600	2013	09	01	1	0.5	0.5	95518	-1111	2.65525	-1111	4.63795	
8674	1380585600	2013	10	01	1	0.5	0.5	95718	-1111	2.65525	-1111	4.50932	
8705	1383264000	2013	11	01	1	0.5	0.5	95922	-1111	2.65525	-1111	4.65608	
8735	1385856000	2013	12	01	1	0.5	0.5	96144	-1111	2.65525	-1111	4.34765	
8766	1388534400	2014	01	01	1	0.5	0.5	96381	-1111	2.65525	-1111	4.47265	
8797	1391212800	2014	02	01	1	0.5	0.5	96621	-1111	2.7246	-1111	4.47459	
8825	1393632000	2014	03	01	1	0.5	0.5	96799	-1111	2.7246	-1111	4.30516	
8856	1396310400	2014	04	01	1	0.5	0.5	97025	-1111	2.7246	-1111	4.47406	
8886	1398902400	2014	05	01	1	0.5	0.5	97254	-1111	2.7246	-1111	4.51434	
8917	1401580800	2014	06	01	1	0.5	0.5	97460	-1111	2.7246	-1111	4.77624	
8947	1404172800	2014	07	01	1	0.5	0.5	97667	-1111	2.7246	-1111	4.76781	
8978	1406851200	2014	08	01	1	0.5	0.5	97903	-1111	2.7246	-1111	4.57506	
9009	1409529600	2014	09	01	1	0.5	0.5	98170	-1111	2.7246	-1111	4.6171	
9039	1412121600	2014	10	01	1	0.5	0.5	98408	-1111	2.7246	-1111	4.61056	
9070	1414800000	2014	11	01	1	0.5	0.5	98631	-1111	2.7246	-1111	4.78247	
9100	1417392000	2014	12	01	1	0.5	0.5	98881	-1111	2.7246	-1111	4.70276	
9131	1420070400	2015	01	01	1	0.5	0.5	99113	-1111	2.7246	-1111	4.67666	
9162	1422748800	2015	02	01	1	0.5	0.5	99366	-1111	2.74893	-1111	4.63185	
9190	1425168000	2015	03	01	1	0.5	0.5	99586	-1111	2.74893	-1111	4.45902	
9221	1427846400	2015	04	01	1	0.5	0.5	99796	-1111	2.74893	-1111	4.86714	
9251	1430438400	2015	05	01	1	0.5	0.5	100044	-1111	2.74893	-1111	4.9181	
9282	1433116800	2015	06	01	1	0.5	0.5	100281	-1111	2.74893	-1111	4.78349	
9312	1435708800	2015	07	01	1	0.5	0.5	100473	-1111	2.74893	-1111	4.85187	
9343	1438387200	2015	08	01	1	0.5	0.5	100723	-1111	2.74893	-1111	4.62977	
9374	1441065600	2015	09	01	1	0.5	0.5	100949	-1111	2.74893	-1111	4.44012	
9404	1443657600	2015	10	01	1	0.5	0.5	101150	-1111	2.74893	-1111	4.37313	
9435	1446336000	2015	11	01	1	0.5	0.5	101429	-1111	2.74893	-1111	4.32039	
9465	1448928000	2015	12	01	1	0.5	0.5	101655	-1111	2.74893	-1111	4.47611	
9496	1451606400	2016	01	01	1	0.5	0.5	101905	-1111	2.74893	-1111	4.38384	
9527	1454284800	2016	02	01	1	0.5	0.5	102152	-1111	2.83743	-1111	4.58546	
9556	1456790400	2016	03	01	1	0.5	0.5	102375	-1111	2.83743	-1111	4.39851	
9587	1459468800	2016	04	01	1	0.5	0.5	102606	-1111	2.83743	-1111	4.41835	
9617	1462060800	2016	05	01	1	0.5	0.5	102836	-1111	2.83743	-1111	4.43385	
9648	1464739200	2016	06	01	1	0.5	0.5	103054	-1111	2.83743	-1111	4.5032	
9678	1467331200	2016	07	01	1	0.5	0.5	103312	-1111	2.83743	-1111	4.54805	
9709	1470009600	2016	08	01	1	0.5	0.5	103564	-1111	2.83743	-1111	4.4992	
9740	1472688000	2016	09	01	1	0.5	0.5	103790	-1111	2.83743	-1111	4.39947	
9770	1475280000	2016	10	01	1	0.5	0.5	104008	-1111	2.83743	-1111	4.31924	
9801	1477958400	2016	11	01	1	0.5	0.5	104230	-1111	2.83743	-1111	4.19715	
9831	1480550400	2016	12	01	1	0.5	0.5	104465	-1111	2.83743	-1111	4.31576	
9862	1483228800	2017	01	01	1	0.5	0.5	104695	-1111	2.83743	-1111	4.32382	
9893	1485907200	2017	02	01	1	0.5	0.5	104934	-1111	2.62496	-1111	4.29471	
9921	1488326400	2017	03	01	1	0.5	0.5	105171	-1111	2.62496	-1111	4.31762	
9952	1491004800	2017	04	01	1	0.5	0.5	105439	-1111	2.62496	-1111	4.16372	
9982	1493596800	2017	05	01	1	0.5	0.5	105698	-1111	2.62496	-1111	4.03492	
10013	1496275200	2017	06	01	1	0.5	0.5	105934	-1111	2.62496	-1111	4.17022	
10043	1498867200	2017	07	01	1	0.5	0.5	106173	-1111	2.62496	-1111	3.97248	
10074	1501545600	2017	08	01	1	0.5	0.5	106418	-1111	2.62496	-1111	4.17112	
10105	1504224000	2017	09	01	1	0.5	0.5	106686	-1111	2.62496	-1111	4.08967	
10135	1506816000	2017	10	01	1	0.5	0.5	106958	-1111	2.62496	-1111	4.13958	
10166	1509494400	2017	11	01	1	0.5	0.5	107211	-1111	2.62496	-1111	4.25836	
10196	1512086400	2017	12	01	1	0.5	0.5	107454	-1111	2.62496	-1111	4.17108	
10227	1514764800	2018	01	01	1	0.5	0.5	107695	-1111	2.62496	-1111	4.29249	
10258	1517443200	2018	02	01	1	0.5	0.5	107936	-1111	2.5556	-1111	4.60979	
10286	1519862400	2018	03	01	1	0.5	0.5	108171	-1111	2.5556	-1111	4.6336	
10317	1522540800	2018	04	01	1	0.5	0.5	108436	-1111	2.5556	-1111	4.61555	
10347	1525132800	2018	05	01	1	0.5	0.5	108653	-1111	2.5556	-1111	4.64654	
10378	1527811200	2018	06	01	1	0.5	0.5	108887	-1111	2.5556	-1111	4.75178	
10408	1530403200	2018	07	01	1	0.5	0.5	109127	-1111	2.5556	-1111	4.61964	
10439	1533081600	2018	08	01	1	0.5	0.5	109357	-1111	2.5556	-1111	4.75029	
10470	1535760000	2018	09	01	1	0.5	0.5	109633	-1111	2.5556	-1111	4.91575	
10500	1538352000	2018	10	01	1	0.5	0.5	109897	-1111	2.5556	-1111	4.88197	
10531	1541030400	2018	11	01	1	0.5	0.5	110175	-1111	2.5556	-1111	4.81898	
10561	1543622400	2018	12	01	1	0.5	0.5	110412	-1111	2.5556	-1111	4.71923	
10592	1546300800	2019	01	01	1	0.5	0.5	110679	-1111	2.5556	-1111	4.64464	
10623	1548979200	2019	02	01	1	0.5	0.5	110937	-1111	2.80354	-1111	4.58794	
10651	1551398400	2019	03	01	1	0.5	0.5	111167	-1111	2.80354	-1111	4.6055	
10682	1554076800	2019	04	01	1	0.5	0.5	111428	-1111	2.80354	-1111	4.60167	
10712	1556668800	2019	05	01	1	0.5	0.5	111654	-1111	2.80354	-1111	4.52532	
10743	1559347200	2019	06	01	1	0.5	0.5	111942	-1111	2.80354	-1111	4.46635	
10773	1561939200	2019	07	01	1	0.5	0.5	112223	-1111	2.80354	-1111	4.32362	
10804	1564617600	2019	08	01	1	0.5	0.5	112461	-1111	2.80354	-1111	4.56784	
10835	1567296000	2019	09	01	1	0.5	0.5	112701	-1111	2.80354	-1111	4.37237	
10865	1569888000	2019	10	01	1	0.5	0.5	112944	-1111	2.80354	-1111	4.41197	
10896	1572566400	2019	11	01	1	0.5	0.5	113231	-1111	2.80354	-1111	4.33608	
10926	1575158400	2019	12	01	1	0.5	0.5	113513	-1111	2.80354	-1111	4.37833	
10957	1577836800	2020	01	01	1	0.5	0.5	113789	-1111	2.80354	-1111	4.45985	
10988	1580515200	2020	02	01	1	0.5	0.5	114076	-1111	2.7806	-1111	4.57708	
11017	1583020800	2020	03	01	1	0.5	0.5	114349	-1111	2.7806	-1111	4.48315	
11048	1585699200	2020	04	01	1	0.5	0.5	114661	-1111	2.7806	-1111	4.46462	
11078	1588291200	2020	05	01	1	0.5	0.5	114937	-1111	2.7806	-1111	4.41981	
11109	1590969600	2020	06	01	1	0.5	0.5	115246	-1111	2.7806	-1111	4.61796	
11139	1593561600	2020	07	01	1	0.5	0.5	115540	-1111	2.7806	-1111	4.45921	
11170	1596240000	2020	08	01	1	0.5	0.5	115809	-1111	2.7806	-1111	4.43643	
11201	1598918400	2020	09	01	1	0.5	0.5	116096	-1111	2.7806	-1111	4.53882	
11231	1601510400	2020	10	01	1	0.5	0.5	116356	-1111	2.7806	-1111	4.54484	
11262	1604188800	2020	11	01	1	0.5	0.5	116659	-1111	2.7806	-1111	4.51482	
11292	1606780800	2020	12	01	1	0.5	0.5	116908	-1111	2.7806	-1111	4.47164	
11323	1609459200	2021	01	01	1	0.5	0.5	117181	-1111	2.7806	-1111	4.61007	
11354	1612137600	2021	02	01	1	0.5	0.5	117447	-1111	2.69648	-1111	4.72702	
11382	1614556800	2021	03	01	1	0.5	0.5	117686	-1111	2.69648	-1111	4.55576	
11413	1617235200	2021	04	01	1	0.5	0.5	117938	-1111	2.69648	-1111	4.73924	
11443	1619827200	2021	05	01	1	0.5	0.5	118238	-1111	2.69648	-1111	4.7744	
11474	1622505600	2021	06	01	1	0.5	0.5	118562	-1111	2.69648	-1111	4.85849	
11504	1625097600	2021	07	01	1	0.5	0.5	118846	-1111	2.69648	-1111	4.81557	
11535	1627776000	2021	08	01	1	0.5	0.5	119163	-1111	2.69648	-1111	4.9553	
11566	1630454400	2021	09	01	1	0.5	0.5	119465	-1111	2.69648	-1111	5.03889	
11596	1633046400	2021	10	01	1	0.5	0.5	119737	-1111	2.69648	-1111	4.99523	
11627	1635724800	2021	11	01	1	0.5	0.5	120014	-1111	2.69648	-1111	5.14588	
11657	1638316800	2021	12	01	1	0.5	0.5	120259	-1111	2.69648	-1111	5.27315	
11688	1640995200	2022	01	01	1	0.5	0.5	120559	-1111	2.69648	-1111	5.3213	
11719	1643673600	2022	02	01	1	0.5	0.5	120845	-1111	2.81631	-1111	5.41861	
11747	1646092800	2022	03	01	1	0.5	0.5	121078	-1111	2.81631	-1111	5.38846	
11778	1648771200	2022	04	01	1	0.5	0.5	121400	-1111	2.81631	-1111	5.56725	
11808	1651363200	2022	05	01	1	0.5	0.5	121665	-1111	2.81631	-1111	5.75588	
11839	1654041600	2022	06	01	1	0.5	0.5	121913	-1111	2.81631	-1111	5.81575	
11869	1656633600	2022	07	01	1	0.5	0.5	122195	-1111	2.81631	-1111	5.99634	
11900	1659312000	2022	08	01	1	0.5	0.5	122490	-1111	2.81631	-1111	6.0445	
11931	1661990400	2022	09	01	1	0.5	0.5	122759	-1111	2.81631	-1111	6.19396	
11961	1664582400	2022	10	01	1	0.5	0.5	123065	-1111	2.81631	-1111	6.36659	
11992	1667260800	2022	11	01	1	0.5	0.5	123336	-1111	2.81631	-1111	6.29364	
12022	1669852800	2022	12	01	1	0.5	0.5	123641	-1111	2.81631	-1111	6.25871	
12053	1672531200	2023	01	01	1	0.5	0.5	123926	-1111	2.81631	-1111	6.05735	
12084	1675209600	2023	02	01	1	0.5	0.5	124251	-1111	3.30855	-1111	5.97278	
12112	1677628800	2023	03	01	1	0.5	0.5	124505	-1111	3.30855	-1111	6.01735	
12143	1680307200	2023	04	01	1	0.5	0.5	124803	-1111	3.30855	-1111	5.86888	
12173	1682899200	2023	05	01	1	0.5	0.5	125077	-1111	3.30855	-1111	5.77489	
12204	1685577600	2023	06	01	1	0.5	0.5	125378	-1111	3.30855	-1111	5.74039	
12234	1688169600	2023	07	01	1	0.5	0.5	125671	-1111	3.30855	-1111	5.86865	
12265	1690848000	2023	08	01	1	0.5	0.5	125965	-1111	3.30855	-1111	5.98569	
12296	1693526400	2023	09	01	1	0.5	0.5	126280	-1111	3.30855	-1111	6.05236	
12326	1696118400	2023	10	01	1	0.5	0.5	126591	-1111	3.30855	-1111	5.93424	
12357	1698796800	2023	11	01	1	0.5	0.5	126914	-1111	3.30855	-1111	6.00751	
12387	1701388800	2023	12	01	1	0.5	0.5	127227	-1111	3.30855	-1111	5.92378	
12418	1704067200	2024	01	01	1	0.5	0.5	127532	-1111	3.30855	-1111	5.97643	
12449	1706745600	2024	02	01	1	0.5	0.5	127831	-1111	3.26337	-1111	5.99792	
12478	1709251200	2024	03	01	1	0.5	0.5	128134	-1111	3.26337	-1111	6.09648	
12509	1711929600	2024	04	01	1	0.5	0.5	128445	-1111	3.26337	-1111	5.84781	
12539	1714521600	2024	05	01	1	0.5	0.5	128725	-1111	3.26337	-1111	5.78914	
12570	1717200000	2024	06	01	1	0.5	0.5	129012	-1111	3.26337	-1111	5.6824	
12600	1719792000	2024	07	01	1	0.5	0.5	129292	-1111	3.26337	-1111	5.81899	
12631	1722470400	2024	08	01	1	0.5	0.5	129589	-1111	3.26337	-1111	5.65154	
12662	1725148800	2024	09	01	1	0.5	0.5	129886	-1111	3.26337	-1111	5.51433	
12692	1727740800	2024	10	01	1	0.5	0.5	130189	-1111	3.26337	-1111	5.40695	
12723	1730419200	2024	11	01	1	0.5	0.5	130484	-1111	3.26337	-1111	5.47243	
12753	1733011200	2024	12	01	1	0.5	0.5	130792	-1111	3.26337	-1111	5.5348	
12784	1735689600	2025	01	01	1	0.5	0.5	131081	-1111	3.26337	-1111	5.46225	
12815	1738368000	2025	02	01	1	0.5	0.5	131369	-1111	3.05337	-1111	5.15369	
12843	1740787200	2025	03	01	1	0.5	0.5	131633	-1111	3.05337	-1111	4.92343	
12874	1743465600	2025	04	01	1	0.5	0.5	131902	-1111	3.05337	-1111	4.78163	
12904	1746057600	2025	05	01	1	0.5	0.5	132200	-1111	3.05337	-1111	4.4472	
12935	1748736000	2025	06	01	1	0.5	0.5	132557	-1111	3.05337	-1111	4.45942	
12965	1751328000	2025	07	01	1	0.5	0.5	132857	-1111	3.05337	-1111	4.42906	
12996	1754006400	2025	08	01	1	0.5	0.5	133133	-1111	3.05337	-1111	4.28061	
13027	1756684800	2025	09	01	1	0.5	0.5	133451	-1111	3.05337	-1111	4.20662	
13057	1759276800	2025	10	01	1	0.5	0.5	133774	-1111	3.05337	-1111	4.16982	
13088	1761955200	2025	11	01	1	0.5	0.5	134113	-1111	3.05337	-1111	4.20554	
13118	1764547200	2025	12	01	1	0.5	0.5	134403	-1111	3.05337	-1111	4.21016	
13149	1767225600	2026	01	01	1	0.5	0.5	134710	-1111	3.05337	-1111	4.19595	
13180	1769904000	2026	02	01	1	0.5	0.5	135031	-1111	2.58757	-1111	4.05768	
13208	1772323200	2026	03	01	1	0.5	0.5	135310	-1111	2.58757	-1111	4.22677	
13239	1775001600	2026	04	01	1	0.5	0.5	135632	-1111	2.58757	-1111	4.22321	
13269	1777593600	2026	05	01	1	0.5	0.5	135918	-1111	2.58757	-1111	4.30462	
13300	1780272000	2026	06	01	1	0.5	0.5	136292	-1111	2.58757	-1111	4.36968	
13330	1782864000	2026	07	01	1	0.5	0.5	136585	-1111	2.58757	-1111	4.54791	
13361	1785542400	2026	08	01	1	0.5	0.5	136927	-1111	2.58757	-1111	4.5514	
13392	1788220800	2026	09	01	1	0.5	0.5	137257	-1111	2.58757	-1111	4.63751	
13422	1790812800	2026	10	01	1	0.5	0.5	137538	-1111	2.58757	-1111	4.6707	
13453	1793491200	2026	11	01	1	0.5	0.5	137862	-1111	2.58757	-1111	4.88074	
13483	1796083200	2026	12	01	1	0.5	0.5	138182	-1111	2.58757	-1111	5.07175	
13514	1798761600	2027	01	01	1	0.5	0.5	138494	-1111	2.58757	-1111	5.18037	
13545	1801440000	2027	02	01	1	0.5	0.5	138790	-1111	2.69319	-1111	5.25518	
13573	1803859200	2027	03	01	1	0.5	0.5	139097	-1111	2.69319	-1111	5.44161	
13604	1806537600	2027	04	01	1	0.5	0.5	139428	-1111	2.69319	-1111	5.55058	
13634	1809129600	2027	05	01	1	0.5	0.5	139734	-1111	2.69319	-1111	5.41711	
13665	1811808000	2027	06	01	1	0.5	0.5	140053	-1111	2.69319	-1111	5.41706	
13695	1814400000	2027	07	01	1	0.5	0.5	140367	-1111	2.69319	-1111	5.30158	
13726	1817078400	2027	08	01	1	0.5	0.5	140706	-1111	2.69319	-1111	5.28636	
13757	1819756800	2027	09	01	1	0.5	0.5	141038	-1111	2.69319	-1111	5.3844	
13787	1822348800	2027	10	01	1	0.5	0.5	141356	-1111	2.69319	-1111	5.33804	
13818	1825027200	2027	11	01	1	0.5	0.5	141674	-1111	2.69319	-1111	5.29337	
13848	1827619200	2027	12	01	1	0.5	0.5	141982	-1111	2.69319	-1111	5.26258	
13879	1830297600	2028	01	01	1	0.5	0.5	142336	-1111	2.69319	-1111	5.20355	
13910	1832976000	2028	02	01	1	0.5	0.5	142645	-1111	3.04917	-1111	5.29937	
13939	1835481600	2028	03	01	1	0.5	0.5	142949	-1111	3.04917	-1111	5.23002	
13970	1838160000	2028	04	01	1	0.5	0.5	143239	-1111	3.04917	-1111	5.21621	
14000	1840752000	2028	05	01	1	0.5	0.5	143609	-1111	3.04917	-1111	5.15416	
14031	1843430400	2028	06	01	1	0.5	0.5	143931	-1111	3.04917	-1111	5.06668	
14061	1846022400	2028	07	01	1	0.5	0.5	144244	-1111	3.04917	-1111	5.17781	
14092	1848700800	2028	08	01	1	0.5	0.5	144589	-1111	3.04917	-1111	5.18764	
14123	1851379200	2028	09	01	1	0.5	0.5	144915	-1111	3.04917	-1111	5.11835	
14153	1853971200	2028	10	01	1	0.5	0.5	145295	-1111	3.04917	-1111	5.13268	
14184	1856649600	2028	11	01	1	0.5	0.5	145665	-1111	3.04917	-1111	5.20803	
14214	1859241600	2028	12	01	1	0.5	0.5	146003	-1111	3.04917	-1111	5.32895	
14245	1861920000	2029	01	01	1	0.5	0.5	146330	-1111	3.04917	-1111	5.15615	
14276	1864598400	2029	02	01	1	0.5	0.5	146660	-1111	2.94961	-1111	5.29969	
14304	1867017600	2029	03	01	1	0.5	0.5	146991	-1111	2.94961	-1111	5.19281	
14335	1869696000	2029	04	01	1	0.5	0.5	147355	-1111	2.94961	-1111	5.19714	
14365	1872288000	2029	05	01	1	0.5	0.5	147695	-1111	2.94961	-1111	5.0664	
14396	1874966400	2029	06	01	1	0.5	0.5	148007	-1111	2.94961	-1111	4.94653	
14426	1877558400	2029	07	01	1	0.5	0.5	148319	-1111	2.94961	-1111	4.90049	
14457	1880236800	2029	08	01	1	0.5	0.5	148626	-1111	2.94961	-1111	4.98401	
14488	1882915200	2029	09	01	1	0.5	0.5	148917	-1111	2.94961	-1111	4.96376	
14518	1885507200	2029	10	01	1	0.5	0.5	149220	-1111	2.94961	-1111	4.96748	
14549	1888185600	2029	11	01	1	0.5	0.5	149561	-1111	2.94961	-1111	4.91201	
14579	1890777600	2029	12	01	1	0.5	0.5	149949	-1111	2.94961	-1111	4.98244	
14610	1893456000	2030	01	01	1	0.5	0.5	150260	-1111	2.94961	-1111	4.76846	
