0	631152000	1990	01	01	1	0.6	0.5	50000	-1111	0	-1111	5.0578	
31	633830400	1990	02	01	1	0	0	50112	-1111	0	-1111	12.3636	
59	636249600	1990	03	01	1	0	0	50222	-1111	0	-1111	15.1743	
90	638928000	1990	04	01	1	0	0	50342	-1111	0	-1111	15.0807	
120	641520000	1990	05	01	1	0	0	50424	-1111	0	-1111	17.493	
151	644198400	1990	06	01	1	0	0	50524	-1111	0	-1111	19.3337	
181	646790400	1990	07	01	1	0	0	50629	-1111	0	-1111	20.209	
212	649468800	1990	08	01	1	0	0	50766	-1111	0	-1111	20.6852	
243	652147200	1990	09	01	1	0	0	50876	-1111	0	-1111	20.6785	
273	654739200	1990	10	01	1	0	0	50978	-1111	0	-1111	20.3697	
304	657417600	1990	11	01	1	0	0	51086	-1111	0	-1111	19.9812	
334	660009600	1990	12	01	1	0	0	51194	-1111	0	-1111	19.1577	
365	662688000	1991	01	01	1	0	0	51295	-1111	0	-1111	17.5744	
396	665366400	1991	02	01	1	0	0	51418	-1111	0	-1111	16.1363	
424	667785600	1991	03	01	1	0	0	51517	-1111	0	-1111	14.7987	
455	670464000	1991	04	01	1	0	0	51642	-1111	0	-1111	13.3937	
485	673056000	1991	05	01	1	0	0	51748	-1111	0	-1111	12.0103	
516	675734400	1991	06	01	1	0	0	51863	-1111	0	-1111	10.8449	
546	678326400	1991	07	01	1	0	0	51980	-1111	0	-1111	10.3586	
577	681004800	1991	08	01	1	0	0	52096	-1111	0	-1111	9.54474	
608	683683200	1991	09	01	1	0	0	52218	-1111	0	-1111	8.78348	
638	686275200	1991	10	01	1	0	0	52344	-1111	0	-1111	8.09574	
669	688953600	1991	11	01	1	0	0	52450	-1111	0	-1111	7.38316	
699	691545600	1991	12	01	1	0	0	52575	-1111	0	-1111	6.89733	
730	694224000	1992	01	01	1	0	0	52686	-1111	0	-1111	6.25189	
761	696902400	1992	02	01	1	0	0	52804	-1111	5.10486	-1111	5.99849	
790	699408000	1992	03	01	1	0	0	52934	-1111	5.10486	-1111	6.02992	
821	702086400	1992	04	01	1	0	0	53086	-1111	5.10486	-1111	6.1477	
851	704678400	1992	05	01	1	0	0	53179	-1111	5.10486	-1111	6.0469	
882	707356800	1992	06	01	1	0	0	53315	-1111	5.10486	-1111	6.01663	
912	709948800	1992	07	01	1	0	0	53444	-1111	5.10486	-1111	6.15652	
943	712627200	1992	08	01	1	0	0	53554	-1111	5.10486	-1111	6.48901	
974	715305600	1992	09	01	1	0	0	53651	-1111	5.10486	-1111	6.51079	
1004	717897600	1992	10	01	1	0	0	53785	-1111	5.10486	-1111	6.61058	
1035	720576000	1992	11	01	1	0	0	53922	-1111	5.10486	-1111	7.04595	
1065	723168000	1992	12	01	1	0	0	54034	-1111	5.10486	-1111	7.13162	
1096	725846400	1993	01	01	1	0	0	54132	-1111	5.10486	-1111	7.52503	
1127	728524800	1993	02	01	1	0	0	54280	-1111	3.32096	-1111	8.21029	
1155	730944000	1993	03	01	1	0	0	54392	-1111	3.32096	-1111	8.26563	
1186	733622400	1993	04	01	1	0	0	54539	-1111	3.32096	-1111	8.3619	
1216	736214400	1993	05	01	1	0	0	54645	-1111	3.32096	-1111	8.50257	
1247	738892800	1993	06	01	1	0	0	54775	-1111	3.32096	-1111	8.72703	
1277	741484800	1993	07	01	1	0	0	54914	-1111	3.32096	-1111	9.02194	
1308	744163200	1993	08	01	1	0	0	55071	-1111	3.32096	-1111	9.09429	
1339	746841600	1993	09	01	1	0	0	55214	-1111	3.32096	-1111	8.94968	
1369	749433600	1993	10	01	1	0	0	55344	-1111	3.32096	-1111	9.16846	
1400	752112000	1993	11	01	1	0	0	55450	-1111	3.32096	-1111	9.3075	
1430	754704000	1993	12	01	1	0	0	55571	-1111	3.32096	-1111	9.12328	
1461	757382400	1994	01	01	1	0	0	55666	-1111	3.32096	-1111	8.9001	
1492	760060800	1994	02	01	1	0	0	55798	-1111	4.55155	-1111	8.59809	
1520	762480000	1994	03	01	1	0	0	55940	-1111	4.55155	-1111	8.1293	
1551	765158400	1994	04	01	1	0	0	56060	-1111	4.55155	-1111	7.99941	
1581	767750400	1994	05	01	1	0	0	56203	-1111	4.55155	-1111	7.73363	
1612	770428800	1994	06	01	1	0	0	56327	-1111	4.55155	-1111	7.78505	
1642	773020800	1994	07	01	1	0	0	56430	-1111	4.55155	-1111	8.08251	
1673	775699200	1994	08	01	1	0	0	56552	-1111	4.55155	-1111	7.99941	
1704	778377600	1994	09	01	1	0	0	56694	-1111	4.55155	-1111	8.0877	
1734	780969600	1994	10	01	1	0	0	56833	-1111	4.55155	-1111	8.2334	
1765	783648000	1994	11	01	1	0	0	56944	-1111	4.55155	-1111	7.87534	
1795	786240000	1994	12	01	1	0	0	57064	-1111	4.55155	-1111	7.41335	
1826	788918400	1995	01	01	1	0	0	57194	-1111	4.55155	-1111	7.61759	
1857	791596800	1995	02	01	1	0	0	57302	-1111	3.95763	-1111	7.86484	
1885	794016000	1995	03	01	1	0	0	57437	-1111	3.95763	-1111	7.69287	
1916	796694400	1995	04	01	1	0	0	57593	-1111	3.95763	-1111	7.5551	
1946	799286400	1995	05	01	1	0	0	57734	-1111	3.95763	-1111	7.30928	
1977	801964800	1995	06	01	1	0	0	57853	-1111	3.95763	-1111	7.52174	
2007	804556800	1995	07	01	1	0	0	57954	-1111	3.95763	-1111	7.70233	
2038	807235200	1995	08	01	1	0	0	58049	-1111	3.95763	-1111	7.92423	
2069	809913600	1995	09	01	1	0	0	58144	-1111	3.95763	-1111	7.72835	
2099	812505600	1995	10	01	1	0	0	58297	-1111	3.95763	-1111	8.0262	
2130	815184000	1995	11	01	1	0	0	58424	-1111	3.95763	-1111	8.18633	
2160	817776000	1995	12	01	1	0	0	58543	-1111	3.95763	-1111	7.97872	
2191	820454400	1996	01	01	1	0	0	58692	-1111	3.95763	-1111	8.41833	
2222	823132800	1996	02	01	1	0	0	58824	-1111	3.93469	-1111	8.78136	
2251	825638400	1996	03	01	1	0	0	58960	-1111	3.93469	-1111	8.98957	
2282	828316800	1996	04	01	1	0	0	59134	-1111	3.93469	-1111	9.00093	
2312	830908800	1996	05	01	1	0	0	59241	-1111	3.93469	-1111	8.64803	
2343	833587200	1996	06	01	1	0	0	59378	-1111	3.93469	-1111	8.40324	
2373	836179200	1996	07	01	1	0	0	59505	-1111	3.93469	-1111	8.21558	
2404	838857600	1996	08	01	1	0	0	59664	-1111	3.93469	-1111	8.17065	
2435	841536000	1996	09	01	1	0	0	59827	-1111	3.93469	-1111	8.36873	
2465	844128000	1996	10	01	1	0	0	59972	-1111	3.93469	-1111	8.34805	
2496	846806400	1996	11	01	1	0	0	60112	-1111	3.93469	-1111	8.08601	
2526	849398400	1996	12	01	1	0	0	60266	-1111	3.93469	-1111	7.75079	
2557	852076800	1997	01	01	1	0	0	60396	-1111	3.93469	-1111	7.69987	
2588	854755200	1997	02	01	1	0	0	60555	-1111	4.1286	-1111	7.31519	
2616	857174400	1997	03	01	1	0	0	60672	-1111	4.1286	-1111	7.42373	
2647	859852800	1997	04	01	1	0	0	60800	-1111	4.1286	-1111	7.53086	
2677	862444800	1997	05	01	1	0	0	60938	-1111	4.1286	-1111	7.67623	
2708	865123200	1997	06	01	1	0	0	61078	-1111	4.1286	-1111	7.92169	
2738	867715200	1997	07	01	1	0	0	61190	-1111	4.1286	-1111	8.05206	
2769	870393600	1997	08	01	1	0	0	61303	-1111	4.1286	-1111	8.17619	
2800	873072000	1997	09	01	1	0	0	61420	-1111	4.1286	-1111	8.41467	
2830	875664000	1997	10	01	1	0	0	61570	-1111	4.1286	-1111	8.50354	
2861	878342400	1997	11	01	1	0	0	61699	-1111	4.1286	-1111	8.49174	
2891	880934400	1997	12	01	1	0	0	61809	-1111	4.1286	-1111	8.41711	
2922	883612800	1998	01	01	1	0	0	61928	-1111	4.1286	-1111	8.37827	
2953	886291200	1998	02	01	1	0	0	62058	-1111	4.07164	-1111	8.25967	
2981	888710400	1998	03	01	1	0	0	62160	-1111	4.07164	-1111	8.30691	
3012	891388800	1998	04	01	1	0	0	62331	-1111	4.07164	-1111	8.12479	
3042	893980800	1998	05	01	1	0	0	62461	-1111	4.07164	-1111	8.34815	
3073	896659200	1998	06	01	1	0	0	62625	-1111	4.07164	-1111	8.50716	
3103	899251200	1998	07	01	1	0	0	62778	-1111	4.07164	-1111	8.47999	
3134	901929600	1998	08	01	1	0	0	62915	-1111	4.07164	-1111	8.62711	
3165	904608000	1998	09	01	1	0	0	63053	-1111	4.07164	-1111	8.46315	
3195	907200000	1998	10	01	1	0	0	63205	-1111	4.07164	-1111	8.51207	
3226	909878400	1998	11	01	1	0	0	63343	-1111	4.07164	-1111	8.3858	
3256	912470400	1998	12	01	1	0	0	63496	-1111	4.07164	-1111	8.08917	
3287	915148800	1999	01	01	1	0	0	63608	-1111	4.07164	-1111	8.06215	
3318	917827200	1999	02	01	1	0	0	63777	-1111	4.11675	-1111	7.83416	
3346	920246400	1999	03	01	1	0	0	63891	-1111	4.11675	-1111	8.15178	
3377	922924800	1999	04	01	1	0	0	64037	-1111	4.11675	-1111	7.98969	
3407	925516800	1999	05	01	1	0	0	64168	-1111	4.11675	-1111	7.8956	
3438	928195200	1999	06	01	1	0	0	64297	-1111	4.11675	-1111	7.71808	
3468	930787200	1999	07	01	1	0	0	64458	-1111	4.11675	-1111	7.54507	
3499	933465600	1999	08	01	1	0	0	64585	-1111	4.11675	-1111	7.52653	
3530	936144000	1999	09	01	1	0	0	64750	-1111	4.11675	-1111	7.57675	
3560	938736000	1999	10	01	1	0	0	64901	-1111	4.11675	-1111	7.50325	
3591	941414400	1999	11	01	1	0	0	65071	-1111	4.11675	-1111	7.67336	
3621	944006400	1999	12	01	1	0	0	65232	-1111	4.11675	-1111	7.80684	
3652	946684800	2000	01	01	1	0	0	65385	-1111	4.11675	-1111	7.9012	
3683	949363200	2000	02	01	1	0.7	0.7	65541	-1111	3.84008	-1111	6.39841	
3712	951868800	2000	03	01	1	0.7	0.7	65662	-1111	3.84008	-1111	4.54749	
3743	954547200	2000	04	01	1	0.7	0.7	65790	-1111	3.84008	-1111	3.36901	
3773	957139200	2000	05	01	1	0.7	0.7	65947	-1111	3.84008	-1111	2.53395	
3804	959817600	2000	06	01	1	0.7	0.7	66124	-1111	3.84008	-1111	1.99064	
3834	962409600	2000	07	01	1	0.7	0.7	66267	-1111	3.84008	-1111	1.5477	
3865	965088000	2000	08	01	1	0.7	0.7	66412	-1111	3.84008	-1111	1.28449	
3896	967766400	2000	09	01	1	0.7	0.7	66565	-1111	3.84008	-1111	1.28221	
3926	970358400	2000	10	01	1	0.7	0.7	66690	-1111	3.84008	-1111	1.08485	
3957	973036800	2000	11	01	1	0.7	0.7	66858	-1111	3.84008	-1111	0.951234	
3987	975628800	2000	12	01	1	0.7	0.7	67006	-1111	3.84008	-1111	0.926424	
4018	978307200	2001	01	01	1	0.7	0.7	67165	-1111	3.84008	-1111	0.992807	
4049	980985600	2001	02	01	1	0.7	0.7	67326	-1111	1.47169	-1111	0.800522	
4077	983404800	2001	03	01	1	0.7	0.7	67468	-1111	1.47169	-1111	0.829089	
4108	986083200	2001	04	01	1	0.7	0.7	67645	-1111	1.47169	-1111	0.662056	
4138	988675200	2001	05	01	1	0.7	0.7	67815	-1111	1.47169	-1111	0.600954	
4169	991353600	2001	06	01	1	0.7	0.7	67965	-1111	1.47169	-1111	0.65832	
4199	993945600	2001	07	01	1	0.7	0.7	68163	-1111	1.47169	-1111	0.580135	
4230	996624000	2001	08	01	1	0.7	0.7	68301	-1111	1.47169	-1111	0.562193	
4261	999302400	2001	09	01	1	0.7	0.7	68454	-1111	1.47169	-1111	0.560551	
4291	1001894400	2001	10	01	1	0.7	0.7	68632	-1111	1.47169	-1111	0.61114	
4322	1004572800	2001	11	01	1	0.7	0.7	68808	-1111	1.47169	-1111	0.632141	
4352	1007164800	2001	12	01	1	0.7	0.7	68952	-1111	1.47169	-1111	0.682239	
4383	1009843200	2002	01	01	1	0.7	0.7	69132	-1111	1.47169	-1111	0.708893	
4414	1012521600	2002	02	01	1	0.7	0.7	69308	-1111	0.483591	-1111	0.672452	
4442	1014940800	2002	03	01	1	0.7	0.7	69435	-1111	0.483591	-1111	0.73424	
4473	1017619200	2002	04	01	1	0.7	0.7	69590	-1111	0.483591	-1111	0.722063	
4503	1020211200	2002	05	01	1	0.7	0.7	69730	-1111	0.483591	-1111	0.69131	
4534	1022889600	2002	06	01	1	0.7	0.7	69897	-1111	0.483591	-1111	0.688831	
4564	1025481600	2002	07	01	1	0.7	0.7	70076	-1111	0.483591	-1111	0.772113	
4595	1028160000	2002	08	01	1	0.7	0.7	70255	-1111	0.483591	-1111	0.95767	
4626	1030838400	2002	09	01	1	0.7	0.7	70427	-1111	0.483591	-1111	1.02854	
4656	1033430400	2002	10	01	1	0.7	0.7	70575	-1111	0.483591	-1111	0.999492	
4687	1036108800	2002	11	01	1	0.7	0.7	70738	-1111	0.483591	-1111	0.945786	
4717	1038700800	2002	12	01	1	0.7	0.7	70885	-1111	0.483591	-1111	1.1349	
4748	1041379200	2003	01	01	1	0.7	0.7	71070	-1111	0.483591	-1111	1.1976	
4779	1044057600	2003	02	01	1	0.7	0.7	71282	-1111	0.636581	-1111	1.40137	
4807	1046476800	2003	03	01	1	0.7	0.7	71419	-1111	0.636581	-1111	1.37712	
4838	1049155200	2003	04	01	1	0.7	0.7	71576	-1111	0.636581	-1111	1.45242	
4868	1051747200	2003	05	01	1	0.7	0.7	71761	-1111	0.636581	-1111	1.46358	
4899	1054425600	2003	06	01	1	0.7	0.7	71932	-1111	0.636581	-1111	1.47759	
4929	1057017600	2003	07	01	1	0.7	0.7	72092	-1111	0.636581	-1111	1.65444	
4960	1059696000	2003	08	01	1	0.7	0.7	72262	-1111	0.636581	-1111	1.7455	
4991	1062374400	2003	09	01	1	0.7	0.7	72414	-1111	0.636581	-1111	1.71231	
5021	1064966400	2003	10	01	1	0.7	0.7	72595	-1111	0.636581	-1111	1.81142	
5052	1067644800	2003	11	01	1	0.7	0.7	72803	-1111	0.636581	-1111	2.00306	
5082	1070236800	2003	12	01	1	0.7	0.7	72962	-1111	0.636581	-1111	2.10693	
5113	1072915200	2004	01	01	1	0.7	0.7	73152	-1111	0.636581	-1111	2.19524	
5144	1075593600	2004	02	01	1	0.7	0.7	73343	-1111	1.10565	-1111	2.33288	
5173	1078099200	2004	03	01	1	0.7	0.7	73502	-1111	1.10565	-1111	2.2968	
5204	1080777600	2004	04	01	1	0.7	0.7	73672	-1111	1.10565	-1111	2.26205	
5234	1083369600	2004	05	01	1	0.7	0.7	73845	-1111	1.10565	-1111	2.32596	
5265	1086048000	2004	06	01	1	0.7	0.7	74038	-1111	1.10565	-1111	2.37737	
5295	1088640000	2004	07	01	1	0.7	0.7	74201	-1111	1.10565	-1111	2.34015	
5326	1091318400	2004	08	01	1	0.7	0.7	74351	-1111	1.10565	-1111	2.2935	
5357	1093996800	2004	09	01	1	0.7	0.7	74534	-1111	1.10565	-1111	2.19862	
5387	1096588800	2004	10	01	1	0.7	0.7	74692	-1111	1.10565	-1111	2.23761	
5418	1099267200	2004	11	01	1	0.7	0.7	74843	-1111	1.10565	-1111	2.3447	
5448	1101859200	2004	12	01	1	0.7	0.7	75027	-1111	1.10565	-1111	2.36129	
5479	1104537600	2005	01	01	1	0.7	0.7	75215	-1111	1.10565	-1111	2.4228	
5510	1107216000	2005	02	01	1	0.7	0.7	75405	-1111	1.64072	-1111	2.35245	
5538	1109635200	2005	03	01	1	0.7	0.7	75563	-1111	1.64072	-1111	2.3312	
5569	1112313600	2005	04	01	1	0.7	0.7	75772	-1111	1.64072	-1111	2.21536	
5599	1114905600	2005	05	01	1	0.7	0.7	75957	-1111	1.64072	-1111	2.15043	
5630	1117584000	2005	06	01	1	0.7	0.7	76113	-1111	1.64072	-1111	2.25	
5660	1120176000	2005	07	01	1	0.7	0.7	76306	-1111	1.64072	-1111	2.26423	
5691	1122854400	2005	08	01	1	0.7	0.7	76463	-1111	1.64072	-1111	2.087	
5722	1125532800	2005	09	01	1	0.7	0.7	76651	-1111	1.64072	-1111	1.99152	
5752	1128124800	2005	10	01	1	0.7	0.7	76836	-1111	1.64072	-1111	1.90899	
5783	1130803200	2005	11	01	1	0.7	0.7	77028	-1111	1.64072	-1111	1.85575	
5813	1133395200	2005	12	01	1	0.7	0.7	77217	-1111	1.64072	-1111	1.82098	
5844	1136073600	2006	01	01	1	0.7	0.7	77427	-1111	1.64072	-1111	1.7035	
5875	1138752000	2006	02	01	1	0.7	0.7	77641	-1111	1.48069	-1111	1.55414	
5903	1141171200	2006	03	01	1	0.7	0.7	77809	-1111	1.48069	-1111	1.65827	
5934	1143849600	2006	04	01	1	0.7	0.7	78005	-1111	1.48069	-1111	1.71574	
5964	1146441600	2006	05	01	1	0.7	0.7	78185	-1111	1.48069	-1111	1.7175	
5995	1149120000	2006	06	01	1	0.7	0.7	78388	-1111	1.48069	-1111	1.65035	
6025	1151712000	2006	07	01	1	0.7	0.7	78576	-1111	1.48069	-1111	1.64058	
6056	1154390400	2006	08	01	1	0.7	0.7	78770	-1111	1.48069	-1111	1.82092	
6087	1157068800	2006	09	01	1	0.7	0.7	78948	-1111	1.48069	-1111	1.666	
6117	1159660800	2006	10	01	1	0.7	0.7	79132	-1111	1.48069	-1111	1.70364	
6148	1162339200	2006	11	01	1	0.7	0.7	79348	-1111	1.48069	-1111	1.74381	
6178	1164931200	2006	12	01	1	0.7	0.7	79558	-1111	1.48069	-1111	1.84725	
6209	1167609600	2007	01	01	1	0.7	0.7	79761	-1111	1.48069	-1111	1.88343	
6240	1170288000	2007	02	01	1	0.7	0.7	79956	-1111	1.17518	-1111	1.87244	
6268	1172707200	2007	03	01	1	0.7	0.7	80130	-1111	1.17518	-1111	1.76529	
6299	1175385600	2007	04	01	1	0.7	0.7	80312	-1111	1.17518	-1111	1.68924	
6329	1177977600	2007	05	01	1	0.7	0.7	80512	-1111	1.17518	-1111	1.77677	
6360	1180656000	2007	06	01	1	0.7	0.7	80698	-1111	1.17518	-1111	1.83235	
6390	1183248000	2007	07	01	1	0.7	0.7	80879	-1111	1.17518	-1111	1.79182	
6421	1185926400	2007	08	01	1	0.7	0.7	81091	-1111	1.17518	-1111	1.83929	
6452	1188604800	2007	09	01	1	0.7	0.7	81267	-1111	1.17518	-1111	1.90996	
6482	1191196800	2007	10	01	1	0.7	0.7	81454	-1111	1.17518	-1111	1.87129	
6513	1193875200	2007	11	01	1	0.7	0.7	81651	-1111	1.17518	-1111	1.84727	
6543	1196467200	2007	12	01	1	0.7	0.7	81832	-1111	1.17518	-1111	1.88743	
6574	1199145600	2008	01	01	1	0.7	0.7	82000	-1111	1.17518	-1111	1.90017	
6605	1201824000	2008	02	01	1	0.7	0.7	82197	-1111	1.29485	-1111	1.91447	
6634	1204329600	2008	03	01	1	0.7	0.7	82361	-1111	1.29485	-1111	1.91902	
6665	1207008000	2008	04	01	1	0.7	0.7	82521	-1111	1.29485	-1111	1.98603	
6695	1209600000	2008	05	01	1	0.7	0.7	82734	-1111	1.29485	-1111	2.17163	
6726	1212278400	2008	06	01	1	0.7	0.7	82951	-1111	1.29485	-1111	2.16553	
6756	1214870400	2008	07	01	1	0.7	0.7	83160	-1111	1.29485	-1111	2.27984	
6787	1217548800	2008	08	01	1	0.7	0.7	83380	-1111	1.29485	-1111	2.37522	
6818	1220227200	2008	09	01	1	0.7	0.7	83604	-1111	1.29485	-1111	2.47541	
6848	1222819200	2008	10	01	1	0.7	0.7	83796	-1111	1.29485	-1111	2.6594	
6879	1225497600	2008	11	01	1	0.7	0.7	84027	-1111	1.29485	-1111	2.56914	
6909	1228089600	2008	12	01	1	0.7	0.7	84251	-1111	1.29485	-1111	2.68319	
6940	1230768000	2009	01	01	1	0.7	0.7	84434	-1111	1.29485	-1111	2.83527	
6971	1233446400	2009	02	01	1	0.7	0.7	84666	-1111	1.55268	-1111	2.96228	
6999	1235865600	2009	03	01	1	0.7	0.7	84861	-1111	1.55268	-1111	3.20391	
7030	1238544000	2009	04	01	1	0.7	0.7	85033	-1111	1.55268	-1111	3.32872	
7060	1241136000	2009	05	01	1	0.7	0.7	85243	-1111	1.55268	-1111	3.56864	
7091	1243814400	2009	06	01	1	0.7	0.7	85418	-1111	1.55268	-1111	3.64287	
7121	1246406400	2009	07	01	1	0.7	0.7	85600	-1111	1.55268	-1111	4.1409	
7152	1249084800	2009	08	01	1	0.7	0.7	85811	-1111	1.55268	-1111	4.3639	
7183	1251763200	2009	09	01	1	0.7	0.7	86052	-1111	1.55268	-1111	4.67932	
7213	1254355200	2009	10	01	1	0.7	0.7	86236	-1111	1.55268	-1111	5.01748	
7244	1257033600	2009	11	01	1	0.7	0.7	86420	-1111	1.55268	-1111	5.0403	
7274	1259625600	2009	12	01	1	0.7	0.7	86615	-1111	1.55268	-1111	5.13041	
7305	1262304000	2010	01	01	1	0.7	0.7	86839	-1111	1.55268	-1111	5.15757	
7336	1264982400	2010	02	01	1	0.7	0.7	87049	-1111	2.49353	-1111	4.79255	
7364	1267401600	2010	03	01	1	0.7	0.7	87244	-1111	2.49353	-1111	4.3888	
7395	1270080000	2010	04	01	1	0.7	0.7	87467	-1111	2.49353	-1111	4.12149	
7425	1272672000	2010	05	01	1	0.7	0.7	87686	-1111	2.49353	-1111	3.85337	
7456	1275350400	2010	06	01	1	0.7	0.7	87893	-1111	2.49353	-1111	3.70881	
7486	1277942400	2010	07	01	1	0.7	0.7	88067	-1111	2.49353	-1111	3.59093	
7517	1280620800	2010	08	01	1	0.7	0.7	88286	-1111	2.49353	-1111	3.40115	
7548	1283299200	2010	09	01	1	0.7	0.7	88482	-1111	2.49353	-1111	3.19351	
7578	1285891200	2010	10	01	1	0.7	0.7	88654	-1111	2.49353	-1111	3.02817	
7609	1288569600	2010	11	01	1	0.7	0.7	88860	-1111	2.49353	-1111	2.89702	
7639	1291161600	2010	12	01	1	0.7	0.7	89058	-1111	2.49353	-1111	2.79139	
7670	1293840000	2011	01	01	1	0.7	0.7	89278	-1111	2.49353	-1111	2.8238	
7701	1296518400	2011	02	01	1	0.7	0.7	89500	-1111	2.33982	-1111	2.64615	
7729	1298937600	2011	03	01	1	0.7	0.7	89679	-1111	2.33982	-1111	2.6413	
7760	1301616000	2011	04	01	1	0.7	0.7	89883	-1111	2.33982	-1111	2.77971	
7790	1304208000	2011	05	01	1	0.7	0.7	90069	-1111	2.33982	-1111	2.64798	
7821	1306886400	2011	06	01	1	0.7	0.7	90309	-1111	2.33982	-1111	2.66229	
7851	1309478400	2011	07	01	1	0.7	0.7	90498	-1111	2.33982	-1111	2.80523	
7882	1312156800	2011	08	01	1	0.7	0.7	90724	-1111	2.33982	-1111	2.71223	
7913	1314835200	2011	09	01	1	0.7	0.7	90931	-1111	2.33982	-1111	2.9132	
7943	1317427200	2011	10	01	1	0.7	0.7	91109	-1111	2.33982	-1111	2.61167	
7974	1320105600	2011	11	01	1	0.7	0.7	91331	-1111	2.33982	-1111	2.69313	
8004	1322697600	2011	12	01	1	0.7	0.7	91536	-1111	2.33982	-1111	2.60492	
8035	1325376000	2012	01	01	1	0.7	0.7	91718	-1111	2.33982	-1111	2.67838	
8066	1328054400	2012	02	01	1	0.7	0.7	91931	-1111	1.76245	-1111	2.6436	
8095	1330560000	2012	03	01	1	0.7	0.7	92145	-1111	1.76245	-1111	2.58617	
8126	1333238400	2012	04	01	1	0.7	0.7	92392	-1111	1.76245	-1111	2.66049	
8156	1335830400	2012	05	01	1	0.7	0.7	92599	-1111	1.76245	-1111	2.82666	
8187	1338508800	2012	06	01	1	0.7	0.7	92786	-1111	1.76245	-1111	2.78464	
8217	1341100800	2012	07	01	1	0.7	0.7	92986	-1111	1.76245	-1111	2.88405	
8248	1343779200	2012	08	01	1	0.7	0.7	93247	-1111	1.76245	-1111	3.00288	
8279	1346457600	2012	09	01	1	0.7	0.7	93494	-1111	1.76245	-1111	2.87129	
8309	1349049600	2012	10	01	1	0.7	0.7	93745	-1111	1.76245	-1111	2.84538	
8340	1351728000	2012	11	01	1	0.7	0.7	93959	-1111	1.76245	-1111	2.82474	
8370	1354320000	2012	12	01	1	0.7	0.7	94171	-1111	1.76245	-1111	2.7764	
8401	1356998400	2013	01	01	1	0.7	0.7	94385	-1111	1.76245	-1111	2.8536	
8432	1359676800	2013	02	01	1	0.7	0.7	94582	-1111	1.83927	-1111	2.75453	
8460	1362096000	2013	03	01	1	0.7	0.7	94782	-1111	1.83927	-1111	2.78372	
8491	1364774400	2013	04	01	1	0.7	0.7	95015	-1111	1.83927	-1111	2.67487	
8521	1367366400	2013	05	01	1	0.7	0.7	95204	-1111	1.83927	-1111	2.77778	
8552	1370044800	2013	06	01	1	0.7	0.7	95442	-1111	1.83927	-1111	2.79615	
8582	1372636800	2013	07	01	1	0.7	0.7	95666	-1111	1.83927	-1111	2.81742	
8613	1375315200	2013	08	01	1	0.7	0.7	95888	-1111	1.83927	-1111	2.79587	
8644	1377993600	2013	09	01	1	0.7	0.7	96132	-1111	1.83927	-1111	2.91215	
8674	1380585600	2013	10	01	1	0.7	0.7	96346	-1111	1.83927	-1111	2.80908	
8705	1383264000	2013	11	01	1	0.7	0.7	96602	-1111	1.83927	-1111	2.81405	
8735	1385856000	2013	12	01	1	0.7	0.7	96843	-1111	1.83927	-1111	2.77498	
8766	1388534400	2014	01	01	1	0.7	0.7	97075	-1111	1.83927	-1111	2.94461	
8797	1391212800	2014	02	01	1	0.7	0.7	97317	-1111	1.76941	-1111	3.04141	
8825	1393632000	2014	03	01	1	0.7	0.7	97560	-1111	1.76941	-1111	2.94236	
8856	1396310400	2014	04	01	1	0.7	0.7	97778	-1111	1.76941	-1111	3.20154	
8886	1398902400	2014	05	01	1	0.7	0.7	97993	-1111	1.76941	-1111	3.19616	
8917	1401580800	2014	06	01	1	0.7	0.7	98229	-1111	1.76941	-1111	3.18916	
8947	1404172800	2014	07	01	1	0.7	0.7	98450	-1111	1.76941	-1111	3.10127	
8978	1406851200	2014	08	01	1	0.7	0.7	98710	-1111	1.76941	-1111	2.99719	
9009	1409529600	2014	09	01	1	0.7	0.7	98944	-1111	1.76941	-1111	3.00998	
9039	1412121600	2014	10	01	1	0.7	0.7	99206	-1111	1.76941	-1111	3.18609	
9070	1414800000	2014	11	01	1	0.7	0.7	99431	-1111	1.76941	-1111	3.19617	
9100	1417392000	2014	12	01	1	0.7	0.7	99675	-1111	1.76941	-1111	3.3968	
9131	1420070400	2015	01	01	1	0.7	0.7	99925	-1111	1.76941	-1111	3.29395	
9162	1422748800	2015	02	01	1	0.7	0.7	100143	-1111	2.06201	-1111	3.06784	
9190	1425168000	2015	03	01	1	0.7	0.7	100343	-1111	2.06201	-1111	3.26214	
9221	1427846400	2015	04	01	1	0.7	0.7	100575	-1111	2.06201	-1111	3.38779	
9251	1430438400	2015	05	01	1	0.7	0.7	100806	-1111	2.06201	-1111	3.18034	
9282	1433116800	2015	06	01	1	0.7	0.7	101031	-1111	2.06201	-1111	3.04415	
9312	1435708800	2015	07	01	1	0.7	0.7	101260	-1111	2.06201	-1111	3.09605	
9343	1438387200	2015	08	01	1	0.7	0.7	101474	-1111	2.06201	-1111	3.10853	
9374	1441065600	2015	09	01	1	0.7	0.7	101729	-1111	2.06201	-1111	3.17868	
9404	1443657600	2015	10	01	1	0.7	0.7	101993	-1111	2.06201	-1111	3.09318	
9435	1446336000	2015	11	01	1	0.7	0.7	102235	-1111	2.06201	-1111	3.10199	
9465	1448928000	2015	12	01	1	0.7	0.7	102476	-1111	2.06201	-1111	3.0867	
9496	1451606400	2016	01	01	1	0.7	0.7	102710	-1111	2.06201	-1111	3.08434	
9527	1454284800	2016	02	01	1	0.7	0.7	102943	-1111	2.09298	-1111	3.17352	
9556	1456790400	2016	03	01	1	0.7	0.7	103166	-1111	2.09298	-1111	3.19229	
9587	1459468800	2016	04	01	1	0.7	0.7	103394	-1111	2.09298	-1111	3.12217	
9617	1462060800	2016	05	01	1	0.7	0.7	103610	-1111	2.09298	-1111	3.03475	
9648	1464739200	2016	06	01	1	0.7	0.7	103872	-1111	2.09298	-1111	3.02643	
9678	1467331200	2016	07	01	1	0.7	0.7	104117	-1111	2.09298	-1111	3.05315	
9709	1470009600	2016	08	01	1	0.7	0.7	104392	-1111	2.09298	-1111	2.99216	
9740	1472688000	2016	09	01	1	0.7	0.7	104637	-1111	2.09298	-1111	2.91674	
9770	1475280000	2016	10	01	1	0.7	0.7	104876	-1111	2.09298	-1111	2.94249	
9801	1477958400	2016	11	01	1	0.7	0.7	105133	-1111	2.09298	-1111	2.95546	
9831	1480550400	2016	12	01	1	0.7	0.7	105380	-1111	2.09298	-1111	2.8843	
9862	1483228800	2017	01	01	1	0.7	0.7	105634	-1111	2.09298	-1111	2.84839	
9893	1485907200	2017	02	01	1	0.7	0.7	105858	-1111	1.95543	-1111	2.96318	
9921	1488326400	2017	03	01	1	0.7	0.7	106066	-1111	1.95543	-1111	2.82897	
9952	1491004800	2017	04	01	1	0.7	0.7	106343	-1111	1.95543	-1111	2.84445	
9982	1493596800	2017	05	01	1	0.7	0.7	106611	-1111	1.95543	-1111	2.73882	
10013	1496275200	2017	06	01	1	0.7	0.7	106846	-1111	1.95543	-1111	2.79687	
10043	1498867200	2017	07	01	1	0.7	0.7	107102	-1111	1.95543	-1111	2.9824	
10074	1501545600	2017	08	01	1	0.7	0.7	107342	-1111	1.95543	-1111	2.95136	
10105	1504224000	2017	09	01	1	0.7	0.7	107569	-1111	1.95543	-1111	3.26672	
10135	1506816000	2017	10	01	1	0.7	0.7	107832	-1111	1.95543	-1111	3.15443	
10166	1509494400	2017	11	01	1	0.7	0.7	108097	-1111	1.95543	-1111	3.16307	
10196	1512086400	2017	12	01	1	0.7	0.7	108347	-1111	1.95543	-1111	3.12342	
10227	1514764800	2018	01	01	1	0.7	0.7	108595	-1111	1.95543	-1111	3.09371	
10258	1517443200	2018	02	01	1	0.7	0.7	108842	-1111	1.96963	-1111	3.03226	
10286	1519862400	2018	03	01	1	0.7	0.7	109062	-1111	1.96963	-1111	3.13138	
10317	1522540800	2018	04	01	1	0.7	0.7	109325	-1111	1.96963	-1111	3.07373	
10347	1525132800	2018	05	01	1	0.7	0.7	109572	-1111	1.96963	-1111	3.0606	
10378	1527811200	2018	06	01	1	0.7	0.7	109809	-1111	1.96963	-1111	3.127	
10408	1530403200	2018	07	01	1	0.7	0.7	110059	-1111	1.96963	-1111	3.10691	
10439	1533081600	2018	08	01	1	0.7	0.7	110328	-1111	1.96963	-1111	3.17545	
10470	1535760000	2018	09	01	1	0.7	0.7	110590	-1111	1.96963	-1111	3.07768	
10500	1538352000	2018	10	01	1	0.7	0.7	110837	-1111	1.96963	-1111	3.05378	
10531	1541030400	2018	11	01	1	0.7	0.7	111090	-1111	1.96963	-1111	3.07216	
10561	1543622400	2018	12	01	1	0.7	0.7	111367	-1111	1.96963	-1111	2.89479	
10592	1546300800	2019	01	01	1	0.7	0.7	111630	-1111	1.96963	-1111	2.99102	
10623	1548979200	2019	02	01	1	0.7	0.7	111904	-1111	1.97633	-1111	2.96015	
10651	1551398400	2019	03	01	1	0.7	0.7	112175	-1111	1.97633	-1111	2.9642	
10682	1554076800	2019	04	01	1	0.7	0.7	112481	-1111	1.97633	-1111	3.03955	
10712	1556668800	2019	05	01	1	0.7	0.7	112763	-1111	1.97633	-1111	3.02643	
10743	1559347200	2019	06	01	1	0.7	0.7	113005	-1111	1.97633	-1111	3.04276	
10773	1561939200	2019	07	01	1	0.7	0.7	113256	-1111	1.97633	-1111	3.04565	
10804	1564617600	2019	08	01	1	0.7	0.7	113562	-1111	1.97633	-1111	3.12328	
10835	1567296000	2019	09	01	1	0.7	0.7	113816	-1111	1.97633	-1111	3.093	
10865	1569888000	2019	10	01	1	0.7	0.7	114088	-1111	1.97633	-1111	3.11472	
10896	1572566400	2019	11	01	1	0.7	0.7	114380	-1111	1.97633	-1111	2.95496	
10926	1575158400	2019	12	01	1	0.7	0.7	114672	-1111	1.97633	-1111	2.94971	
10957	1577836800	2020	01	01	1	0.7	0.7	114922	-1111	1.97633	-1111	3.03391	
10988	1580515200	2020	02	01	1	0.7	0.7	115234	-1111	1.95408	-1111	3.56001	
11017	1583020800	2020	03	01	1	0.7	0.7	115456	-1111	1.95408	-1111	4.22765	
11048	1585699200	2020	04	01	1	0.7	0.7	115724	-1111	1.95408	-1111	4.75192	
11078	1588291200	2020	05	01	1	0.7	0.7	116010	-1111	1.95408	-1111	4.84889	
11109	1590969600	2020	06	01	1	0.7	0.7	116270	-1111	1.95408	-1111	5.17294	
11139	1593561600	2020	07	01	1	0.7	0.7	116556	-1111	1.95408	-1111	5.4565	
11170	1596240000	2020	08	01	1	0.7	0.7	116817	-1111	1.95408	-1111	5.86283	
11201	1598918400	2020	09	01	1	0.7	0.7	117125	-1111	1.95408	-1111	6.4882	
11231	1601510400	2020	10	01	1	0.7	0.7	117412	-1111	1.95408	-1111	7.0282	
11262	1604188800	2020	11	01	1	0.7	0.7	117683	-1111	1.95408	-1111	7.02951	
11292	1606780800	2020	12	01	1	0.7	0.7	117960	-1111	1.95408	-1111	7.24152	
11323	1609459200	2021	01	01	1	0.7	0.7	118231	-1111	1.95408	-1111	7.15564	
11354	1612137600	2021	02	01	1	0.7	0.7	118503	-1111	3.22221	-1111	6.9337	
11382	1614556800	2021	03	01	1	0.7	0.7	118711	-1111	3.22221	-1111	6.69325	
11413	1617235200	2021	04	01	1	0.7	0.7	119004	-1111	3.22221	-1111	6.61934	
11443	1619827200	2021	05	01	1	0.7	0.7	119277	-1111	3.22221	-1111	6.5893	
11474	1622505600	2021	06	01	1	0.7	0.7	119581	-1111	3.22221	-1111	6.60822	
11504	1625097600	2021	07	01	1	0.7	0.7	119862	-1111	3.22221	-1111	6.40097	
11535	1627776000	2021	08	01	1	0.7	0.7	120177	-1111	3.22221	-1111	6.35509	
11566	1630454400	2021	09	01	1	0.7	0.7	120472	-1111	3.22221	-1111	5.97378	
11596	1633046400	2021	10	01	1	0.7	0.7	120746	-1111	3.22221	-1111	5.71068	
11627	1635724800	2021	11	01	1	0.7	0.7	121026	-1111	3.22221	-1111	5.55538	
11657	1638316800	2021	12	01	1	0.7	0.7	121293	-1111	3.22221	-1111	5.41139	
11688	1640995200	2022	01	01	1	0.7	0.7	121551	-1111	3.22221	-1111	5.28171	
11719	1643673600	2022	02	01	1	0.7	0.7	121846	-1111	3.4272	-1111	5.20614	
11747	1646092800	2022	03	01	1	0.7	0.7	122104	-1111	3.4272	-1111	5.12796	
11778	1648771200	2022	04	01	1	0.7	0.7	122394	-1111	3.4272	-1111	5.12568	
11808	1651363200	2022	05	01	1	0.7	0.7	122722	-1111	3.4272	-1111	5.08453	
11839	1654041600	2022	06	01	1	0.7	0.7	122989	-1111	3.4272	-1111	4.94613	
11869	1656633600	2022	07	01	1	0.7	0.7	123283	-1111	3.4272	-1111	4.96194	
11900	1659312000	2022	08	01	1	0.7	0.7	123533	-1111	3.4272	-1111	4.89974	
11931	1661990400	2022	09	01	1	0.7	0.7	123820	-1111	3.4272	-1111	4.9064	
11961	1664582400	2022	10	01	1	0.7	0.7	124104	-1111	3.4272	-1111	4.80826	
11992	1667260800	2022	11	01	1	0.7	0.7	124386	-1111	3.4272	-1111	4.7628	
12022	1669852800	2022	12	01	1	0.7	0.7	124640	-1111	3.4272	-1111	4.73474	
12053	1672531200	2023	01	01	1	0.7	0.7	124955	-1111	3.4272	-1111	4.58624	
12084	1675209600	2023	02	01	1	0.7	0.7	125247	-1111	2.69732	-1111	4.69761	
12112	1677628800	2023	03	01	1	0.7	0.7	125584	-1111	2.69732	-1111	4.62719	
12143	1680307200	2023	04	01	1	0.7	0.7	125888	-1111	2.69732	-1111	4.62151	
12173	1682899200	2023	05	01	1	0.7	0.7	126219	-1111	2.69732	-1111	4.56617	
12204	1685577600	2023	06	01	1	0.7	0.7	126519	-1111	2.69732	-1111	4.66073	
12234	1688169600	2023	07	01	1	0.7	0.7	126798	-1111	2.69732	-1111	4.5932	
12265	1690848000	2023	08	01	1	0.7	0.7	127076	-1111	2.69732	-1111	4.55726	
12296	1693526400	2023	09	01	1	0.7	0.7	127358	-1111	2.69732	-1111	4.64918	
12326	1696118400	2023	10	01	1	0.7	0.7	127630	-1111	2.69732	-1111	4.7271	
12357	1698796800	2023	11	01	1	0.7	0.7	127928	-1111	2.69732	-1111	4.99711	
12387	1701388800	2023	12	01	1	0.7	0.7	128237	-1111	2.69732	-1111	4.9774	
12418	1704067200	2024	01	01	1	0.7	0.7	128516	-1111	2.69732	-1111	4.96688	
12449	1706745600	2024	02	01	1	0.7	0.7	128823	-1111	2.64564	-1111	5.04853	
12478	1709251200	2024	03	01	1	0.7	0.7	129080	-1111	2.64564	-1111	5.04364	
12509	1711929600	2024	04	01	1	0.7	0.7	129421	-1111	2.64564	-1111	4.84927	
12539	1714521600	2024	05	01	1	0.7	0.7	129702	-1111	2.64564	-1111	5.09707	
12570	1717200000	2024	06	01	1	0.7	0.7	129998	-1111	2.64564	-1111	4.9867	
12600	1719792000	2024	07	01	1	0.7	0.7	130278	-1111	2.64564	-1111	4.98017	
12631	1722470400	2024	08	01	1	0.7	0.7	130595	-1111	2.64564	-1111	4.91432	
12662	1725148800	2024	09	01	1	0.7	0.7	130939	-1111	2.64564	-1111	4.785	
12692	1727740800	2024	10	01	1	0.7	0.7	131233	-1111	2.64564	-1111	4.78891	
12723	1730419200	2024	11	01	1	0.7	0.7	131532	-1111	2.64564	-1111	4.89092	
12753	1733011200	2024	12	01	1	0.7	0.7	131826	-1111	2.64564	-1111	5.0398	
12784	1735689600	2025	01	01	1	0.7	0.7	132158	-1111	2.64564	-1111	5.04752	
12815	1738368000	2025	02	01	1	0.7	0.7	132449	-1111	2.76442	-1111	4.40648	
12843	1740787200	2025	03	01	1	0.7	0.7	132733	-1111	2.76442	-1111	3.77231	
12874	1743465600	2025	04	01	1	0.7	0.7	133054	-1111	2.76442	-1111	3.30787	
12904	1746057600	2025	05	01	1	0.7	0.7	133333	-1111	2.76442	-1111	3.12081	
12935	1748736000	2025	06	01	1	0.7	0.7	133634	-1111	2.76442	-1111	2.86005	
12965	1751328000	2025	07	01	1	0.7	0.7	133945	-1111	2.76442	-1111	2.70153	
12996	1754006400	2025	08	01	1	0.7	0.7	134296	-1111	2.76442	-1111	2.63463	
13027	1756684800	2025	09	01	1	0.7	0.7	134625	-1111	2.76442	-1111	2.58511	
13057	1759276800	2025	10	01	1	0.7	0.7	134976	-1111	2.76442	-1111	2.32383	
13088	1761955200	2025	11	01	1	0.7	0.7	135328	-1111	2.76442	-1111	2.45351	
13118	1764547200	2025	12	01	1	0.7	0.7	135620	-1111	2.76442	-1111	2.40246	
13149	1767225600	2026	01	01	1	0.7	0.7	135926	-1111	2.76442	-1111	2.32044	
13180	1769904000	2026	02	01	1	0.7	0.7	136258	-1111	1.80572	-1111	2.31206	
13208	1772323200	2026	03	01	1	0.7	0.7	136521	-1111	1.80572	-1111	2.26207	
13239	1775001600	2026	04	01	1	0.7	0.7	136877	-1111	1.80572	-1111	2.31412	
13269	1777593600	2026	05	01	1	0.7	0.7	137196	-1111	1.80572	-1111	2.3234	
13300	1780272000	2026	06	01	1	0.7	0.7	137578	-1111	1.80572	-1111	2.24304	
13330	1782864000	2026	07	01	1	0.7	0.7	137893	-1111	1.80572	-1111	2.1789	
13361	1785542400	2026	08	01	1	0.7	0.7	138200	-1111	1.80572	-1111	2.20973	
13392	1788220800	2026	09	01	1	0.7	0.7	138514	-1111	1.80572	-1111	2.30526	
13422	1790812800	2026	10	01	1	0.7	0.7	138830	-1111	1.80572	-1111	2.34626	
13453	1793491200	2026	11	01	1	0.7	0.7	139169	-1111	1.80572	-1111	2.48533	
13483	1796083200	2026	12	01	1	0.7	0.7	139504	-1111	1.80572	-1111	2.64921	
13514	1798761600	2027	01	01	1	0.7	0.7	139850	-1111	1.80572	-1111	2.5937	
13545	1801440000	2027	02	01	1	0.7	0.7	140205	-1111	1.51587	-1111	2.62145	
13573	1803859200	2027	03	01	1	0.7	0.7	140524	-1111	1.51587	-1111	2.46883	
13604	1806537600	2027	04	01	1	0.7	0.7	140883	-1111	1.51587	-1111	2.50167	
13634	1809129600	2027	05	01	1	0.7	0.7	141202	-1111	1.51587	-1111	2.42302	
13665	1811808000	2027	06	01	1	0.7	0.7	141534	-1111	1.51587	-1111	2.66177	
13695	1814400000	2027	07	01	1	0.7	0.7	141845	-1111	1.51587	-1111	2.70024	
13726	1817078400	2027	08	01	1	0.7	0.7	142187	-1111	1.51587	-1111	2.55895	
13757	1819756800	2027	09	01	1	0.7	0.7	142566	-1111	1.51587	-1111	2.73852	
13787	1822348800	2027	10	01	1	0.7	0.7	142930	-1111	1.51587	-1111	2.72777	
13818	1825027200	2027	11	01	1	0.7	0.7	143258	-1111	1.51587	-1111	2.67558	
13848	1827619200	2027	12	01	1	0.7	0.7	143570	-1111	1.51587	-1111	2.72007	
13879	1830297600	2028	01	01	1	0.7	0.7	143917	-1111	1.51587	-1111	2.83773	
13910	1832976000	2028	02	01	1	0.7	0.7	144256	-1111	1.71932	-1111	2.89462	
13939	1835481600	2028	03	01	1	0.7	0.7	144566	-1111	1.71932	-1111	3.03776	
13970	1838160000	2028	04	01	1	0.7	0.7	144916	-1111	1.71932	-1111	2.89042	
14000	1840752000	2028	05	01	1	0.7	0.7	145276	-1111	1.71932	-1111	3.07018	
14031	1843430400	2028	06	01	1	0.7	0.7	145626	-1111	1.71932	-1111	3.14208	
14061	1846022400	2028	07	01	1	0.7	0.7	145976	-1111	1.71932	-1111	3.19658	
14092	1848700800	2028	08	01	1	0.7	0.7	146310	-1111	1.71932	-1111	3.2283	
14123	1851379200	2028	09	01	1	0.7	0.7	146692	-1111	1.71932	-1111	3.37085	
14153	1853971200	2028	10	01	1	0.7	0.7	146979	-1111	1.71932	-1111	3.53787	
14184	1856649600	2028	11	01	1	0.7	0.7	147344	-1111	1.71932	-1111	3.58693	
14214	1859241600	2028	12	01	1	0.7	0.7	147766	-1111	1.71932	-1111	3.58774	
14245	1861920000	2029	01	01	1	0.7	0.7	148083	-1111	1.71932	-1111	3.64493	
14276	1864598400	2029	02	01	1	0.7	0.7	148426	-1111	2.07625	-1111	3.60994	
14304	1867017600	2029	03	01	1	0.7	0.7	148733	-1111	2.07625	-1111	3.55256	
14335	1869696000	2029	04	01	1	0.7	0.7	149062	-1111	2.07625	-1111	3.56938	
14365	1872288000	2029	05	01	1	0.7	0.7	149416	-1111	2.07625	-1111	3.48795	
14396	1874966400	2029	06	01	1	0.7	0.7	149761	-1111	2.07625	-1111	3.64122	
14426	1877558400	2029	07	01	1	0.7	0.7	150141	-1111	2.07625	-1111	3.60113	
14457	1880236800	2029	08	01	1	0.7	0.7	150510	-1111	2.07625	-1111	3.46592	
14488	1882915200	2029	09	01	1	0.7	0.7	150858	-1111	2.07625	-1111	3.41966	
14518	1885507200	2029	10	01	1	0.7	0.7	151157	-1111	2.07625	-1111	3.41461	
14549	1888185600	2029	11	01	1	0.7	0.7	151481	-1111	2.07625	-1111	3.51889	
14579	1890777600	2029	12	01	1	0.7	0.7	151816	-1111	2.07625	-1111	3.60469	
14610	1893456000	2030	01	01	1	0.7	0.7	152145	-1111	2.07625	-1111	3.59139	
