0	631152000	1990	01	01	1	0.6	0.5	50000	-1111	0	-1111	4.84537	
31	633830400	1990	02	01	1	0	0	50083	-1111	0	-1111	12.2631	
59	636249600	1990	03	01	1	0	0	50146	-1111	0	-1111	15.0586	
90	638928000	1990	04	01	1	0	0	50245	-1111	0	-1111	15.3245	
120	641520000	1990	05	01	1	0	0	50329	-1111	0	-1111	18.0831	
151	644198400	1990	06	01	1	0	0	50439	-1111	0	-1111	19.5674	
181	646790400	1990	07	01	1	0	0	50550	-1111	0	-1111	20.7889	
212	649468800	1990	08	01	1	0	0	50667	-1111	0	-1111	21.209	
243	652147200	1990	09	01	1	0	0	50789	-1111	0	-1111	21.3267	
273	654739200	1990	10	01	1	0	0	50903	-1111	0	-1111	20.8638	
304	657417600	1990	11	01	1	0	0	51011	-1111	0	-1111	20.31	
334	660009600	1990	12	01	1	0	0	51102	-1111	0	-1111	19.1258	
365	662688000	1991	01	01	1	0	0	51240	-1111	0	-1111	17.8817	
396	665366400	1991	02	01	1	0	0	51334	-1111	0	-1111	15.9547	
424	667785600	1991	03	01	1	0	0	51435	-1111	0	-1111	14.5879	
455	670464000	1991	04	01	1	0	0	51546	-1111	0	-1111	12.9468	
485	673056000	1991	05	01	1	0	0	51667	-1111	0	-1111	12.0366	
516	675734400	1991	06	01	1	0	0	51801	-1111	0	-1111	11.0138	
546	678326400	1991	07	01	1	0	0	51927	-1111	0	-1111	10.0207	
577	681004800	1991	08	01	1	0	0	52066	-1111	0	-1111	8.75918	
608	683683200	1991	09	01	1	0	0	52172	-1111	0	-1111	7.88376	
638	686275200	1991	10	01	1	0	0	52305	-1111	0	-1111	7.39937	
669	688953600	1991	11	01	1	0	0	52411	-1111	0	-1111	7.00369	
699	691545600	1991	12	01	1	0	0	52498	-1111	0	-1111	6.78388	
730	694224000	1992	01	01	1	0	0	52605	-1111	0	-1111	6.24953	
761	696902400	1992	02	01	1	0	0	52731	-1111	5.10548	-1111	5.88324	
790	699408000	1992	03	01	1	0	0	52837	-1111	5.10548	-1111	5.59478	
821	702086400	1992	04	01	1	0	0	52996	-1111	5.10548	-1111	5.6003	
851	704678400	1992	05	01	1	0	0	53101	-1111	5.10548	-1111	5.74163	
882	707356800	1992	06	01	1	0	0	53239	-1111	5.10548	-1111	5.5724	
912	709948800	1992	07	01	1	0	0	53358	-1111	5.10548	-1111	5.48693	
943	712627200	1992	08	01	1	0	0	53480	-1111	5.10548	-1111	5.27111	
974	715305600	1992	09	01	1	0	0	53587	-1111	5.10548	-1111	5.38931	
1004	717897600	1992	10	01	1	0	0	53722	-1111	5.10548	-1111	5.81378	
1035	720576000	1992	11	01	1	0	0	53863	-1111	5.10548	-1111	6.04173	
1065	723168000	1992	12	01	1	0	0	53981	-1111	5.10548	-1111	6.41775	
1096	725846400	1993	01	01	1	0	0	54145	-1111	5.10548	-1111	6.68115	
1127	728524800	1993	02	01	1	0	0	54298	-1111	3.0372	-1111	6.94517	
1155	730944000	1993	03	01	1	0	0	54392	-1111	3.0372	-1111	7.33863	
1186	733622400	1993	04	01	1	0	0	54546	-1111	3.0372	-1111	7.84768	
1216	736214400	1993	05	01	1	0	0	54674	-1111	3.0372	-1111	8.35763	
1247	738892800	1993	06	01	1	0	0	54800	-1111	3.0372	-1111	8.47066	
1277	741484800	1993	07	01	1	0	0	54914	-1111	3.0372	-1111	8.91952	
1308	744163200	1993	08	01	1	0	0	55032	-1111	3.0372	-1111	9.27965	
1339	746841600	1993	09	01	1	0	0	55150	-1111	3.0372	-1111	9.47627	
1369	749433600	1993	10	01	1	0	0	55280	-1111	3.0372	-1111	9.91527	
1400	752112000	1993	11	01	1	0	0	55424	-1111	3.0372	-1111	9.8424	
1430	754704000	1993	12	01	1	0	0	55553	-1111	3.0372	-1111	9.8191	
1461	757382400	1994	01	01	1	0	0	55685	-1111	3.0372	-1111	9.22528	
1492	760060800	1994	02	01	1	0	0	55800	-1111	4.66046	-1111	9.05859	
1520	762480000	1994	03	01	1	0	0	55955	-1111	4.66046	-1111	9.16285	
1551	765158400	1994	04	01	1	0	0	56072	-1111	4.66046	-1111	9.12508	
1581	767750400	1994	05	01	1	0	0	56227	-1111	4.66046	-1111	9.01712	
1612	770428800	1994	06	01	1	0	0	56369	-1111	4.66046	-1111	8.82375	
1642	773020800	1994	07	01	1	0	0	56495	-1111	4.66046	-1111	8.63389	
1673	775699200	1994	08	01	1	0	0	56618	-1111	4.66046	-1111	8.07531	
1704	778377600	1994	09	01	1	0	0	56712	-1111	4.66046	-1111	8.04826	
1734	780969600	1994	10	01	1	0	0	56843	-1111	4.66046	-1111	7.89937	
1765	783648000	1994	11	01	1	0	0	56983	-1111	4.66046	-1111	7.84055	
1795	786240000	1994	12	01	1	0	0	57105	-1111	4.66046	-1111	7.91898	
1826	788918400	1995	01	01	1	0	0	57250	-1111	4.66046	-1111	7.92807	
1857	791596800	1995	02	01	1	0	0	57394	-1111	4.31565	-1111	7.75368	
1885	794016000	1995	03	01	1	0	0	57516	-1111	4.31565	-1111	7.75931	
1916	796694400	1995	04	01	1	0	0	57631	-1111	4.31565	-1111	7.59713	
1946	799286400	1995	05	01	1	0	0	57769	-1111	4.31565	-1111	7.78123	
1977	801964800	1995	06	01	1	0	0	57922	-1111	4.31565	-1111	7.78171	
2007	804556800	1995	07	01	1	0	0	58043	-1111	4.31565	-1111	7.79268	
2038	807235200	1995	08	01	1	0	0	58164	-1111	4.31565	-1111	7.73608	
2069	809913600	1995	09	01	1	0	0	58320	-1111	4.31565	-1111	7.68677	
2099	812505600	1995	10	01	1	0	0	58440	-1111	4.31565	-1111	7.71219	
2130	815184000	1995	11	01	1	0	0	58568	-1111	4.31565	-1111	7.81698	
2160	817776000	1995	12	01	1	0	0	58691	-1111	4.31565	-1111	7.65763	
2191	820454400	1996	01	01	1	0	0	58856	-1111	4.31565	-1111	7.90771	
2222	823132800	1996	02	01	1	0	0	59008	-1111	4.02925	-1111	8.05714	
2251	825638400	1996	03	01	1	0	0	59142	-1111	4.02925	-1111	8.54561	
2282	828316800	1996	04	01	1	0	0	59264	-1111	4.02925	-1111	8.59419	
2312	830908800	1996	05	01	1	0	0	59383	-1111	4.02925	-1111	8.49872	
2343	833587200	1996	06	01	1	0	0	59502	-1111	4.02925	-1111	8.17468	
2373	836179200	1996	07	01	1	0	0	59623	-1111	4.02925	-1111	8.18188	
2404	838857600	1996	08	01	1	0	0	59741	-1111	4.02925	-1111	8.19857	
2435	841536000	1996	09	01	1	0	0	59881	-1111	4.02925	-1111	8.62045	
2465	844128000	1996	10	01	1	0	0	59994	-1111	4.02925	-1111	8.94881	
2496	846806400	1996	11	01	1	0	0	60153	-1111	4.02925	-1111	8.96193	
2526	849398400	1996	12	01	1	0	0	60266	-1111	4.02925	-1111	8.71183	
2557	852076800	1997	01	01	1	0	0	60444	-1111	4.02925	-1111	8.49156	
2588	854755200	1997	02	01	1	0	0	60572	-1111	4.36177	-1111	8.07727	
2616	857174400	1997	03	01	1	0	0	60707	-1111	4.36177	-1111	8.30948	
2647	859852800	1997	04	01	1	0	0	60827	-1111	4.36177	-1111	8.24901	
2677	862444800	1997	05	01	1	0	0	60968	-1111	4.36177	-1111	7.99387	
2708	865123200	1997	06	01	1	0	0	61066	-1111	4.36177	-1111	8.08298	
2738	867715200	1997	07	01	1	0	0	61193	-1111	4.36177	-1111	7.81163	
2769	870393600	1997	08	01	1	0	0	61360	-1111	4.36177	-1111	7.65978	
2800	873072000	1997	09	01	1	0	0	61489	-1111	4.36177	-1111	7.71143	
2830	875664000	1997	10	01	1	0	0	61606	-1111	4.36177	-1111	8.08986	
2861	878342400	1997	11	01	1	0	0	61713	-1111	4.36177	-1111	7.79391	
2891	880934400	1997	12	01	1	0	0	61861	-1111	4.36177	-1111	7.46443	
2922	883612800	1998	01	01	1	0	0	62002	-1111	4.36177	-1111	7.57628	
2953	886291200	1998	02	01	1	0	0	62125	-1111	4.03611	-1111	8.08074	
2981	888710400	1998	03	01	1	0	0	62242	-1111	4.03611	-1111	8.28786	
3012	891388800	1998	04	01	1	0	0	62381	-1111	4.03611	-1111	8.07614	
3042	893980800	1998	05	01	1	0	0	62534	-1111	4.03611	-1111	7.97229	
3073	896659200	1998	06	01	1	0	0	62684	-1111	4.03611	-1111	8.0631	
3103	899251200	1998	07	01	1	0	0	62793	-1111	4.03611	-1111	8.33671	
3134	901929600	1998	08	01	1	0	0	62963	-1111	4.03611	-1111	8.37996	
3165	904608000	1998	09	01	1	0	0	63113	-1111	4.03611	-1111	8.23419	
3195	907200000	1998	10	01	1	0	0	63244	-1111	4.03611	-1111	7.88785	
3226	909878400	1998	11	01	1	0	0	63408	-1111	4.03611	-1111	7.85924	
3256	912470400	1998	12	01	1	0	0	63542	-1111	4.03611	-1111	8.11712	
3287	915148800	1999	01	01	1	0	0	63680	-1111	4.03611	-1111	7.95825	
3318	917827200	1999	02	01	1	0	0	63831	-1111	4.16807	-1111	7.92303	
3346	920246400	1999	03	01	1	0	0	63966	-1111	4.16807	-1111	7.7295	
3377	922924800	1999	04	01	1	0	0	64127	-1111	4.16807	-1111	7.86569	
3407	925516800	1999	05	01	1	0	0	64279	-1111	4.16807	-1111	8.05537	
3438	928195200	1999	06	01	1	0	0	64440	-1111	4.16807	-1111	7.82064	
3468	930787200	1999	07	01	1	0	0	64565	-1111	4.16807	-1111	7.66752	
3499	933465600	1999	08	01	1	0	0	64706	-1111	4.16807	-1111	7.75777	
3530	936144000	1999	09	01	1	0	0	64857	-1111	4.16807	-1111	8.04545	
3560	938736000	1999	10	01	1	0	0	64999	-1111	4.16807	-1111	8.19159	
3591	941414400	1999	11	01	1	0	0	65132	-1111	4.16807	-1111	8.24004	
3621	944006400	1999	12	01	1	0	0	65265	-1111	4.16807	-1111	8.50898	
3652	946684800	2000	01	01	1	0	0	65405	-1111	4.16807	-1111	8.50596	
3683	949363200	2000	02	01	1	0.9	0.9	65567	-1111	4.11945	-1111	6.34175	
3712	951868800	2000	03	01	1	0.9	0.9	65741	-1111	4.11945	-1111	3.45314	
3743	954547200	2000	04	01	1	0.9	0.9	65914	-1111	4.11945	-1111	2.08055	
3773	957139200	2000	05	01	1	0.9	0.9	66055	-1111	4.11945	-1111	1.59652	
3804	959817600	2000	06	01	1	0.9	0.9	66223	-1111	4.11945	-1111	1.27074	
3834	962409600	2000	07	01	1	0.9	0.9	66398	-1111	4.11945	-1111	0.957711	
3865	965088000	2000	08	01	1	0.9	0.9	66544	-1111	4.11945	-1111	0.777106	
3896	967766400	2000	09	01	1	0.9	0.9	66680	-1111	4.11945	-1111	0.623815	
3926	970358400	2000	10	01	1	0.9	0.9	66843	-1111	4.11945	-1111	0.49848	
3957	973036800	2000	11	01	1	0.9	0.9	66978	-1111	4.11945	-1111	0.433657	
3987	975628800	2000	12	01	1	0.9	0.9	67142	-1111	4.11945	-1111	0.442849	
4018	978307200	2001	01	01	1	0.9	0.9	67303	-1111	4.11945	-1111	0.386353	
4049	980985600	2001	02	01	1	0.9	0.9	67459	-1111	1.15265	-1111	0.431748	
4077	983404800	2001	03	01	1	0.9	0.9	67588	-1111	1.15265	-1111	0.353149	
4108	986083200	2001	04	01	1	0.9	0.9	67746	-1111	1.15265	-1111	0.3226	
4138	988675200	2001	05	01	1	0.9	0.9	67909	-1111	1.15265	-1111	0.298019	
4169	991353600	2001	06	01	1	0.9	0.9	68075	-1111	1.15265	-1111	0.221239	
4199	993945600	2001	07	01	1	0.9	0.9	68254	-1111	1.15265	-1111	0.25574	
4230	996624000	2001	08	01	1	0.9	0.9	68432	-1111	1.15265	-1111	0.191727	
4261	999302400	2001	09	01	1	0.9	0.9	68599	-1111	1.15265	-1111	0.15062	
4291	1001894400	2001	10	01	1	0.9	0.9	68755	-1111	1.15265	-1111	0.13291	
4322	1004572800	2001	11	01	1	0.9	0.9	68915	-1111	1.15265	-1111	0.144192	
4352	1007164800	2001	12	01	1	0.9	0.9	69078	-1111	1.15265	-1111	0.126509	
4383	1009843200	2002	01	01	1	0.9	0.9	69224	-1111	1.15265	-1111	0.0746569	
4414	1012521600	2002	02	01	1	0.9	0.9	69393	-1111	0.176973	-1111	0.0857486	
4442	1014940800	2002	03	01	1	0.9	0.9	69557	-1111	0.176973	-1111	0.0626531	
4473	1017619200	2002	04	01	1	0.9	0.9	69741	-1111	0.176973	-1111	0.0737129	
4503	1020211200	2002	05	01	1	0.9	0.9	69905	-1111	0.176973	-1111	0.07919	
4534	1022889600	2002	06	01	1	0.9	0.9	70068	-1111	0.176973	-1111	0.12979	
4564	1025481600	2002	07	01	1	0.9	0.9	70221	-1111	0.176973	-1111	0.0899786	
4595	1028160000	2002	08	01	1	0.9	0.9	70386	-1111	0.176973	-1111	0.0954252	
4626	1030838400	2002	09	01	1	0.9	0.9	70568	-1111	0.176973	-1111	0.0784314	
4656	1033430400	2002	10	01	1	0.9	0.9	70756	-1111	0.176973	-1111	0.0726825	
4687	1036108800	2002	11	01	1	0.9	0.9	70944	-1111	0.176973	-1111	0.0390385	
4717	1038700800	2002	12	01	1	0.9	0.9	71101	-1111	0.176973	-1111	0.0333	
4748	1041379200	2003	01	01	1	0.9	0.9	71275	-1111	0.176973	-1111	0.0276886	
4779	1044057600	2003	02	01	1	0.9	0.9	71476	-1111	0.0570283	-1111	0.0165773	
4807	1046476800	2003	03	01	1	0.9	0.9	71633	-1111	0.0570283	-1111	0.0110369	
4838	1049155200	2003	04	01	1	0.9	0.9	71828	-1111	0.0570283	-1111	0.0165362	
4868	1051747200	2003	05	01	1	0.9	0.9	71998	-1111	0.0570283	-1111	0.0329417	
4899	1054425600	2003	06	01	1	0.9	0.9	72177	-1111	0.0570283	-1111	0.021895	
4929	1057017600	2003	07	01	1	0.9	0.9	72374	-1111	0.0570283	-1111	0.0109069	
4960	1059696000	2003	08	01	1	0.9	0.9	72559	-1111	0.0570283	-1111	0.0163123	
4991	1062374400	2003	09	01	1	0.9	0.9	72690	-1111	0.0570283	-1111	0.02709	
5021	1064966400	2003	10	01	1	0.9	0.9	72875	-1111	0.0570283	-1111	0.0270358	
5052	1067644800	2003	11	01	1	0.9	0.9	73070	-1111	0.0570283	-1111	0.0107945	
5082	1070236800	2003	12	01	1	0.9	0.9	73248	-1111	0.0570283	-1111	0.0215308	
5113	1072915200	2004	01	01	1	0.9	0.9	73431	-1111	0.0570283	-1111	0.0161316	
5144	1075593600	2004	02	01	1	0.9	0.9	73605	-1111	0.0153392	-1111	0.016116	
5173	1078099200	2004	03	01	1	0.9	0.9	73742	-1111	0.0153392	-1111	0.0214121	
5204	1080777600	2004	04	01	1	0.9	0.9	73877	-1111	0.0153392	-1111	0.0320444	
5234	1083369600	2004	05	01	1	0.9	0.9	74054	-1111	0.0153392	-1111	0.0266354	
5265	1086048000	2004	06	01	1	0.9	0.9	74231	-1111	0.0153392	-1111	0.0637349	
5295	1088640000	2004	07	01	1	0.9	0.9	74413	-1111	0.0153392	-1111	0.0689107	
5326	1091318400	2004	08	01	1	0.9	0.9	74603	-1111	0.0153392	-1111	0.0793483	
5357	1093996800	2004	09	01	1	0.9	0.9	74829	-1111	0.0153392	-1111	0.0737657	
5387	1096588800	2004	10	01	1	0.9	0.9	75000	-1111	0.0153392	-1111	0.0420168	
5418	1099267200	2004	11	01	1	0.9	0.9	75190	-1111	0.0153392	-1111	0.0575796	
5448	1101859200	2004	12	01	1	0.9	0.9	75376	-1111	0.0153392	-1111	0.0417973	
5479	1104537600	2005	01	01	1	0.9	0.9	75558	-1111	0.0153392	-1111	0.0417319	
5510	1107216000	2005	02	01	1	0.9	0.9	75730	-1111	0.0337593	-1111	0.0571429	
5538	1109635200	2005	03	01	1	0.9	0.9	75914	-1111	0.0337593	-1111	0.0207663	
5569	1112313600	2005	04	01	1	0.9	0.9	76067	-1111	0.0337593	-1111	0.0310254	
5599	1114905600	2005	05	01	1	0.9	0.9	76241	-1111	0.0337593	-1111	0.0309805	
5630	1117584000	2005	06	01	1	0.9	0.9	76459	-1111	0.0337593	-1111	0.0257586	
5660	1120176000	2005	07	01	1	0.9	0.9	76648	-1111	0.0337593	-1111	0.0359269	
5691	1122854400	2005	08	01	1	0.9	0.9	76840	-1111	0.0337593	-1111	0.0255768	
5722	1125532800	2005	09	01	1	0.9	0.9	77077	-1111	0.0337593	-1111	0.0204207	
5752	1128124800	2005	10	01	1	0.9	0.9	77277	-1111	0.0337593	-1111	0.0101817	
5783	1130803200	2005	11	01	1	0.9	0.9	77474	-1111	0.0337593	-1111	0.00507769	
5813	1133395200	2005	12	01	1	0.9	0.9	77662	-1111	0.0337593	-1111	0.00505842	
5844	1136073600	2006	01	01	1	0.9	0.9	77868	-1111	0.0337593	-1111	0	
5875	1138752000	2006	02	01	1	0.9	0.9	78051	-1111	0.0229388	-1111	0	
5903	1141171200	2006	03	01	1	0.9	0.9	78223	-1111	0.0229388	-1111	0	
5934	1143849600	2006	04	01	1	0.9	0.9	78395	-1111	0.0229388	-1111	0	
5964	1146441600	2006	05	01	1	0.9	0.9	78556	-1111	0.0229388	-1111	0	
5995	1149120000	2006	06	01	1	0.9	0.9	78744	-1111	0.0229388	-1111	0	
6025	1151712000	2006	07	01	1	0.9	0.9	78941	-1111	0.0229388	-1111	0	
6056	1154390400	2006	08	01	1	0.9	0.9	79117	-1111	0.0229388	-1111	0	
6087	1157068800	2006	09	01	1	0.9	0.9	79266	-1111	0.0229388	-1111	0	
6117	1159660800	2006	10	01	1	0.9	0.9	79466	-1111	0.0229388	-1111	0	
6148	1162339200	2006	11	01	1	0.9	0.9	79690	-1111	0.0229388	-1111	0	
6178	1164931200	2006	12	01	1	0.9	0.9	79861	-1111	0.0229388	-1111	0	
6209	1167609600	2007	01	01	1	0.9	0.9	80056	-1111	0.0229388	-1111	0	
6240	1170288000	2007	02	01	1	0.9	0.9	80253	-1111	0.000311018	-1111	0	
6268	1172707200	2007	03	01	1	0.9	0.9	80437	-1111	0.000311018	-1111	0	
6299	1175385600	2007	04	01	1	0.9	0.9	80628	-1111	0.000311018	-1111	0	
6329	1177977600	2007	05	01	1	0.9	0.9	80786	-1111	0.000311018	-1111	0	
6360	1180656000	2007	06	01	1	0.9	0.9	81010	-1111	0.000311018	-1111	0	
6390	1183248000	2007	07	01	1	0.9	0.9	81159	-1111	0.000311018	-1111	0	
6421	1185926400	2007	08	01	1	0.9	0.9	81374	-1111	0.000311018	-1111	0	
6452	1188604800	2007	09	01	1	0.9	0.9	81552	-1111	0.000311018	-1111	0	
6482	1191196800	2007	10	01	1	0.9	0.9	81735	-1111	0.000311018	-1111	0	
6513	1193875200	2007	11	01	1	0.9	0.9	81914	-1111	0.000311018	-1111	0	
6543	1196467200	2007	12	01	1	0.9	0.9	82083	-1111	0.000311018	-1111	0	
6574	1199145600	2008	01	01	1	0.9	0.9	82263	-1111	0.000311018	-1111	0	
6605	1201824000	2008	02	01	1	0.9	0.9	82461	-1111	0	-1111	0	
6634	1204329600	2008	03	01	1	0.9	0.9	82640	-1111	0	-1111	0	
6665	1207008000	2008	04	01	1	0.9	0.9	82836	-1111	0	-1111	0	
6695	1209600000	2008	05	01	1	0.9	0.9	83050	-1111	0	-1111	0	
6726	1212278400	2008	06	01	1	0.9	0.9	83257	-1111	0	-1111	0	
6756	1214870400	2008	07	01	1	0.9	0.9	83446	-1111	0	-1111	0	
6787	1217548800	2008	08	01	1	0.9	0.9	83681	-1111	0	-1111	0	
6818	1220227200	2008	09	01	1	0.9	0.9	83862	-1111	0	-1111	0	
6848	1222819200	2008	10	01	1	0.9	0.9	84072	-1111	0	-1111	0	
6879	1225497600	2008	11	01	1	0.9	0.9	84236	-1111	0	-1111	0	
6909	1228089600	2008	12	01	1	0.9	0.9	84453	-1111	0	-1111	0	
6940	1230768000	2009	01	01	1	0.9	0.9	84657	-1111	0	-1111	0	
6971	1233446400	2009	02	01	1	0.9	0.9	84835	-1111	0	-1111	0	
6999	1235865600	2009	03	01	1	0.9	0.9	85055	-1111	0	-1111	0	
7030	1238544000	2009	04	01	1	0.9	0.9	85249	-1111	0	-1111	0	
7060	1241136000	2009	05	01	1	0.9	0.9	85474	-1111	0	-1111	0	
7091	1243814400	2009	06	01	1	0.9	0.9	85690	-1111	0	-1111	0	
7121	1246406400	2009	07	01	1	0.9	0.9	85877	-1111	0	-1111	0	
7152	1249084800	2009	08	01	1	0.9	0.9	86094	-1111	0	-1111	0	
7183	1251763200	2009	09	01	1	0.9	0.9	86297	-1111	0	-1111	0	
7213	1254355200	2009	10	01	1	0.9	0.9	86503	-1111	0	-1111	0	
7244	1257033600	2009	11	01	1	0.9	0.9	86711	-1111	0	-1111	0	
7274	1259625600	2009	12	01	1	0.9	0.9	86897	-1111	0	-1111	0	
7305	1262304000	2010	01	01	1	0.9	0.9	87122	-1111	0	-1111	0	
7336	1264982400	2010	02	01	1	0.9	0.9	87312	-1111	0	-1111	0	
7364	1267401600	2010	03	01	1	0.9	0.9	87478	-1111	0	-1111	0	
7395	1270080000	2010	04	01	1	0.9	0.9	87694	-1111	0	-1111	0	
7425	1272672000	2010	05	01	1	0.9	0.9	87900	-1111	0	-1111	0	
7456	1275350400	2010	06	01	1	0.9	0.9	88108	-1111	0	-1111	0	
7486	1277942400	2010	07	01	1	0.9	0.9	88332	-1111	0	-1111	0	
7517	1280620800	2010	08	01	1	0.9	0.9	88583	-1111	0	-1111	0	
7548	1283299200	2010	09	01	1	0.9	0.9	88800	-1111	0	-1111	0	
7578	1285891200	2010	10	01	1	0.9	0.9	88995	-1111	0	-1111	0	
7609	1288569600	2010	11	01	1	0.9	0.9	89208	-1111	0	-1111	0	
7639	1291161600	2010	12	01	1	0.9	0.9	89460	-1111	0	-1111	0	
7670	1293840000	2011	01	01	1	0.9	0.9	89664	-1111	0	-1111	0	
7701	1296518400	2011	02	01	1	0.9	0.9	89879	-1111	0	-1111	0	
7729	1298937600	2011	03	01	1	0.9	0.9	90049	-1111	0	-1111	0	
7760	1301616000	2011	04	01	1	0.9	0.9	90249	-1111	0	-1111	0	
7790	1304208000	2011	05	01	1	0.9	0.9	90428	-1111	0	-1111	0	
7821	1306886400	2011	06	01	1	0.9	0.9	90619	-1111	0	-1111	0	
7851	1309478400	2011	07	01	1	0.9	0.9	90868	-1111	0	-1111	0	
7882	1312156800	2011	08	01	1	0.9	0.9	91098	-1111	0	-1111	0	
7913	1314835200	2011	09	01	1	0.9	0.9	91287	-1111	0	-1111	0	
7943	1317427200	2011	10	01	1	0.9	0.9	91510	-1111	0	-1111	0	
7974	1320105600	2011	11	01	1	0.9	0.9	91724	-1111	0	-1111	0	
8004	1322697600	2011	12	01	1	0.9	0.9	91923	-1111	0	-1111	0	
8035	1325376000	2012	01	01	1	0.9	0.9	92148	-1111	0	-1111	0	
8066	1328054400	2012	02	01	1	0.9	0.9	92351	-1111	0	-1111	0	
8095	1330560000	2012	03	01	1	0.9	0.9	92546	-1111	0	-1111	0	
8126	1333238400	2012	04	01	1	0.9	0.9	92783	-1111	0	-1111	0	
8156	1335830400	2012	05	01	1	0.9	0.9	92981	-1111	0	-1111	0	
8187	1338508800	2012	06	01	1	0.9	0.9	93193	-1111	0	-1111	0	
8217	1341100800	2012	07	01	1	0.9	0.9	93419	-1111	0	-1111	0	
8248	1343779200	2012	08	01	1	0.9	0.9	93685	-1111	0	-1111	0	
8279	1346457600	2012	09	01	1	0.9	0.9	93935	-1111	0	-1111	0	
8309	1349049600	2012	10	01	1	0.9	0.9	94181	-1111	0	-1111	0	
8340	1351728000	2012	11	01	1	0.9	0.9	94413	-1111	0	-1111	0	
8370	1354320000	2012	12	01	1	0.9	0.9	94643	-1111	0	-1111	0	
8401	1356998400	2013	01	01	1	0.9	0.9	94858	-1111	0	-1111	0	
8432	1359676800	2013	02	01	1	0.9	0.9	95074	-1111	0	-1111	0	
8460	1362096000	2013	03	01	1	0.9	0.9	95283	-1111	0	-1111	0	
8491	1364774400	2013	04	01	1	0.9	0.9	95481	-1111	0	-1111	0	
8521	1367366400	2013	05	01	1	0.9	0.9	95706	-1111	0	-1111	0	
8552	1370044800	2013	06	01	1	0.9	0.9	95938	-1111	0	-1111	0	
8582	1372636800	2013	07	01	1	0.9	0.9	96210	-1111	0	-1111	0	
8613	1375315200	2013	08	01	1	0.9	0.9	96452	-1111	0	-1111	0	
8644	1377993600	2013	09	01	1	0.9	0.9	96710	-1111	0	-1111	0	
8674	1380585600	2013	10	01	1	0.9	0.9	96942	-1111	0	-1111	0	
8705	1383264000	2013	11	01	1	0.9	0.9	97201	-1111	0	-1111	0	
8735	1385856000	2013	12	01	1	0.9	0.9	97447	-1111	0	-1111	0	
8766	1388534400	2014	01	01	1	0.9	0.9	97696	-1111	0	-1111	0	
8797	1391212800	2014	02	01	1	0.9	0.9	97913	-1111	0	-1111	0	
8825	1393632000	2014	03	01	1	0.9	0.9	98150	-1111	0	-1111	0	
8856	1396310400	2014	04	01	1	0.9	0.9	98379	-1111	0	-1111	0	
8886	1398902400	2014	05	01	1	0.9	0.9	98615	-1111	0	-1111	0	
8917	1401580800	2014	06	01	1	0.9	0.9	98831	-1111	0	-1111	0	
8947	1404172800	2014	07	01	1	0.9	0.9	99033	-1111	0	-1111	0	
8978	1406851200	2014	08	01	1	0.9	0.9	99254	-1111	0	-1111	0	
9009	1409529600	2014	09	01	1	0.9	0.9	99475	-1111	0	-1111	0	
9039	1412121600	2014	10	01	1	0.9	0.9	99709	-1111	0	-1111	0	
9070	1414800000	2014	11	01	1	0.9	0.9	99976	-1111	0	-1111	0	
9100	1417392000	2014	12	01	1	0.9	0.9	100205	-1111	0	-1111	0	
9131	1420070400	2015	01	01	1	0.9	0.9	100444	-1111	0	-1111	0	
9162	1422748800	2015	02	01	1	0.9	0.9	100675	-1111	0	-1111	0	
9190	1425168000	2015	03	01	1	0.9	0.9	100889	-1111	0	-1111	0	
9221	1427846400	2015	04	01	1	0.9	0.9	101123	-1111	0	-1111	0	
9251	1430438400	2015	05	01	1	0.9	0.9	101363	-1111	0	-1111	0	
9282	1433116800	2015	06	01	1	0.9	0.9	101587	-1111	0	-1111	0	
9312	1435708800	2015	07	01	1	0.9	0.9	101859	-1111	0	-1111	0	
9343	1438387200	2015	08	01	1	0.9	0.9	102086	-1111	0	-1111	0	
9374	1441065600	2015	09	01	1	0.9	0.9	102351	-1111	0	-1111	0	
9404	1443657600	2015	10	01	1	0.9	0.9	102563	-1111	0	-1111	0	
9435	1446336000	2015	11	01	1	0.9	0.9	102769	-1111	0	-1111	0	
9465	1448928000	2015	12	01	1	0.9	0.9	102999	-1111	0	-1111	0	
9496	1451606400	2016	01	01	1	0.9	0.9	103228	-1111	0	-1111	0	
9527	1454284800	2016	02	01	1	0.9	0.9	103457	-1111	0	-1111	0	
9556	1456790400	2016	03	01	1	0.9	0.9	103712	-1111	0	-1111	0	
9587	1459468800	2016	04	01	1	0.9	0.9	103957	-1111	0	-1111	0	
9617	1462060800	2016	05	01	1	0.9	0.9	104193	-1111	0	-1111	0	
9648	1464739200	2016	06	01	1	0.9	0.9	104422	-1111	0	-1111	0	
9678	1467331200	2016	07	01	1	0.9	0.9	104643	-1111	0	-1111	0	
9709	1470009600	2016	08	01	1	0.9	0.9	104901	-1111	0	-1111	0	
9740	1472688000	2016	09	01	1	0.9	0.9	105156	-1111	0	-1111	0	
9770	1475280000	2016	10	01	1	0.9	0.9	105369	-1111	0	-1111	0	
9801	1477958400	2016	11	01	1	0.9	0.9	105622	-1111	0	-1111	0	
9831	1480550400	2016	12	01	1	0.9	0.9	105885	-1111	0	-1111	0	
9862	1483228800	2017	01	01	1	0.9	0.9	106113	-1111	0	-1111	0	
9893	1485907200	2017	02	01	1	0.9	0.9	106379	-1111	0	-1111	0	
9921	1488326400	2017	03	01	1	0.9	0.9	106561	-1111	0	-1111	0	
9952	1491004800	2017	04	01	1	0.9	0.9	106835	-1111	0	-1111	0	
9982	1493596800	2017	05	01	1	0.9	0.9	107106	-1111	0	-1111	0	
10013	1496275200	2017	06	01	1	0.9	0.9	107351	-1111	0	-1111	0	
10043	1498867200	2017	07	01	1	0.9	0.9	107604	-1111	0	-1111	0	
10074	1501545600	2017	08	01	1	0.9	0.9	107838	-1111	0	-1111	0	
10105	1504224000	2017	09	01	1	0.9	0.9	108085	-1111	0	-1111	0	
10135	1506816000	2017	10	01	1	0.9	0.9	108359	-1111	0	-1111	0	
10166	1509494400	2017	11	01	1	0.9	0.9	108606	-1111	0	-1111	0	
10196	1512086400	2017	12	01	1	0.9	0.9	108841	-1111	0	-1111	0	
10227	1514764800	2018	01	01	1	0.9	0.9	109108	-1111	0	-1111	0	
10258	1517443200	2018	02	01	1	0.9	0.9	109375	-1111	0	-1111	0	
10286	1519862400	2018	03	01	1	0.9	0.9	109581	-1111	0	-1111	0	
10317	1522540800	2018	04	01	1	0.9	0.9	109869	-1111	0	-1111	0	
10347	1525132800	2018	05	01	1	0.9	0.9	110091	-1111	0	-1111	0	
10378	1527811200	2018	06	01	1	0.9	0.9	110343	-1111	0	-1111	0	
10408	1530403200	2018	07	01	1	0.9	0.9	110592	-1111	0	-1111	0	
10439	1533081600	2018	08	01	1	0.9	0.9	110836	-1111	0	-1111	0	
10470	1535760000	2018	09	01	1	0.9	0.9	111092	-1111	0	-1111	0	
10500	1538352000	2018	10	01	1	0.9	0.9	111368	-1111	0	-1111	0	
10531	1541030400	2018	11	01	1	0.9	0.9	111652	-1111	0	-1111	0	
10561	1543622400	2018	12	01	1	0.9	0.9	111920	-1111	0	-1111	0	
10592	1546300800	2019	01	01	1	0.9	0.9	112185	-1111	0	-1111	0	
10623	1548979200	2019	02	01	1	0.9	0.9	112467	-1111	0	-1111	0	
10651	1551398400	2019	03	01	1	0.9	0.9	112679	-1111	0	-1111	0	
10682	1554076800	2019	04	01	1	0.9	0.9	112961	-1111	0	-1111	0	
10712	1556668800	2019	05	01	1	0.9	0.9	113257	-1111	0	-1111	0	
10743	1559347200	2019	06	01	1	0.9	0.9	113552	-1111	0	-1111	0	
10773	1561939200	2019	07	01	1	0.9	0.9	113854	-1111	0	-1111	0	
10804	1564617600	2019	08	01	1	0.9	0.9	114108	-1111	0	-1111	0	
10835	1567296000	2019	09	01	1	0.9	0.9	114371	-1111	0	-1111	0	
10865	1569888000	2019	10	01	1	0.9	0.9	114637	-1111	0	-1111	0	
10896	1572566400	2019	11	01	1	0.9	0.9	114936	-1111	0	-1111	0	
10926	1575158400	2019	12	01	1	0.9	0.9	115203	-1111	0	-1111	0	
10957	1577836800	2020	01	01	1	0.9	0.9	115474	-1111	0	-1111	0	
10988	1580515200	2020	02	01	1	0.9	0.9	115783	-1111	0	-1111	0	
11017	1583020800	2020	03	01	1	0.9	0.9	116062	-1111	0	-1111	0	
11048	1585699200	2020	04	01	1	0.9	0.9	116367	-1111	0	-1111	0	
11078	1588291200	2020	05	01	1	0.9	0.9	116623	-1111	0	-1111	0	
11109	1590969600	2020	06	01	1	0.9	0.9	116924	-1111	0	-1111	0	
11139	1593561600	2020	07	01	1	0.9	0.9	117224	-1111	0	-1111	0	
11170	1596240000	2020	08	01	1	0.9	0.9	117444	-1111	0	-1111	0	
11201	1598918400	2020	09	01	1	0.9	0.9	117714	-1111	0	-1111	0	
11231	1601510400	2020	10	01	1	0.9	0.9	117967	-1111	0	-1111	0	
11262	1604188800	2020	11	01	1	0.9	0.9	118248	-1111	0	-1111	0	
11292	1606780800	2020	12	01	1	0.9	0.9	118499	-1111	0	-1111	0	
11323	1609459200	2021	01	01	1	0.9	0.9	118796	-1111	0	-1111	0	
11354	1612137600	2021	02	01	1	0.9	0.9	119094	-1111	0	-1111	0	
11382	1614556800	2021	03	01	1	0.9	0.9	119352	-1111	0	-1111	0	
11413	1617235200	2021	04	01	1	0.9	0.9	119676	-1111	0	-1111	0	
11443	1619827200	2021	05	01	1	0.9	0.9	119948	-1111	0	-1111	0	
11474	1622505600	2021	06	01	1	0.9	0.9	120210	-1111	0	-1111	0	
11504	1625097600	2021	07	01	1	0.9	0.9	120486	-1111	0	-1111	0	
11535	1627776000	2021	08	01	1	0.9	0.9	120777	-1111	0	-1111	0	
11566	1630454400	2021	09	01	1	0.9	0.9	121028	-1111	0	-1111	0	
11596	1633046400	2021	10	01	1	0.9	0.9	121310	-1111	0	-1111	0	
11627	1635724800	2021	11	01	1	0.9	0.9	121620	-1111	0	-1111	0	
11657	1638316800	2021	12	01	1	0.9	0.9	121914	-1111	0	-1111	0	
11688	1640995200	2022	01	01	1	0.9	0.9	122203	-1111	0	-1111	0	
11719	1643673600	2022	02	01	1	0.9	0.9	122485	-1111	0	-1111	0	
11747	1646092800	2022	03	01	1	0.9	0.9	122759	-1111	0	-1111	0	
11778	1648771200	2022	04	01	1	0.9	0.9	123020	-1111	0	-1111	0	
11808	1651363200	2022	05	01	1	0.9	0.9	123311	-1111	0	-1111	0	
11839	1654041600	2022	06	01	1	0.9	0.9	123569	-1111	0	-1111	0	
11869	1656633600	2022	07	01	1	0.9	0.9	123851	-1111	0	-1111	0	
11900	1659312000	2022	08	01	1	0.9	0.9	124141	-1111	0	-1111	0	
11931	1661990400	2022	09	01	1	0.9	0.9	124457	-1111	0	-1111	0	
11961	1664582400	2022	10	01	1	0.9	0.9	124748	-1111	0	-1111	0	
11992	1667260800	2022	11	01	1	0.9	0.9	125042	-1111	0	-1111	0	
12022	1669852800	2022	12	01	1	0.9	0.9	125373	-1111	0	-1111	0	
12053	1672531200	2023	01	01	1	0.9	0.9	125675	-1111	0	-1111	0	
12084	1675209600	2023	02	01	1	0.9	0.9	126010	-1111	0	-1111	0	
12112	1677628800	2023	03	01	1	0.9	0.9	126252	-1111	0	-1111	0	
12143	1680307200	2023	04	01	1	0.9	0.9	126541	-1111	0	-1111	0	
12173	1682899200	2023	05	01	1	0.9	0.9	126828	-1111	0	-1111	0	
12204	1685577600	2023	06	01	1	0.9	0.9	127120	-1111	0	-1111	0	
12234	1688169600	2023	07	01	1	0.9	0.9	127373	-1111	0	-1111	0	
12265	1690848000	2023	08	01	1	0.9	0.9	127655	-1111	0	-1111	0	
12296	1693526400	2023	09	01	1	0.9	0.9	127990	-1111	0	-1111	0	
12326	1696118400	2023	10	01	1	0.9	0.9	128272	-1111	0	-1111	0	
12357	1698796800	2023	11	01	1	0.9	0.9	128562	-1111	0	-1111	0	
12387	1701388800	2023	12	01	1	0.9	0.9	128877	-1111	0	-1111	0	
12418	1704067200	2024	01	01	1	0.9	0.9	129200	-1111	0	-1111	0	
12449	1706745600	2024	02	01	1	0.9	0.9	129461	-1111	0	-1111	0	
12478	1709251200	2024	03	01	1	0.9	0.9	129726	-1111	0	-1111	0	
12509	1711929600	2024	04	01	1	0.9	0.9	130026	-1111	0	-1111	0	
12539	1714521600	2024	05	01	1	0.9	0.9	130323	-1111	0	-1111	0	
12570	1717200000	2024	06	01	1	0.9	0.9	130597	-1111	0	-1111	0	
12600	1719792000	2024	07	01	1	0.9	0.9	130885	-1111	0	-1111	0	
12631	1722470400	2024	08	01	1	0.9	0.9	131174	-1111	0	-1111	0	
12662	1725148800	2024	09	01	1	0.9	0.9	131502	-1111	0	-1111	0	
12692	1727740800	2024	10	01	1	0.9	0.9	131808	-1111	0	-1111	0	
12723	1730419200	2024	11	01	1	0.9	0.9	132116	-1111	0	-1111	0	
12753	1733011200	2024	12	01	1	0.9	0.9	132434	-1111	0	-1111	0	
12784	1735689600	2025	01	01	1	0.9	0.9	132744	-1111	0	-1111	0	
12815	1738368000	2025	02	01	1	0.9	0.9	133044	-1111	0	-1111	0	
12843	1740787200	2025	03	01	1	0.9	0.9	133327	-1111	0	-1111	0	
12874	1743465600	2025	04	01	1	0.9	0.9	133633	-1111	0	-1111	0	
12904	1746057600	2025	05	01	1	0.9	0.9	133918	-1111	0	-1111	0	
12935	1748736000	2025	06	01	1	0.9	0.9	134277	-1111	0	-1111	0	
12965	1751328000	2025	07	01	1	0.9	0.9	134593	-1111	0	-1111	0	
12996	1754006400	2025	08	01	1	0.9	0.9	134900	-1111	0	-1111	0	
13027	1756684800	2025	09	01	1	0.9	0.9	135224	-1111	0	-1111	0	
13057	1759276800	2025	10	01	1	0.9	0.9	135552	-1111	0	-1111	0	
13088	1761955200	2025	11	01	1	0.9	0.9	135868	-1111	0	-1111	0	
13118	1764547200	2025	12	01	1	0.9	0.9	136157	-1111	0	-1111	0	
13149	1767225600	2026	01	01	1	0.9	0.9	136515	-1111	0	-1111	0	
13180	1769904000	2026	02	01	1	0.9	0.9	136836	-1111	0	-1111	0	
13208	1772323200	2026	03	01	1	0.9	0.9	137103	-1111	0	-1111	0	
13239	1775001600	2026	04	01	1	0.9	0.9	137423	-1111	0	-1111	0	
13269	1777593600	2026	05	01	1	0.9	0.9	137744	-1111	0	-1111	0	
13300	1780272000	2026	06	01	1	0.9	0.9	138102	-1111	0	-1111	0	
13330	1782864000	2026	07	01	1	0.9	0.9	138435	-1111	0	-1111	0	
13361	1785542400	2026	08	01	1	0.9	0.9	138716	-1111	0	-1111	0	
13392	1788220800	2026	09	01	1	0.9	0.9	139043	-1111	0	-1111	0	
13422	1790812800	2026	10	01	1	0.9	0.9	139367	-1111	0	-1111	0	
13453	1793491200	2026	11	01	1	0.9	0.9	139715	-1111	0	-1111	0	
13483	1796083200	2026	12	01	1	0.9	0.9	140053	-1111	0	-1111	0	
13514	1798761600	2027	01	01	1	0.9	0.9	140444	-1111	0	-1111	0	
13545	1801440000	2027	02	01	1	0.9	0.9	140796	-1111	0	-1111	0	
13573	1803859200	2027	03	01	1	0.9	0.9	141091	-1111	0	-1111	0	
13604	1806537600	2027	04	01	1	0.9	0.9	141417	-1111	0	-1111	0	
13634	1809129600	2027	05	01	1	0.9	0.9	141732	-1111	0	-1111	0	
13665	1811808000	2027	06	01	1	0.9	0.9	142027	-1111	0	-1111	0	
13695	1814400000	2027	07	01	1	0.9	0.9	142348	-1111	0	-1111	0	
13726	1817078400	2027	08	01	1	0.9	0.9	142677	-1111	0	-1111	0	
13757	1819756800	2027	09	01	1	0.9	0.9	142981	-1111	0	-1111	0	
13787	1822348800	2027	10	01	1	0.9	0.9	143315	-1111	0	-1111	0	
13818	1825027200	2027	11	01	1	0.9	0.9	143611	-1111	0	-1111	0	
13848	1827619200	2027	12	01	1	0.9	0.9	143945	-1111	0	-1111	0	
13879	1830297600	2028	01	01	1	0.9	0.9	144289	-1111	0	-1111	0	
13910	1832976000	2028	02	01	1	0.9	0.9	144675	-1111	0	-1111	0	
13939	1835481600	2028	03	01	1	0.9	0.9	145025	-1111	0	-1111	0	
13970	1838160000	2028	04	01	1	0.9	0.9	145386	-1111	0	-1111	0	
14000	1840752000	2028	05	01	1	0.9	0.9	145722	-1111	0	-1111	0	
14031	1843430400	2028	06	01	1	0.9	0.9	146067	-1111	0	-1111	0	
14061	1846022400	2028	07	01	1	0.9	0.9	146404	-1111	0	-1111	0	
14092	1848700800	2028	08	01	1	0.9	0.9	146763	-1111	0	-1111	0	
14123	1851379200	2028	09	01	1	0.9	0.9	147106	-1111	0	-1111	0	
14153	1853971200	2028	10	01	1	0.9	0.9	147436	-1111	0	-1111	0	
14184	1856649600	2028	11	01	1	0.9	0.9	147796	-1111	0	-1111	0	
14214	1859241600	2028	12	01	1	0.9	0.9	148121	-1111	0	-1111	0	
14245	1861920000	2029	01	01	1	0.9	0.9	148498	-1111	0	-1111	0	
14276	1864598400	2029	02	01	1	0.9	0.9	148872	-1111	0	-1111	0	
14304	1867017600	2029	03	01	1	0.9	0.9	149184	-1111	0	-1111	0	
14335	1869696000	2029	04	01	1	0.9	0.9	149554	-1111	0	-1111	0	
14365	1872288000	2029	05	01	1	0.9	0.9	149882	-1111	0	-1111	0	
14396	1874966400	2029	06	01	1	0.9	0.9	150243	-1111	0	-1111	0	
14426	1877558400	2029	07	01	1	0.9	0.9	150592	-1111	0	-1111	0	
14457	1880236800	2029	08	01	1	0.9	0.9	150956	-1111	0	-1111	0	
14488	1882915200	2029	09	01	1	0.9	0.9	151305	-1111	0	-1111	0	
14518	1885507200	2029	10	01	1	0.9	0.9	151621	-1111	0	-1111	0	
14549	1888185600	2029	11	01	1	0.9	0.9	152016	-1111	0	-1111	0	
14579	1890777600	2029	12	01	1	0.9	0.9	152344	-1111	0	-1111	0	
14610	1893456000	2030	01	01	1	0.9	0.9	152695	-1111	0	-1111	0	
