0	631152000	1990	01	01	1	0.6	0.5	50000	-1111	0	-1111	4.76329	
31	633830400	1990	02	01	1	0	0	50115	-1111	0	-1111	12.0756	
59	636249600	1990	03	01	1	0	0	50246	-1111	0	-1111	15.0605	
90	638928000	1990	04	01	1	0	0	50357	-1111	0	-1111	14.8523	
120	641520000	1990	05	01	1	0	0	50456	-1111	0	-1111	17.1422	
151	644198400	1990	06	01	1	0	0	50558	-1111	0	-1111	18.375	
181	646790400	1990	07	01	1	0	0	50680	-1111	0	-1111	19.4844	
212	649468800	1990	08	01	1	0	0	50777	-1111	0	-1111	19.9149	
243	652147200	1990	09	01	1	0	0	50895	-1111	0	-1111	19.964	
273	654739200	1990	10	01	1	0	0	50980	-1111	0	-1111	19.9554	
304	657417600	1990	11	01	1	0	0	51101	-1111	0	-1111	18.6695	
334	660009600	1990	12	01	1	0	0	51206	-1111	0	-1111	17.6996	
365	662688000	1991	01	01	1	0	0	51286	-1111	0	-1111	16.5624	
396	665366400	1991	02	01	1	0	0	51380	-1111	0	-1111	15.723	
424	667785600	1991	03	01	1	0	0	51473	-1111	0	-1111	14.7364	
455	670464000	1991	04	01	1	0	0	51595	-1111	0	-1111	13.1175	
485	673056000	1991	05	01	1	0	0	51731	-1111	0	-1111	12.1004	
516	675734400	1991	06	01	1	0	0	51831	-1111	0	-1111	10.8407	
546	678326400	1991	07	01	1	0	0	51958	-1111	0	-1111	9.98896	
577	681004800	1991	08	01	1	0	0	52059	-1111	0	-1111	9.16895	
608	683683200	1991	09	01	1	0	0	52204	-1111	0	-1111	8.66305	
638	686275200	1991	10	01	1	0	0	52350	-1111	0	-1111	8.14058	
669	688953600	1991	11	01	1	0	0	52502	-1111	0	-1111	7.54293	
699	691545600	1991	12	01	1	0	0	52614	-1111	0	-1111	6.72231	
730	694224000	1992	01	01	1	0	0	52728	-1111	0	-1111	6.49841	
761	696902400	1992	02	01	1	0	0	52844	-1111	5.29037	-1111	6.10998	
790	699408000	1992	03	01	1	0	0	52977	-1111	5.29037	-1111	6.14273	
821	702086400	1992	04	01	1	0	0	53096	-1111	5.29037	-1111	5.88678	
851	704678400	1992	05	01	1	0	0	53224	-1111	5.29037	-1111	5.71278	
882	707356800	1992	06	01	1	0	0	53356	-1111	5.29037	-1111	5.85006	
912	709948800	1992	07	01	1	0	0	53488	-1111	5.29037	-1111	5.91729	
943	712627200	1992	08	01	1	0	0	53605	-1111	5.29037	-1111	5.84435	
974	715305600	1992	09	01	1	0	0	53740	-1111	5.29037	-1111	5.87662	
1004	717897600	1992	10	01	1	0	0	53817	-1111	5.29037	-1111	5.73568	
1035	720576000	1992	11	01	1	0	0	53961	-1111	5.29037	-1111	5.9386	
1065	723168000	1992	12	01	1	0	0	54065	-1111	5.29037	-1111	6.54686	
1096	725846400	1993	01	01	1	0	0	54182	-1111	5.29037	-1111	6.96287	
1127	728524800	1993	02	01	1	0	0	54322	-1111	3.14	-1111	7.37125	
1155	730944000	1993	03	01	1	0	0	54415	-1111	3.14	-1111	7.87003	
1186	733622400	1993	04	01	1	0	0	54568	-1111	3.14	-1111	7.95801	
1216	736214400	1993	05	01	1	0	0	54672	-1111	3.14	-1111	8.22752	
1247	738892800	1993	06	01	1	0	0	54790	-1111	3.14	-1111	8.65013	
1277	741484800	1993	07	01	1	0	0	54896	-1111	3.14	-1111	9.19532	
1308	744163200	1993	08	01	1	0	0	55024	-1111	3.14	-1111	9.11381	
1339	746841600	1993	09	01	1	0	0	55131	-1111	3.14	-1111	9.32003	
1369	749433600	1993	10	01	1	0	0	55260	-1111	3.14	-1111	9.50663	
1400	752112000	1993	11	01	1	0	0	55413	-1111	3.14	-1111	9.34353	
1430	754704000	1993	12	01	1	0	0	55533	-1111	3.14	-1111	9.3129	
1461	757382400	1994	01	01	1	0	0	55667	-1111	3.14	-1111	9.27147	
1492	760060800	1994	02	01	1	0	0	55803	-1111	4.60893	-1111	9.21612	
1520	762480000	1994	03	01	1	0	0	55928	-1111	4.60893	-1111	9.51302	
1551	765158400	1994	04	01	1	0	0	56055	-1111	4.60893	-1111	9.68213	
1581	767750400	1994	05	01	1	0	0	56187	-1111	4.60893	-1111	9.71817	
1612	770428800	1994	06	01	1	0	0	56324	-1111	4.60893	-1111	9.19423	
1642	773020800	1994	07	01	1	0	0	56445	-1111	4.60893	-1111	9.00364	
1673	775699200	1994	08	01	1	0	0	56554	-1111	4.60893	-1111	9.034	
1704	778377600	1994	09	01	1	0	0	56685	-1111	4.60893	-1111	8.94545	
1734	780969600	1994	10	01	1	0	0	56826	-1111	4.60893	-1111	8.79673	
1765	783648000	1994	11	01	1	0	0	56967	-1111	4.60893	-1111	8.42358	
1795	786240000	1994	12	01	1	0	0	57101	-1111	4.60893	-1111	8.36905	
1826	788918400	1995	01	01	1	0	0	57224	-1111	4.60893	-1111	8.08551	
1857	791596800	1995	02	01	1	0	0	57345	-1111	4.4273	-1111	7.98926	
1885	794016000	1995	03	01	1	0	0	57473	-1111	4.4273	-1111	8.00261	
1916	796694400	1995	04	01	1	0	0	57618	-1111	4.4273	-1111	8.20502	
1946	799286400	1995	05	01	1	0	0	57768	-1111	4.4273	-1111	8.28749	
1977	801964800	1995	06	01	1	0	0	57906	-1111	4.4273	-1111	8.06977	
2007	804556800	1995	07	01	1	0	0	58054	-1111	4.4273	-1111	8.02777	
2038	807235200	1995	08	01	1	0	0	58205	-1111	4.4273	-1111	7.79803	
2069	809913600	1995	09	01	1	0	0	58346	-1111	4.4273	-1111	8.02751	
2099	812505600	1995	10	01	1	0	0	58491	-1111	4.4273	-1111	7.87305	
2130	815184000	1995	11	01	1	0	0	58620	-1111	4.4273	-1111	7.9925	
2160	817776000	1995	12	01	1	0	0	58763	-1111	4.4273	-1111	7.93925	
2191	820454400	1996	01	01	1	0	0	58894	-1111	4.4273	-1111	8.07123	
2222	823132800	1996	02	01	1	0	0	59031	-1111	3.95341	-1111	8.22026	
2251	825638400	1996	03	01	1	0	0	59182	-1111	3.95341	-1111	8.11334	
2282	828316800	1996	04	01	1	0	0	59336	-1111	3.95341	-1111	8.19837	
2312	830908800	1996	05	01	1	0	0	59471	-1111	3.95341	-1111	8.0606	
2343	833587200	1996	06	01	1	0	0	59604	-1111	3.95341	-1111	7.97918	
2373	836179200	1996	07	01	1	0	0	59728	-1111	3.95341	-1111	7.73941	
2404	838857600	1996	08	01	1	0	0	59873	-1111	3.95341	-1111	8.21342	
2435	841536000	1996	09	01	1	0	0	60021	-1111	3.95341	-1111	7.97245	
2465	844128000	1996	10	01	1	0	0	60163	-1111	3.95341	-1111	7.86788	
2496	846806400	1996	11	01	1	0	0	60318	-1111	3.95341	-1111	7.9098	
2526	849398400	1996	12	01	1	0	0	60472	-1111	3.95341	-1111	7.96329	
2557	852076800	1997	01	01	1	0	0	60613	-1111	3.95341	-1111	7.82449	
2588	854755200	1997	02	01	1	0	0	60748	-1111	4.11912	-1111	7.80491	
2616	857174400	1997	03	01	1	0	0	60882	-1111	4.11912	-1111	8.08322	
2647	859852800	1997	04	01	1	0	0	61054	-1111	4.11912	-1111	8.21534	
2677	862444800	1997	05	01	1	0	0	61196	-1111	4.11912	-1111	8.42238	
2708	865123200	1997	06	01	1	0	0	61354	-1111	4.11912	-1111	8.31592	
2738	867715200	1997	07	01	1	0	0	61496	-1111	4.11912	-1111	8.38835	
2769	870393600	1997	08	01	1	0	0	61627	-1111	4.11912	-1111	8.54802	
2800	873072000	1997	09	01	1	0	0	61769	-1111	4.11912	-1111	8.55322	
2830	875664000	1997	10	01	1	0	0	61889	-1111	4.11912	-1111	8.50799	
2861	878342400	1997	11	01	1	0	0	62041	-1111	4.11912	-1111	8.40574	
2891	880934400	1997	12	01	1	0	0	62186	-1111	4.11912	-1111	8.42257	
2922	883612800	1998	01	01	1	0	0	62331	-1111	4.11912	-1111	8.62353	
2953	886291200	1998	02	01	1	0	0	62494	-1111	4.20135	-1111	8.62257	
2981	888710400	1998	03	01	1	0	0	62643	-1111	4.20135	-1111	8.3628	
3012	891388800	1998	04	01	1	0	0	62792	-1111	4.20135	-1111	8.19117	
3042	893980800	1998	05	01	1	0	0	62957	-1111	4.20135	-1111	8.38	
3073	896659200	1998	06	01	1	0	0	63102	-1111	4.20135	-1111	8.21041	
3103	899251200	1998	07	01	1	0	0	63238	-1111	4.20135	-1111	8.02365	
3134	901929600	1998	08	01	1	0	0	63405	-1111	4.20135	-1111	7.94277	
3165	904608000	1998	09	01	1	0	0	63538	-1111	4.20135	-1111	7.69897	
3195	907200000	1998	10	01	1	0	0	63683	-1111	4.20135	-1111	7.8408	
3226	909878400	1998	11	01	1	0	0	63852	-1111	4.20135	-1111	7.54667	
3256	912470400	1998	12	01	1	0	0	63992	-1111	4.20135	-1111	7.70145	
3287	915148800	1999	01	01	1	0	0	64144	-1111	4.20135	-1111	8.04053	
3318	917827200	1999	02	01	1	0	0	64286	-1111	4.11676	-1111	8.15631	
3346	920246400	1999	03	01	1	0	0	64414	-1111	4.11676	-1111	8.45153	
3377	922924800	1999	04	01	1	0	0	64553	-1111	4.11676	-1111	8.42057	
3407	925516800	1999	05	01	1	0	0	64695	-1111	4.11676	-1111	8.27926	
3438	928195200	1999	06	01	1	0	0	64837	-1111	4.11676	-1111	8.27613	
3468	930787200	1999	07	01	1	0	0	64970	-1111	4.11676	-1111	8.02712	
3499	933465600	1999	08	01	1	0	0	65115	-1111	4.11676	-1111	7.8635	
3530	936144000	1999	09	01	1	0	0	65266	-1111	4.11676	-1111	7.75607	
3560	938736000	1999	10	01	1	0	0	65408	-1111	4.11676	-1111	7.92753	
3591	941414400	1999	11	01	1	0	0	65536	-1111	4.11676	-1111	7.77991	
3621	944006400	1999	12	01	1	0	0	65686	-1111	4.11676	-1111	7.97526	
3652	946684800	2000	01	01	1	0	0	65818	-1111	4.11676	-1111	8.07528	
3683	949363200	2000	02	01	1	0.6	0.6	66000	-1111	4.04638	-1111	6.6835	
3712	951868800	2000	03	01	1	0.6	0.6	66144	-1111	4.04638	-1111	4.78367	
3743	954547200	2000	04	01	1	0.6	0.6	66291	-1111	4.04638	-1111	3.63557	
3773	957139200	2000	05	01	1	0.6	0.6	66451	-1111	4.04638	-1111	3.18526	
3804	959817600	2000	06	01	1	0.6	0.6	66631	-1111	4.04638	-1111	2.87567	
3834	962409600	2000	07	01	1	0.6	0.6	66790	-1111	4.04638	-1111	2.41337	
3865	965088000	2000	08	01	1	0.6	0.6	66944	-1111	4.04638	-1111	2.2308	
3896	967766400	2000	09	01	1	0.6	0.6	67117	-1111	4.04638	-1111	1.88781	
3926	970358400	2000	10	01	1	0.6	0.6	67260	-1111	4.04638	-1111	1.77413	
3957	973036800	2000	11	01	1	0.6	0.6	67443	-1111	4.04638	-1111	1.88323	
3987	975628800	2000	12	01	1	0.6	0.6	67608	-1111	4.04638	-1111	1.78278	
4018	978307200	2001	01	01	1	0.6	0.6	67785	-1111	4.04638	-1111	1.64717	
4049	980985600	2001	02	01	1	0.6	0.6	67954	-1111	1.78035	-1111	1.53292	
4077	983404800	2001	03	01	1	0.6	0.6	68120	-1111	1.78035	-1111	1.5827	
4108	986083200	2001	04	01	1	0.6	0.6	68277	-1111	1.78035	-1111	1.35198	
4138	988675200	2001	05	01	1	0.6	0.6	68415	-1111	1.78035	-1111	1.52483	
4169	991353600	2001	06	01	1	0.6	0.6	68592	-1111	1.78035	-1111	1.43324	
4199	993945600	2001	07	01	1	0.6	0.6	68760	-1111	1.78035	-1111	1.60275	
4230	996624000	2001	08	01	1	0.6	0.6	68920	-1111	1.78035	-1111	1.63382	
4261	999302400	2001	09	01	1	0.6	0.6	69105	-1111	1.78035	-1111	1.61851	
4291	1001894400	2001	10	01	1	0.6	0.6	69269	-1111	1.78035	-1111	1.5625	
4322	1004572800	2001	11	01	1	0.6	0.6	69432	-1111	1.78035	-1111	1.59046	
4352	1007164800	2001	12	01	1	0.6	0.6	69576	-1111	1.78035	-1111	1.57552	
4383	1009843200	2002	01	01	1	0.6	0.6	69765	-1111	1.78035	-1111	1.63332	
4414	1012521600	2002	02	01	1	0.6	0.6	69905	-1111	1.02402	-1111	1.68299	
4442	1014940800	2002	03	01	1	0.6	0.6	70053	-1111	1.02402	-1111	1.58891	
4473	1017619200	2002	04	01	1	0.6	0.6	70204	-1111	1.02402	-1111	1.79751	
4503	1020211200	2002	05	01	1	0.6	0.6	70370	-1111	1.02402	-1111	1.82702	
4534	1022889600	2002	06	01	1	0.6	0.6	70536	-1111	1.02402	-1111	1.91292	
4564	1025481600	2002	07	01	1	0.6	0.6	70688	-1111	1.02402	-1111	2.02927	
4595	1028160000	2002	08	01	1	0.6	0.6	70844	-1111	1.02402	-1111	2.00774	
4626	1030838400	2002	09	01	1	0.6	0.6	70999	-1111	1.02402	-1111	2.12672	
4656	1033430400	2002	10	01	1	0.6	0.6	71176	-1111	1.02402	-1111	2.37793	
4687	1036108800	2002	11	01	1	0.6	0.6	71335	-1111	1.02402	-1111	2.51721	
4717	1038700800	2002	12	01	1	0.6	0.6	71500	-1111	1.02402	-1111	2.73107	
4748	1041379200	2003	01	01	1	0.6	0.6	71665	-1111	1.02402	-1111	2.86887	
4779	1044057600	2003	02	01	1	0.6	0.6	71830	-1111	1.43745	-1111	3.29407	
4807	1046476800	2003	03	01	1	0.6	0.6	72013	-1111	1.43745	-1111	3.18877	
4838	1049155200	2003	04	01	1	0.6	0.6	72207	-1111	1.43745	-1111	3.3844	
4868	1051747200	2003	05	01	1	0.6	0.6	72374	-1111	1.43745	-1111	3.69266	
4899	1054425600	2003	06	01	1	0.6	0.6	72538	-1111	1.43745	-1111	3.54844	
4929	1057017600	2003	07	01	1	0.6	0.6	72716	-1111	1.43745	-1111	3.80628	
4960	1059696000	2003	08	01	1	0.6	0.6	72876	-1111	1.43745	-1111	3.76159	
4991	1062374400	2003	09	01	1	0.6	0.6	73060	-1111	1.43745	-1111	3.75625	
5021	1064966400	2003	10	01	1	0.6	0.6	73262	-1111	1.43745	-1111	3.90867	
5052	1067644800	2003	11	01	1	0.6	0.6	73445	-1111	1.43745	-1111	3.97651	
5082	1070236800	2003	12	01	1	0.6	0.6	73624	-1111	1.43745	-1111	4.02256	
5113	1072915200	2004	01	01	1	0.6	0.6	73798	-1111	1.43745	-1111	4.07266	
5144	1075593600	2004	02	01	1	0.6	0.6	74006	-1111	2.46942	-1111	4.19155	
5173	1078099200	2004	03	01	1	0.6	0.6	74162	-1111	2.46942	-1111	4.22461	
5204	1080777600	2004	04	01	1	0.6	0.6	74349	-1111	2.46942	-1111	4.13267	
5234	1083369600	2004	05	01	1	0.6	0.6	74513	-1111	2.46942	-1111	4.17978	
5265	1086048000	2004	06	01	1	0.6	0.6	74686	-1111	2.46942	-1111	4.08922	
5295	1088640000	2004	07	01	1	0.6	0.6	74846	-1111	2.46942	-1111	4.21064	
5326	1091318400	2004	08	01	1	0.6	0.6	75008	-1111	2.46942	-1111	4.00271	
5357	1093996800	2004	09	01	1	0.6	0.6	75159	-1111	2.46942	-1111	4.06572	
5387	1096588800	2004	10	01	1	0.6	0.6	75338	-1111	2.46942	-1111	4.10945	
5418	1099267200	2004	11	01	1	0.6	0.6	75533	-1111	2.46942	-1111	3.98013	
5448	1101859200	2004	12	01	1	0.6	0.6	75705	-1111	2.46942	-1111	3.94981	
5479	1104537600	2005	01	01	1	0.6	0.6	75905	-1111	2.46942	-1111	4.02702	
5510	1107216000	2005	02	01	1	0.6	0.6	76091	-1111	2.63479	-1111	3.88789	
5538	1109635200	2005	03	01	1	0.6	0.6	76268	-1111	2.63479	-1111	3.92639	
5569	1112313600	2005	04	01	1	0.6	0.6	76456	-1111	2.63479	-1111	3.73226	
5599	1114905600	2005	05	01	1	0.6	0.6	76633	-1111	2.63479	-1111	3.54194	
5630	1117584000	2005	06	01	1	0.6	0.6	76821	-1111	2.63479	-1111	3.40164	
5660	1120176000	2005	07	01	1	0.6	0.6	76998	-1111	2.63479	-1111	3.29281	
5691	1122854400	2005	08	01	1	0.6	0.6	77214	-1111	2.63479	-1111	3.33333	
5722	1125532800	2005	09	01	1	0.6	0.6	77421	-1111	2.63479	-1111	3.38658	
5752	1128124800	2005	10	01	1	0.6	0.6	77597	-1111	2.63479	-1111	3.42194	
5783	1130803200	2005	11	01	1	0.6	0.6	77783	-1111	2.63479	-1111	3.39986	
5813	1133395200	2005	12	01	1	0.6	0.6	77966	-1111	2.63479	-1111	3.26147	
5844	1136073600	2006	01	01	1	0.6	0.6	78178	-1111	2.63479	-1111	3.29226	
5875	1138752000	2006	02	01	1	0.6	0.6	78389	-1111	2.25789	-1111	3.2415	
5903	1141171200	2006	03	01	1	0.6	0.6	78554	-1111	2.25789	-1111	3.34639	
5934	1143849600	2006	04	01	1	0.6	0.6	78709	-1111	2.25789	-1111	3.4936	
5964	1146441600	2006	05	01	1	0.6	0.6	78881	-1111	2.25789	-1111	3.35653	
5995	1149120000	2006	06	01	1	0.6	0.6	79059	-1111	2.25789	-1111	3.41463	
6025	1151712000	2006	07	01	1	0.6	0.6	79228	-1111	2.25789	-1111	3.56282	
6056	1154390400	2006	08	01	1	0.6	0.6	79425	-1111	2.25789	-1111	3.5937	
6087	1157068800	2006	09	01	1	0.6	0.6	79610	-1111	2.25789	-1111	3.56705	
6117	1159660800	2006	10	01	1	0.6	0.6	79810	-1111	2.25789	-1111	3.54034	
6148	1162339200	2006	11	01	1	0.6	0.6	80006	-1111	2.25789	-1111	3.52058	
6178	1164931200	2006	12	01	1	0.6	0.6	80199	-1111	2.25789	-1111	3.42999	
6209	1167609600	2007	01	01	1	0.6	0.6	80417	-1111	2.25789	-1111	3.2147	
6240	1170288000	2007	02	01	1	0.6	0.6	80623	-1111	2.20792	-1111	3.1445	
6268	1172707200	2007	03	01	1	0.6	0.6	80788	-1111	2.20792	-1111	3.38983	
6299	1175385600	2007	04	01	1	0.6	0.6	80981	-1111	2.20792	-1111	3.37398	
6329	1177977600	2007	05	01	1	0.6	0.6	81175	-1111	2.20792	-1111	3.39407	
6360	1180656000	2007	06	01	1	0.6	0.6	81367	-1111	2.20792	-1111	3.2105	
6390	1183248000	2007	07	01	1	0.6	0.6	81551	-1111	2.20792	-1111	3.31486	
6421	1185926400	2007	08	01	1	0.6	0.6	81759	-1111	2.20792	-1111	3.37031	
6452	1188604800	2007	09	01	1	0.6	0.6	81948	-1111	2.20792	-1111	3.33238	
6482	1191196800	2007	10	01	1	0.6	0.6	82134	-1111	2.20792	-1111	3.36621	
6513	1193875200	2007	11	01	1	0.6	0.6	82324	-1111	2.20792	-1111	3.44077	
6543	1196467200	2007	12	01	1	0.6	0.6	82494	-1111	2.20792	-1111	3.38007	
6574	1199145600	2008	01	01	1	0.6	0.6	82673	-1111	2.20792	-1111	3.40027	
6605	1201824000	2008	02	01	1	0.6	0.6	82893	-1111	2.14081	-1111	3.2544	
6634	1204329600	2008	03	01	1	0.6	0.6	83081	-1111	2.14081	-1111	3.17341	
6665	1207008000	2008	04	01	1	0.6	0.6	83280	-1111	2.14081	-1111	3.14725	
6695	1209600000	2008	05	01	1	0.6	0.6	83477	-1111	2.14081	-1111	3.13654	
6726	1212278400	2008	06	01	1	0.6	0.6	83676	-1111	2.14081	-1111	3.13987	
6756	1214870400	2008	07	01	1	0.6	0.6	83887	-1111	2.14081	-1111	3.39141	
6787	1217548800	2008	08	01	1	0.6	0.6	84101	-1111	2.14081	-1111	3.19406	
6818	1220227200	2008	09	01	1	0.6	0.6	84325	-1111	2.14081	-1111	3.20367	
6848	1222819200	2008	10	01	1	0.6	0.6	84522	-1111	2.14081	-1111	3.26991	
6879	1225497600	2008	11	01	1	0.6	0.6	84724	-1111	2.14081	-1111	3.31721	
6909	1228089600	2008	12	01	1	0.6	0.6	84925	-1111	2.14081	-1111	3.30499	
6940	1230768000	2009	01	01	1	0.6	0.6	85101	-1111	2.14081	-1111	3.32036	
6971	1233446400	2009	02	01	1	0.6	0.6	85322	-1111	2.08798	-1111	3.3271	
6999	1235865600	2009	03	01	1	0.6	0.6	85505	-1111	2.08798	-1111	3.38272	
7030	1238544000	2009	04	01	1	0.6	0.6	85740	-1111	2.08798	-1111	3.31135	
7060	1241136000	2009	05	01	1	0.6	0.6	85927	-1111	2.08798	-1111	3.47834	
7091	1243814400	2009	06	01	1	0.6	0.6	86128	-1111	2.08798	-1111	3.67031	
7121	1246406400	2009	07	01	1	0.6	0.6	86333	-1111	2.08798	-1111	3.66521	
7152	1249084800	2009	08	01	1	0.6	0.6	86532	-1111	2.08798	-1111	3.49183	
7183	1251763200	2009	09	01	1	0.6	0.6	86705	-1111	2.08798	-1111	3.39395	
7213	1254355200	2009	10	01	1	0.6	0.6	86902	-1111	2.08798	-1111	3.45726	
7244	1257033600	2009	11	01	1	0.6	0.6	87108	-1111	2.08798	-1111	3.27398	
7274	1259625600	2009	12	01	1	0.6	0.6	87323	-1111	2.08798	-1111	3.25858	
7305	1262304000	2010	01	01	1	0.6	0.6	87548	-1111	2.08798	-1111	3.27107	
7336	1264982400	2010	02	01	1	0.6	0.6	87770	-1111	2.2137	-1111	3.40039	
7364	1267401600	2010	03	01	1	0.6	0.6	87923	-1111	2.2137	-1111	3.51306	
7395	1270080000	2010	04	01	1	0.6	0.6	88138	-1111	2.2137	-1111	3.53853	
7425	1272672000	2010	05	01	1	0.6	0.6	88345	-1111	2.2137	-1111	3.64625	
7456	1275350400	2010	06	01	1	0.6	0.6	88577	-1111	2.2137	-1111	3.57395	
7486	1277942400	2010	07	01	1	0.6	0.6	88788	-1111	2.2137	-1111	3.66755	
7517	1280620800	2010	08	01	1	0.6	0.6	88990	-1111	2.2137	-1111	3.7227	
7548	1283299200	2010	09	01	1	0.6	0.6	89200	-1111	2.2137	-1111	3.82984	
7578	1285891200	2010	10	01	1	0.6	0.6	89367	-1111	2.2137	-1111	3.6496	
7609	1288569600	2010	11	01	1	0.6	0.6	89578	-1111	2.2137	-1111	3.65106	
7639	1291161600	2010	12	01	1	0.6	0.6	89777	-1111	2.2137	-1111	3.58894	
7670	1293840000	2011	01	01	1	0.6	0.6	89974	-1111	2.2137	-1111	3.73306	
7701	1296518400	2011	02	01	1	0.6	0.6	90213	-1111	2.27973	-1111	3.75599	
7729	1298937600	2011	03	01	1	0.6	0.6	90395	-1111	2.27973	-1111	3.79561	
7760	1301616000	2011	04	01	1	0.6	0.6	90601	-1111	2.27973	-1111	3.68383	
7790	1304208000	2011	05	01	1	0.6	0.6	90785	-1111	2.27973	-1111	3.58337	
7821	1306886400	2011	06	01	1	0.6	0.6	91011	-1111	2.27973	-1111	3.37555	
7851	1309478400	2011	07	01	1	0.6	0.6	91178	-1111	2.27973	-1111	3.5504	
7882	1312156800	2011	08	01	1	0.6	0.6	91395	-1111	2.27973	-1111	3.40295	
7913	1314835200	2011	09	01	1	0.6	0.6	91610	-1111	2.27973	-1111	3.46921	
7943	1317427200	2011	10	01	1	0.6	0.6	91821	-1111	2.27973	-1111	3.39091	
7974	1320105600	2011	11	01	1	0.6	0.6	92063	-1111	2.27973	-1111	3.50507	
8004	1322697600	2011	12	01	1	0.6	0.6	92260	-1111	2.27973	-1111	3.46236	
8035	1325376000	2012	01	01	1	0.6	0.6	92490	-1111	2.27973	-1111	3.6272	
8066	1328054400	2012	02	01	1	0.6	0.6	92728	-1111	2.27893	-1111	3.62425	
8095	1330560000	2012	03	01	1	0.6	0.6	92938	-1111	2.27893	-1111	3.5098	
8126	1333238400	2012	04	01	1	0.6	0.6	93197	-1111	2.27893	-1111	3.47074	
8156	1335830400	2012	05	01	1	0.6	0.6	93428	-1111	2.27893	-1111	3.62811	
8187	1338508800	2012	06	01	1	0.6	0.6	93648	-1111	2.27893	-1111	3.6897	
8217	1341100800	2012	07	01	1	0.6	0.6	93861	-1111	2.27893	-1111	3.65257	
8248	1343779200	2012	08	01	1	0.6	0.6	94078	-1111	2.27893	-1111	3.61645	
8279	1346457600	2012	09	01	1	0.6	0.6	94294	-1111	2.27893	-1111	3.73427	
8309	1349049600	2012	10	01	1	0.6	0.6	94519	-1111	2.27893	-1111	3.69331	
8340	1351728000	2012	11	01	1	0.6	0.6	94737	-1111	2.27893	-1111	3.51571	
8370	1354320000	2012	12	01	1	0.6	0.6	94969	-1111	2.27893	-1111	3.60283	
8401	1356998400	2013	01	01	1	0.6	0.6	95209	-1111	2.27893	-1111	3.61733	
8432	1359676800	2013	02	01	1	0.6	0.6	95439	-1111	2.31164	-1111	3.54424	
8460	1362096000	2013	03	01	1	0.6	0.6	95676	-1111	2.31164	-1111	3.65953	
8491	1364774400	2013	04	01	1	0.6	0.6	95894	-1111	2.31164	-1111	3.72241	
8521	1367366400	2013	05	01	1	0.6	0.6	96160	-1111	2.31164	-1111	3.66216	
8552	1370044800	2013	06	01	1	0.6	0.6	96344	-1111	2.31164	-1111	3.63798	
8582	1372636800	2013	07	01	1	0.6	0.6	96564	-1111	2.31164	-1111	3.82173	
8613	1375315200	2013	08	01	1	0.6	0.6	96780	-1111	2.31164	-1111	3.54853	
8644	1377993600	2013	09	01	1	0.6	0.6	97008	-1111	2.31164	-1111	3.5931	
8674	1380585600	2013	10	01	1	0.6	0.6	97247	-1111	2.31164	-1111	3.64176	
8705	1383264000	2013	11	01	1	0.6	0.6	97482	-1111	2.31164	-1111	3.6787	
8735	1385856000	2013	12	01	1	0.6	0.6	97698	-1111	2.31164	-1111	3.81408	
8766	1388534400	2014	01	01	1	0.6	0.6	97916	-1111	2.31164	-1111	3.71799	
8797	1391212800	2014	02	01	1	0.6	0.6	98137	-1111	2.31719	-1111	3.56775	
8825	1393632000	2014	03	01	1	0.6	0.6	98350	-1111	2.31719	-1111	3.37239	
8856	1396310400	2014	04	01	1	0.6	0.6	98580	-1111	2.31719	-1111	3.42923	
8886	1398902400	2014	05	01	1	0.6	0.6	98787	-1111	2.31719	-1111	3.41544	
8917	1401580800	2014	06	01	1	0.6	0.6	99038	-1111	2.31719	-1111	3.5441	
8947	1404172800	2014	07	01	1	0.6	0.6	99313	-1111	2.31719	-1111	3.49366	
8978	1406851200	2014	08	01	1	0.6	0.6	99531	-1111	2.31719	-1111	3.44154	
9009	1409529600	2014	09	01	1	0.6	0.6	99754	-1111	2.31719	-1111	3.49522	
9039	1412121600	2014	10	01	1	0.6	0.6	99963	-1111	2.31719	-1111	3.65208	
9070	1414800000	2014	11	01	1	0.6	0.6	100202	-1111	2.31719	-1111	3.65522	
9100	1417392000	2014	12	01	1	0.6	0.6	100437	-1111	2.31719	-1111	3.75034	
9131	1420070400	2015	01	01	1	0.6	0.6	100707	-1111	2.31719	-1111	3.54741	
9162	1422748800	2015	02	01	1	0.6	0.6	100947	-1111	2.211	-1111	3.41953	
9190	1425168000	2015	03	01	1	0.6	0.6	101166	-1111	2.211	-1111	3.40809	
9221	1427846400	2015	04	01	1	0.6	0.6	101384	-1111	2.211	-1111	3.48431	
9251	1430438400	2015	05	01	1	0.6	0.6	101616	-1111	2.211	-1111	3.57061	
9282	1433116800	2015	06	01	1	0.6	0.6	101825	-1111	2.211	-1111	3.66408	
9312	1435708800	2015	07	01	1	0.6	0.6	102068	-1111	2.211	-1111	3.59931	
9343	1438387200	2015	08	01	1	0.6	0.6	102317	-1111	2.211	-1111	3.58731	
9374	1441065600	2015	09	01	1	0.6	0.6	102550	-1111	2.211	-1111	3.68461	
9404	1443657600	2015	10	01	1	0.6	0.6	102795	-1111	2.211	-1111	3.69698	
9435	1446336000	2015	11	01	1	0.6	0.6	103036	-1111	2.211	-1111	3.70049	
9465	1448928000	2015	12	01	1	0.6	0.6	103237	-1111	2.211	-1111	3.67987	
9496	1451606400	2016	01	01	1	0.6	0.6	103476	-1111	2.211	-1111	3.66583	
9527	1454284800	2016	02	01	1	0.6	0.6	103695	-1111	2.31065	-1111	3.75985	
9556	1456790400	2016	03	01	1	0.6	0.6	103932	-1111	2.31065	-1111	3.9071	
9587	1459468800	2016	04	01	1	0.6	0.6	104132	-1111	2.31065	-1111	4.00613	
9617	1462060800	2016	05	01	1	0.6	0.6	104345	-1111	2.31065	-1111	4.01552	
9648	1464739200	2016	06	01	1	0.6	0.6	104597	-1111	2.31065	-1111	4.18357	
9678	1467331200	2016	07	01	1	0.6	0.6	104829	-1111	2.31065	-1111	4.04939	
9709	1470009600	2016	08	01	1	0.6	0.6	105029	-1111	2.31065	-1111	4.04534	
9740	1472688000	2016	09	01	1	0.6	0.6	105304	-1111	2.31065	-1111	4.19026	
9770	1475280000	2016	10	01	1	0.6	0.6	105527	-1111	2.31065	-1111	4.05201	
9801	1477958400	2016	11	01	1	0.6	0.6	105792	-1111	2.31065	-1111	4.02388	
9831	1480550400	2016	12	01	1	0.6	0.6	106018	-1111	2.31065	-1111	4.12728	
9862	1483228800	2017	01	01	1	0.6	0.6	106279	-1111	2.31065	-1111	4.15948	
9893	1485907200	2017	02	01	1	0.6	0.6	106534	-1111	2.51319	-1111	4.04425	
9921	1488326400	2017	03	01	1	0.6	0.6	106744	-1111	2.51319	-1111	4.13909	
9952	1491004800	2017	04	01	1	0.6	0.6	107037	-1111	2.51319	-1111	3.91235	
9982	1493596800	2017	05	01	1	0.6	0.6	107315	-1111	2.51319	-1111	3.91287	
10013	1496275200	2017	06	01	1	0.6	0.6	107561	-1111	2.51319	-1111	3.93075	
10043	1498867200	2017	07	01	1	0.6	0.6	107789	-1111	2.51319	-1111	4.02864	
10074	1501545600	2017	08	01	1	0.6	0.6	108034	-1111	2.51319	-1111	4.0306	
10105	1504224000	2017	09	01	1	0.6	0.6	108324	-1111	2.51319	-1111	4.24085	
10135	1506816000	2017	10	01	1	0.6	0.6	108560	-1111	2.51319	-1111	4.06457	
10166	1509494400	2017	11	01	1	0.6	0.6	108827	-1111	2.51319	-1111	4.10341	
10196	1512086400	2017	12	01	1	0.6	0.6	109066	-1111	2.51319	-1111	4.07667	
10227	1514764800	2018	01	01	1	0.6	0.6	109311	-1111	2.51319	-1111	3.98514	
10258	1517443200	2018	02	01	1	0.6	0.6	109557	-1111	2.51432	-1111	4.09008	
10286	1519862400	2018	03	01	1	0.6	0.6	109776	-1111	2.51432	-1111	4.13329	
10317	1522540800	2018	04	01	1	0.6	0.6	110038	-1111	2.51432	-1111	4.19096	
10347	1525132800	2018	05	01	1	0.6	0.6	110271	-1111	2.51432	-1111	4.34227	
10378	1527811200	2018	06	01	1	0.6	0.6	110552	-1111	2.51432	-1111	4.25788	
10408	1530403200	2018	07	01	1	0.6	0.6	110792	-1111	2.51432	-1111	4.3048	
10439	1533081600	2018	08	01	1	0.6	0.6	111063	-1111	2.51432	-1111	4.22287	
10470	1535760000	2018	09	01	1	0.6	0.6	111346	-1111	2.51432	-1111	4.19086	
10500	1538352000	2018	10	01	1	0.6	0.6	111581	-1111	2.51432	-1111	4.23732	
10531	1541030400	2018	11	01	1	0.6	0.6	111825	-1111	2.51432	-1111	4.14131	
10561	1543622400	2018	12	01	1	0.6	0.6	112062	-1111	2.51432	-1111	4.17801	
10592	1546300800	2019	01	01	1	0.6	0.6	112313	-1111	2.51432	-1111	4.25487	
10623	1548979200	2019	02	01	1	0.6	0.6	112570	-1111	2.56787	-1111	4.22912	
10651	1551398400	2019	03	01	1	0.6	0.6	112843	-1111	2.56787	-1111	4.16334	
10682	1554076800	2019	04	01	1	0.6	0.6	113119	-1111	2.56787	-1111	4.13798	
10712	1556668800	2019	05	01	1	0.6	0.6	113418	-1111	2.56787	-1111	4.27625	
10743	1559347200	2019	06	01	1	0.6	0.6	113669	-1111	2.56787	-1111	4.38539	
10773	1561939200	2019	07	01	1	0.6	0.6	113908	-1111	2.56787	-1111	4.46613	
10804	1564617600	2019	08	01	1	0.6	0.6	114153	-1111	2.56787	-1111	4.58565	
10835	1567296000	2019	09	01	1	0.6	0.6	114378	-1111	2.56787	-1111	4.59829	
10865	1569888000	2019	10	01	1	0.6	0.6	114648	-1111	2.56787	-1111	4.51474	
10896	1572566400	2019	11	01	1	0.6	0.6	114919	-1111	2.56787	-1111	4.21644	
10926	1575158400	2019	12	01	1	0.6	0.6	115173	-1111	2.56787	-1111	4.15479	
10957	1577836800	2020	01	01	1	0.6	0.6	115441	-1111	2.56787	-1111	4.27793	
10988	1580515200	2020	02	01	1	0.6	0.6	115685	-1111	2.6322	-1111	4.36429	
11017	1583020800	2020	03	01	1	0.6	0.6	115968	-1111	2.6322	-1111	4.43508	
11048	1585699200	2020	04	01	1	0.6	0.6	116286	-1111	2.6322	-1111	4.30329	
11078	1588291200	2020	05	01	1	0.6	0.6	116536	-1111	2.6322	-1111	4.17661	
11109	1590969600	2020	06	01	1	0.6	0.6	116806	-1111	2.6322	-1111	4.15689	
11139	1593561600	2020	07	01	1	0.6	0.6	117040	-1111	2.6322	-1111	4.18731	
11170	1596240000	2020	08	01	1	0.6	0.6	117332	-1111	2.6322	-1111	4.25518	
11201	1598918400	2020	09	01	1	0.6	0.6	117620	-1111	2.6322	-1111	4.30905	
11231	1601510400	2020	10	01	1	0.6	0.6	117863	-1111	2.6322	-1111	4.31344	
11262	1604188800	2020	11	01	1	0.6	0.6	118154	-1111	2.6322	-1111	4.22559	
11292	1606780800	2020	12	01	1	0.6	0.6	118415	-1111	2.6322	-1111	4.40304	
11323	1609459200	2021	01	01	1	0.6	0.6	118694	-1111	2.6322	-1111	4.28302	
11354	1612137600	2021	02	01	1	0.6	0.6	118941	-1111	2.63691	-1111	4.35272	
11382	1614556800	2021	03	01	1	0.6	0.6	119207	-1111	2.63691	-1111	4.25847	
11413	1617235200	2021	04	01	1	0.6	0.6	119460	-1111	2.63691	-1111	4.43335	
11443	1619827200	2021	05	01	1	0.6	0.6	119764	-1111	2.63691	-1111	4.48552	
11474	1622505600	2021	06	01	1	0.6	0.6	120040	-1111	2.63691	-1111	4.29243	
11504	1625097600	2021	07	01	1	0.6	0.6	120309	-1111	2.63691	-1111	4.43118	
11535	1627776000	2021	08	01	1	0.6	0.6	120633	-1111	2.63691	-1111	4.28851	
11566	1630454400	2021	09	01	1	0.6	0.6	120887	-1111	2.63691	-1111	4.45059	
11596	1633046400	2021	10	01	1	0.6	0.6	121159	-1111	2.63691	-1111	4.51809	
11627	1635724800	2021	11	01	1	0.6	0.6	121477	-1111	2.63691	-1111	4.55749	
11657	1638316800	2021	12	01	1	0.6	0.6	121742	-1111	2.63691	-1111	4.64539	
11688	1640995200	2022	01	01	1	0.6	0.6	122038	-1111	2.63691	-1111	4.77124	
11719	1643673600	2022	02	01	1	0.6	0.6	122342	-1111	2.64212	-1111	4.60526	
11747	1646092800	2022	03	01	1	0.6	0.6	122611	-1111	2.64212	-1111	4.53265	
11778	1648771200	2022	04	01	1	0.6	0.6	122873	-1111	2.64212	-1111	4.63663	
11808	1651363200	2022	05	01	1	0.6	0.6	123146	-1111	2.64212	-1111	4.60692	
11839	1654041600	2022	06	01	1	0.6	0.6	123436	-1111	2.64212	-1111	4.69524	
11869	1656633600	2022	07	01	1	0.6	0.6	123751	-1111	2.64212	-1111	4.75648	
11900	1659312000	2022	08	01	1	0.6	0.6	124031	-1111	2.64212	-1111	4.76912	
11931	1661990400	2022	09	01	1	0.6	0.6	124326	-1111	2.64212	-1111	4.78606	
11961	1664582400	2022	10	01	1	0.6	0.6	124607	-1111	2.64212	-1111	4.85917	
11992	1667260800	2022	11	01	1	0.6	0.6	124896	-1111	2.64212	-1111	4.77207	
12022	1669852800	2022	12	01	1	0.6	0.6	125186	-1111	2.64212	-1111	4.52085	
12053	1672531200	2023	01	01	1	0.6	0.6	125477	-1111	2.64212	-1111	4.53098	
12084	1675209600	2023	02	01	1	0.6	0.6	125747	-1111	2.76886	-1111	4.52348	
12112	1677628800	2023	03	01	1	0.6	0.6	126014	-1111	2.76886	-1111	4.45303	
12143	1680307200	2023	04	01	1	0.6	0.6	126280	-1111	2.76886	-1111	4.49606	
12173	1682899200	2023	05	01	1	0.6	0.6	126554	-1111	2.76886	-1111	4.44638	
12204	1685577600	2023	06	01	1	0.6	0.6	126829	-1111	2.76886	-1111	4.57897	
12234	1688169600	2023	07	01	1	0.6	0.6	127099	-1111	2.76886	-1111	4.51353	
12265	1690848000	2023	08	01	1	0.6	0.6	127373	-1111	2.76886	-1111	4.45349	
12296	1693526400	2023	09	01	1	0.6	0.6	127692	-1111	2.76886	-1111	4.29873	
12326	1696118400	2023	10	01	1	0.6	0.6	127993	-1111	2.76886	-1111	4.39695	
12357	1698796800	2023	11	01	1	0.6	0.6	128294	-1111	2.76886	-1111	4.50009	
12387	1701388800	2023	12	01	1	0.6	0.6	128585	-1111	2.76886	-1111	4.57031	
12418	1704067200	2024	01	01	1	0.6	0.6	128897	-1111	2.76886	-1111	4.50277	
12449	1706745600	2024	02	01	1	0.6	0.6	129226	-1111	2.65879	-1111	4.43566	
12478	1709251200	2024	03	01	1	0.6	0.6	129494	-1111	2.65879	-1111	4.36156	
12509	1711929600	2024	04	01	1	0.6	0.6	129810	-1111	2.65879	-1111	4.36641	
12539	1714521600	2024	05	01	1	0.6	0.6	130095	-1111	2.65879	-1111	4.41457	
12570	1717200000	2024	06	01	1	0.6	0.6	130403	-1111	2.65879	-1111	4.35819	
12600	1719792000	2024	07	01	1	0.6	0.6	130703	-1111	2.65879	-1111	4.38486	
12631	1722470400	2024	08	01	1	0.6	0.6	131031	-1111	2.65879	-1111	4.53931	
12662	1725148800	2024	09	01	1	0.6	0.6	131340	-1111	2.65879	-1111	4.44624	
12692	1727740800	2024	10	01	1	0.6	0.6	131635	-1111	2.65879	-1111	4.51256	
12723	1730419200	2024	11	01	1	0.6	0.6	131964	-1111	2.65879	-1111	4.43072	
12753	1733011200	2024	12	01	1	0.6	0.6	132298	-1111	2.65879	-1111	4.44272	
12784	1735689600	2025	01	01	1	0.6	0.6	132607	-1111	2.65879	-1111	4.34124	
12815	1738368000	2025	02	01	1	0.6	0.6	132930	-1111	2.61223	-1111	4.49978	
12843	1740787200	2025	03	01	1	0.6	0.6	133190	-1111	2.61223	-1111	4.6557	
12874	1743465600	2025	04	01	1	0.6	0.6	133501	-1111	2.61223	-1111	4.73083	
12904	1746057600	2025	05	01	1	0.6	0.6	133814	-1111	2.61223	-1111	4.75868	
12935	1748736000	2025	06	01	1	0.6	0.6	134166	-1111	2.61223	-1111	4.93134	
12965	1751328000	2025	07	01	1	0.6	0.6	134469	-1111	2.61223	-1111	4.92906	
12996	1754006400	2025	08	01	1	0.6	0.6	134791	-1111	2.61223	-1111	4.7164	
13027	1756684800	2025	09	01	1	0.6	0.6	135075	-1111	2.61223	-1111	4.69599	
13057	1759276800	2025	10	01	1	0.6	0.6	135401	-1111	2.61223	-1111	4.7001	
13088	1761955200	2025	11	01	1	0.6	0.6	135668	-1111	2.61223	-1111	4.58726	
13118	1764547200	2025	12	01	1	0.6	0.6	135977	-1111	2.61223	-1111	4.6548	
13149	1767225600	2026	01	01	1	0.6	0.6	136258	-1111	2.61223	-1111	4.608	
13180	1769904000	2026	02	01	1	0.6	0.6	136585	-1111	2.76676	-1111	4.56222	
13208	1772323200	2026	03	01	1	0.6	0.6	136873	-1111	2.76676	-1111	4.41646	
13239	1775001600	2026	04	01	1	0.6	0.6	137206	-1111	2.76676	-1111	4.45011	
13269	1777593600	2026	05	01	1	0.6	0.6	137549	-1111	2.76676	-1111	4.45525	
13300	1780272000	2026	06	01	1	0.6	0.6	137887	-1111	2.76676	-1111	4.47263	
13330	1782864000	2026	07	01	1	0.6	0.6	138220	-1111	2.76676	-1111	4.34226	
13361	1785542400	2026	08	01	1	0.6	0.6	138498	-1111	2.76676	-1111	4.57757	
13392	1788220800	2026	09	01	1	0.6	0.6	138819	-1111	2.76676	-1111	4.74531	
13422	1790812800	2026	10	01	1	0.6	0.6	139099	-1111	2.76676	-1111	4.5605	
13453	1793491200	2026	11	01	1	0.6	0.6	139440	-1111	2.76676	-1111	4.3385	
13483	1796083200	2026	12	01	1	0.6	0.6	139805	-1111	2.76676	-1111	4.30972	
13514	1798761600	2027	01	01	1	0.6	0.6	140162	-1111	2.76676	-1111	4.49388	
13545	1801440000	2027	02	01	1	0.6	0.6	140468	-1111	2.66661	-1111	4.4334	
13573	1803859200	2027	03	01	1	0.6	0.6	140724	-1111	2.66661	-1111	4.43149	
13604	1806537600	2027	04	01	1	0.6	0.6	141057	-1111	2.66661	-1111	4.41107	
13634	1809129600	2027	05	01	1	0.6	0.6	141360	-1111	2.66661	-1111	4.49846	
13665	1811808000	2027	06	01	1	0.6	0.6	141714	-1111	2.66661	-1111	4.61296	
13695	1814400000	2027	07	01	1	0.6	0.6	142061	-1111	2.66661	-1111	4.63111	
13726	1817078400	2027	08	01	1	0.6	0.6	142388	-1111	2.66661	-1111	4.39114	
13757	1819756800	2027	09	01	1	0.6	0.6	142712	-1111	2.66661	-1111	4.459	
13787	1822348800	2027	10	01	1	0.6	0.6	143021	-1111	2.66661	-1111	4.59242	
13818	1825027200	2027	11	01	1	0.6	0.6	143374	-1111	2.66661	-1111	4.56283	
13848	1827619200	2027	12	01	1	0.6	0.6	143750	-1111	2.66661	-1111	4.6091	
13879	1830297600	2028	01	01	1	0.6	0.6	144095	-1111	2.66661	-1111	4.55386	
13910	1832976000	2028	02	01	1	0.6	0.6	144446	-1111	2.65433	-1111	4.6342	
13939	1835481600	2028	03	01	1	0.6	0.6	144776	-1111	2.65433	-1111	4.40396	
13970	1838160000	2028	04	01	1	0.6	0.6	145105	-1111	2.65433	-1111	4.44547	
14000	1840752000	2028	05	01	1	0.6	0.6	145384	-1111	2.65433	-1111	4.27219	
14031	1843430400	2028	06	01	1	0.6	0.6	145706	-1111	2.65433	-1111	4.23695	
14061	1846022400	2028	07	01	1	0.6	0.6	146024	-1111	2.65433	-1111	4.19517	
14092	1848700800	2028	08	01	1	0.6	0.6	146394	-1111	2.65433	-1111	4.07212	
14123	1851379200	2028	09	01	1	0.6	0.6	146740	-1111	2.65433	-1111	4.08185	
14153	1853971200	2028	10	01	1	0.6	0.6	147058	-1111	2.65433	-1111	4.06448	
14184	1856649600	2028	11	01	1	0.6	0.6	147431	-1111	2.65433	-1111	4.2564	
14214	1859241600	2028	12	01	1	0.6	0.6	147764	-1111	2.65433	-1111	4.36155	
14245	1861920000	2029	01	01	1	0.6	0.6	148084	-1111	2.65433	-1111	4.34161	
14276	1864598400	2029	02	01	1	0.6	0.6	148452	-1111	2.58595	-1111	4.53033	
14304	1867017600	2029	03	01	1	0.6	0.6	148769	-1111	2.58595	-1111	4.46337	
14335	1869696000	2029	04	01	1	0.6	0.6	149133	-1111	2.58595	-1111	4.48201	
14365	1872288000	2029	05	01	1	0.6	0.6	149484	-1111	2.58595	-1111	4.37895	
14396	1874966400	2029	06	01	1	0.6	0.6	149867	-1111	2.58595	-1111	4.34441	
14426	1877558400	2029	07	01	1	0.6	0.6	150159	-1111	2.58595	-1111	4.4648	
14457	1880236800	2029	08	01	1	0.6	0.6	150551	-1111	2.58595	-1111	4.53385	
14488	1882915200	2029	09	01	1	0.6	0.6	150929	-1111	2.58595	-1111	4.57406	
14518	1885507200	2029	10	01	1	0.6	0.6	151252	-1111	2.58595	-1111	4.58354	
14549	1888185600	2029	11	01	1	0.6	0.6	151615	-1111	2.58595	-1111	4.41583	
14579	1890777600	2029	12	01	1	0.6	0.6	151964	-1111	2.58595	-1111	4.29836	
14610	1893456000	2030	01	01	1	0.6	0.6	152329	-1111	2.58595	-1111	4.42264	
