0	631152000	1990	01	01	1	0.6	0.5	50000	-1111	0	-1111	4.97689	
31	633830400	1990	02	01	1	0	0	50091	-1111	0	-1111	11.9948	
59	636249600	1990	03	01	1	0	0	50194	-1111	0	-1111	14.9921	
90	638928000	1990	04	01	1	0	0	50305	-1111	0	-1111	14.7613	
120	641520000	1990	05	01	1	0	0	50394	-1111	0	-1111	17.5256	
151	644198400	1990	06	01	1	0	0	50503	-1111	0	-1111	18.6557	
181	646790400	1990	07	01	1	0	0	50592	-1111	0	-1111	19.736	
212	649468800	1990	08	01	1	0	0	50719	-1111	0	-1111	19.9841	
243	652147200	1990	09	01	1	0	0	50801	-1111	0	-1111	19.7911	
273	654739200	1990	10	01	1	0	0	50888	-1111	0	-1111	19.1149	
304	657417600	1990	11	01	1	0	0	50989	-1111	0	-1111	18.5844	
334	660009600	1990	12	01	1	0	0	51082	-1111	0	-1111	18.0125	
365	662688000	1991	01	01	1	0	0	51178	-1111	0	-1111	16.9934	
396	665366400	1991	02	01	1	0	0	51297	-1111	0	-1111	15.5699	
424	667785600	1991	03	01	1	0	0	51384	-1111	0	-1111	14.3585	
455	670464000	1991	04	01	1	0	0	51495	-1111	0	-1111	12.5659	
485	673056000	1991	05	01	1	0	0	51627	-1111	0	-1111	11.6284	
516	675734400	1991	06	01	1	0	0	51744	-1111	0	-1111	10.5558	
546	678326400	1991	07	01	1	0	0	51859	-1111	0	-1111	9.32454	
577	681004800	1991	08	01	1	0	0	51979	-1111	0	-1111	8.61415	
608	683683200	1991	09	01	1	0	0	52088	-1111	0	-1111	7.69001	
638	686275200	1991	10	01	1	0	0	52207	-1111	0	-1111	6.7526	
669	688953600	1991	11	01	1	0	0	52344	-1111	0	-1111	6.2895	
699	691545600	1991	12	01	1	0	0	52456	-1111	0	-1111	5.86415	
730	694224000	1992	01	01	1	0	0	52558	-1111	0	-1111	5.78732	
761	696902400	1992	02	01	1	0	0	52694	-1111	4.98283	-1111	5.50292	
790	699408000	1992	03	01	1	0	0	52839	-1111	4.98283	-1111	5.01136	
821	702086400	1992	04	01	1	0	0	52978	-1111	4.98283	-1111	5.11656	
851	704678400	1992	05	01	1	0	0	53099	-1111	4.98283	-1111	4.99887	
882	707356800	1992	06	01	1	0	0	53238	-1111	4.98283	-1111	5.05499	
912	709948800	1992	07	01	1	0	0	53349	-1111	4.98283	-1111	5.29132	
943	712627200	1992	08	01	1	0	0	53466	-1111	4.98283	-1111	5.58609	
974	715305600	1992	09	01	1	0	0	53583	-1111	4.98283	-1111	5.90581	
1004	717897600	1992	10	01	1	0	0	53692	-1111	4.98283	-1111	6.06083	
1035	720576000	1992	11	01	1	0	0	53833	-1111	4.98283	-1111	6.15477	
1065	723168000	1992	12	01	1	0	0	53955	-1111	4.98283	-1111	6.52109	
1096	725846400	1993	01	01	1	0	0	54070	-1111	4.98283	-1111	6.8221	
1127	728524800	1993	02	01	1	0	0	54198	-1111	2.9704	-1111	7.40935	
1155	730944000	1993	03	01	1	0	0	54339	-1111	2.9704	-1111	7.58801	
1186	733622400	1993	04	01	1	0	0	54459	-1111	2.9704	-1111	7.84799	
1216	736214400	1993	05	01	1	0	0	54591	-1111	2.9704	-1111	8.23353	
1247	738892800	1993	06	01	1	0	0	54717	-1111	2.9704	-1111	8.35139	
1277	741484800	1993	07	01	1	0	0	54819	-1111	2.9704	-1111	8.53303	
1308	744163200	1993	08	01	1	0	0	54941	-1111	2.9704	-1111	8.89849	
1339	746841600	1993	09	01	1	0	0	55045	-1111	2.9704	-1111	9.06718	
1369	749433600	1993	10	01	1	0	0	55152	-1111	2.9704	-1111	9.12069	
1400	752112000	1993	11	01	1	0	0	55264	-1111	2.9704	-1111	9.18398	
1430	754704000	1993	12	01	1	0	0	55383	-1111	2.9704	-1111	9.2756	
1461	757382400	1994	01	01	1	0	0	55507	-1111	2.9704	-1111	9.24127	
1492	760060800	1994	02	01	1	0	0	55639	-1111	4.44616	-1111	8.83442	
1520	762480000	1994	03	01	1	0	0	55749	-1111	4.44616	-1111	8.6934	
1551	765158400	1994	04	01	1	0	0	55863	-1111	4.44616	-1111	8.57143	
1581	767750400	1994	05	01	1	0	0	55971	-1111	4.44616	-1111	8.61878	
1612	770428800	1994	06	01	1	0	0	56096	-1111	4.44616	-1111	8.53802	
1642	773020800	1994	07	01	1	0	0	56236	-1111	4.44616	-1111	8.57395	
1673	775699200	1994	08	01	1	0	0	56360	-1111	4.44616	-1111	8.84689	
1704	778377600	1994	09	01	1	0	0	56464	-1111	4.44616	-1111	8.63526	
1734	780969600	1994	10	01	1	0	0	56600	-1111	4.44616	-1111	8.31926	
1765	783648000	1994	11	01	1	0	0	56719	-1111	4.44616	-1111	7.91072	
1795	786240000	1994	12	01	1	0	0	56864	-1111	4.44616	-1111	7.62588	
1826	788918400	1995	01	01	1	0	0	56997	-1111	4.44616	-1111	7.56401	
1857	791596800	1995	02	01	1	0	0	57101	-1111	4.32784	-1111	7.48319	
1885	794016000	1995	03	01	1	0	0	57202	-1111	4.32784	-1111	7.58802	
1916	796694400	1995	04	01	1	0	0	57347	-1111	4.32784	-1111	7.64248	
1946	799286400	1995	05	01	1	0	0	57454	-1111	4.32784	-1111	7.80502	
1977	801964800	1995	06	01	1	0	0	57606	-1111	4.32784	-1111	7.80979	
2007	804556800	1995	07	01	1	0	0	57747	-1111	4.32784	-1111	7.48496	
2038	807235200	1995	08	01	1	0	0	57878	-1111	4.32784	-1111	7.79146	
2069	809913600	1995	09	01	1	0	0	58031	-1111	4.32784	-1111	7.67506	
2099	812505600	1995	10	01	1	0	0	58148	-1111	4.32784	-1111	7.54499	
2130	815184000	1995	11	01	1	0	0	58285	-1111	4.32784	-1111	7.77008	
2160	817776000	1995	12	01	1	0	0	58412	-1111	4.32784	-1111	7.77449	
2191	820454400	1996	01	01	1	0	0	58599	-1111	4.32784	-1111	8.03719	
2222	823132800	1996	02	01	1	0	0	58724	-1111	3.91547	-1111	8.16047	
2251	825638400	1996	03	01	1	0	0	58834	-1111	3.91547	-1111	7.96084	
2282	828316800	1996	04	01	1	0	0	58963	-1111	3.91547	-1111	7.93297	
2312	830908800	1996	05	01	1	0	0	59082	-1111	3.91547	-1111	7.68457	
2343	833587200	1996	06	01	1	0	0	59240	-1111	3.91547	-1111	7.63874	
2373	836179200	1996	07	01	1	0	0	59357	-1111	3.91547	-1111	7.94027	
2404	838857600	1996	08	01	1	0	0	59528	-1111	3.91547	-1111	8.16766	
2435	841536000	1996	09	01	1	0	0	59659	-1111	3.91547	-1111	8.21013	
2465	844128000	1996	10	01	1	0	0	59798	-1111	3.91547	-1111	8.29754	
2496	846806400	1996	11	01	1	0	0	59941	-1111	3.91547	-1111	8.35716	
2526	849398400	1996	12	01	1	0	0	60097	-1111	3.91547	-1111	8.14915	
2557	852076800	1997	01	01	1	0	0	60237	-1111	3.91547	-1111	8.31616	
2588	854755200	1997	02	01	1	0	0	60411	-1111	4.10847	-1111	8.03438	
2616	857174400	1997	03	01	1	0	0	60547	-1111	4.10847	-1111	8.1873	
2647	859852800	1997	04	01	1	0	0	60682	-1111	4.10847	-1111	8.19939	
2677	862444800	1997	05	01	1	0	0	60832	-1111	4.10847	-1111	8.41539	
2708	865123200	1997	06	01	1	0	0	60946	-1111	4.10847	-1111	8.37337	
2738	867715200	1997	07	01	1	0	0	61055	-1111	4.10847	-1111	8.24408	
2769	870393600	1997	08	01	1	0	0	61194	-1111	4.10847	-1111	8.23074	
2800	873072000	1997	09	01	1	0	0	61350	-1111	4.10847	-1111	8.29713	
2830	875664000	1997	10	01	1	0	0	61472	-1111	4.10847	-1111	8.33217	
2861	878342400	1997	11	01	1	0	0	61610	-1111	4.10847	-1111	8.21401	
2891	880934400	1997	12	01	1	0	0	61730	-1111	4.10847	-1111	8.21927	
2922	883612800	1998	01	01	1	0	0	61893	-1111	4.10847	-1111	7.83208	
2953	886291200	1998	02	01	1	0	0	62031	-1111	4.1592	-1111	7.77407	
2981	888710400	1998	03	01	1	0	0	62183	-1111	4.1592	-1111	7.81716	
3012	891388800	1998	04	01	1	0	0	62320	-1111	4.1592	-1111	7.64604	
3042	893980800	1998	05	01	1	0	0	62460	-1111	4.1592	-1111	7.82567	
3073	896659200	1998	06	01	1	0	0	62628	-1111	4.1592	-1111	7.9105	
3103	899251200	1998	07	01	1	0	0	62778	-1111	4.1592	-1111	8.05111	
3134	901929600	1998	08	01	1	0	0	62891	-1111	4.1592	-1111	8.0268	
3165	904608000	1998	09	01	1	0	0	63021	-1111	4.1592	-1111	8.09686	
3195	907200000	1998	10	01	1	0	0	63145	-1111	4.1592	-1111	7.85155	
3226	909878400	1998	11	01	1	0	0	63286	-1111	4.1592	-1111	8.06725	
3256	912470400	1998	12	01	1	0	0	63417	-1111	4.1592	-1111	7.78783	
3287	915148800	1999	01	01	1	0	0	63558	-1111	4.1592	-1111	7.69283	
3318	917827200	1999	02	01	1	0	0	63703	-1111	4.02458	-1111	7.80612	
3346	920246400	1999	03	01	1	0	0	63845	-1111	4.02458	-1111	7.89439	
3377	922924800	1999	04	01	1	0	0	63972	-1111	4.02458	-1111	7.9107	
3407	925516800	1999	05	01	1	0	0	64117	-1111	4.02458	-1111	7.72093	
3438	928195200	1999	06	01	1	0	0	64261	-1111	4.02458	-1111	7.65299	
3468	930787200	1999	07	01	1	0	0	64422	-1111	4.02458	-1111	7.82638	
3499	933465600	1999	08	01	1	0	0	64572	-1111	4.02458	-1111	8.18578	
3530	936144000	1999	09	01	1	0	0	64727	-1111	4.02458	-1111	8.38331	
3560	938736000	1999	10	01	1	0	0	64847	-1111	4.02458	-1111	8.39147	
3591	941414400	1999	11	01	1	0	0	64981	-1111	4.02458	-1111	8.50282	
3621	944006400	1999	12	01	1	0	0	65113	-1111	4.02458	-1111	8.71361	
3652	946684800	2000	01	01	1	0	0	65275	-1111	4.02458	-1111	8.78396	
3683	949363200	2000	02	01	1	0.6	0.6	65438	-1111	4.00007	-1111	6.77681	
3712	951868800	2000	03	01	1	0.6	0.6	65578	-1111	4.00007	-1111	4.81788	
3743	954547200	2000	04	01	1	0.6	0.6	65741	-1111	4.00007	-1111	4.13635	
3773	957139200	2000	05	01	1	0.6	0.6	65892	-1111	4.00007	-1111	3.34094	
3804	959817600	2000	06	01	1	0.6	0.6	66030	-1111	4.00007	-1111	2.79035	
3834	962409600	2000	07	01	1	0.6	0.6	66179	-1111	4.00007	-1111	2.68347	
3865	965088000	2000	08	01	1	0.6	0.6	66359	-1111	4.00007	-1111	2.52976	
3896	967766400	2000	09	01	1	0.6	0.6	66508	-1111	4.00007	-1111	2.02886	
3926	970358400	2000	10	01	1	0.6	0.6	66665	-1111	4.00007	-1111	1.78998	
3957	973036800	2000	11	01	1	0.6	0.6	66816	-1111	4.00007	-1111	1.53415	
3987	975628800	2000	12	01	1	0.6	0.6	66992	-1111	4.00007	-1111	1.28446	
4018	978307200	2001	01	01	1	0.6	0.6	67145	-1111	4.00007	-1111	1.42574	
4049	980985600	2001	02	01	1	0.6	0.6	67303	-1111	1.8759	-1111	1.59947	
4077	983404800	2001	03	01	1	0.6	0.6	67454	-1111	1.8759	-1111	1.53451	
4108	986083200	2001	04	01	1	0.6	0.6	67604	-1111	1.8759	-1111	1.59562	
4138	988675200	2001	05	01	1	0.6	0.6	67774	-1111	1.8759	-1111	1.46055	
4169	991353600	2001	06	01	1	0.6	0.6	67929	-1111	1.8759	-1111	1.51614	
4199	993945600	2001	07	01	1	0.6	0.6	68090	-1111	1.8759	-1111	1.59958	
4230	996624000	2001	08	01	1	0.6	0.6	68247	-1111	1.8759	-1111	1.69462	
4261	999302400	2001	09	01	1	0.6	0.6	68411	-1111	1.8759	-1111	1.69204	
4291	1001894400	2001	10	01	1	0.6	0.6	68567	-1111	1.8759	-1111	1.67689	
4322	1004572800	2001	11	01	1	0.6	0.6	68734	-1111	1.8759	-1111	1.79571	
4352	1007164800	2001	12	01	1	0.6	0.6	68908	-1111	1.8759	-1111	1.97311	
4383	1009843200	2002	01	01	1	0.6	0.6	69064	-1111	1.8759	-1111	1.9775	
4414	1012521600	2002	02	01	1	0.6	0.6	69225	-1111	1.1208	-1111	2.05404	
4442	1014940800	2002	03	01	1	0.6	0.6	69395	-1111	1.1208	-1111	2.3096	
4473	1017619200	2002	04	01	1	0.6	0.6	69564	-1111	1.1208	-1111	2.23104	
4503	1020211200	2002	05	01	1	0.6	0.6	69735	-1111	1.1208	-1111	2.40051	
4534	1022889600	2002	06	01	1	0.6	0.6	69913	-1111	1.1208	-1111	2.41371	
4564	1025481600	2002	07	01	1	0.6	0.6	70088	-1111	1.1208	-1111	2.41839	
4595	1028160000	2002	08	01	1	0.6	0.6	70268	-1111	1.1208	-1111	2.5	
4626	1030838400	2002	09	01	1	0.6	0.6	70435	-1111	1.1208	-1111	2.65149	
4656	1033430400	2002	10	01	1	0.6	0.6	70615	-1111	1.1208	-1111	2.61531	
4687	1036108800	2002	11	01	1	0.6	0.6	70797	-1111	1.1208	-1111	2.72583	
4717	1038700800	2002	12	01	1	0.6	0.6	70966	-1111	1.1208	-1111	2.81086	
4748	1041379200	2003	01	01	1	0.6	0.6	71096	-1111	1.1208	-1111	2.71898	
4779	1044057600	2003	02	01	1	0.6	0.6	71307	-1111	1.69901	-1111	2.83035	
4807	1046476800	2003	03	01	1	0.6	0.6	71467	-1111	1.69901	-1111	3.12745	
4838	1049155200	2003	04	01	1	0.6	0.6	71609	-1111	1.69901	-1111	2.96027	
4868	1051747200	2003	05	01	1	0.6	0.6	71765	-1111	1.69901	-1111	2.98124	
4899	1054425600	2003	06	01	1	0.6	0.6	71959	-1111	1.69901	-1111	3.26481	
4929	1057017600	2003	07	01	1	0.6	0.6	72119	-1111	1.69901	-1111	3.15743	
4960	1059696000	2003	08	01	1	0.6	0.6	72274	-1111	1.69901	-1111	3.20974	
4991	1062374400	2003	09	01	1	0.6	0.6	72431	-1111	1.69901	-1111	3.17206	
5021	1064966400	2003	10	01	1	0.6	0.6	72624	-1111	1.69901	-1111	3.45454	
5052	1067644800	2003	11	01	1	0.6	0.6	72801	-1111	1.69901	-1111	3.48467	
5082	1070236800	2003	12	01	1	0.6	0.6	72962	-1111	1.69901	-1111	3.29009	
5113	1072915200	2004	01	01	1	0.6	0.6	73142	-1111	1.69901	-1111	3.50944	
5144	1075593600	2004	02	01	1	0.6	0.6	73324	-1111	2.15805	-1111	3.551	
5173	1078099200	2004	03	01	1	0.6	0.6	73500	-1111	2.15805	-1111	3.50114	
5204	1080777600	2004	04	01	1	0.6	0.6	73689	-1111	2.15805	-1111	3.63439	
5234	1083369600	2004	05	01	1	0.6	0.6	73841	-1111	2.15805	-1111	3.54476	
5265	1086048000	2004	06	01	1	0.6	0.6	74016	-1111	2.15805	-1111	3.40008	
5295	1088640000	2004	07	01	1	0.6	0.6	74184	-1111	2.15805	-1111	3.42661	
5326	1091318400	2004	08	01	1	0.6	0.6	74388	-1111	2.15805	-1111	3.39863	
5357	1093996800	2004	09	01	1	0.6	0.6	74572	-1111	2.15805	-1111	3.4229	
5387	1096588800	2004	10	01	1	0.6	0.6	74734	-1111	2.15805	-1111	3.61772	
5418	1099267200	2004	11	01	1	0.6	0.6	74901	-1111	2.15805	-1111	3.57558	
5448	1101859200	2004	12	01	1	0.6	0.6	75088	-1111	2.15805	-1111	3.58442	
5479	1104537600	2005	01	01	1	0.6	0.6	75262	-1111	2.15805	-1111	3.53815	
5510	1107216000	2005	02	01	1	0.6	0.6	75442	-1111	2.34201	-1111	3.45388	
5538	1109635200	2005	03	01	1	0.6	0.6	75586	-1111	2.34201	-1111	3.3403	
5569	1112313600	2005	04	01	1	0.6	0.6	75771	-1111	2.34201	-1111	3.32463	
5599	1114905600	2005	05	01	1	0.6	0.6	75958	-1111	2.34201	-1111	3.32986	
5630	1117584000	2005	06	01	1	0.6	0.6	76129	-1111	2.34201	-1111	3.37922	
5660	1120176000	2005	07	01	1	0.6	0.6	76276	-1111	2.34201	-1111	3.15648	
5691	1122854400	2005	08	01	1	0.6	0.6	76448	-1111	2.34201	-1111	2.93633	
5722	1125532800	2005	09	01	1	0.6	0.6	76631	-1111	2.34201	-1111	2.80187	
5752	1128124800	2005	10	01	1	0.6	0.6	76832	-1111	2.34201	-1111	2.78887	
5783	1130803200	2005	11	01	1	0.6	0.6	77018	-1111	2.34201	-1111	2.76956	
5813	1133395200	2005	12	01	1	0.6	0.6	77152	-1111	2.34201	-1111	2.76206	
5844	1136073600	2006	01	01	1	0.6	0.6	77359	-1111	2.34201	-1111	2.73255	
5875	1138752000	2006	02	01	1	0.6	0.6	77561	-1111	2.02552	-1111	2.62383	
5903	1141171200	2006	03	01	1	0.6	0.6	77718	-1111	2.02552	-1111	2.3966	
5934	1143849600	2006	04	01	1	0.6	0.6	77905	-1111	2.02552	-1111	2.40976	
5964	1146441600	2006	05	01	1	0.6	0.6	78072	-1111	2.02552	-1111	2.45704	
5995	1149120000	2006	06	01	1	0.6	0.6	78244	-1111	2.02552	-1111	2.54867	
6025	1151712000	2006	07	01	1	0.6	0.6	78413	-1111	2.02552	-1111	2.46345	
6056	1154390400	2006	08	01	1	0.6	0.6	78616	-1111	2.02552	-1111	2.64997	
6087	1157068800	2006	09	01	1	0.6	0.6	78799	-1111	2.02552	-1111	2.68199	
6117	1159660800	2006	10	01	1	0.6	0.6	78944	-1111	2.02552	-1111	2.66097	
6148	1162339200	2006	11	01	1	0.6	0.6	79125	-1111	2.02552	-1111	2.64461	
6178	1164931200	2006	12	01	1	0.6	0.6	79293	-1111	2.02552	-1111	2.66055	
6209	1167609600	2007	01	01	1	0.6	0.6	79474	-1111	2.02552	-1111	2.63015	
6240	1170288000	2007	02	01	1	0.6	0.6	79683	-1111	1.69984	-1111	2.72105	
6268	1172707200	2007	03	01	1	0.6	0.6	79863	-1111	1.69984	-1111	2.7104	
6299	1175385600	2007	04	01	1	0.6	0.6	80073	-1111	1.69984	-1111	2.46781	
6329	1177977600	2007	05	01	1	0.6	0.6	80238	-1111	1.69984	-1111	2.44878	
6360	1180656000	2007	06	01	1	0.6	0.6	80451	-1111	1.69984	-1111	2.73706	
6390	1183248000	2007	07	01	1	0.6	0.6	80627	-1111	1.69984	-1111	2.87284	
6421	1185926400	2007	08	01	1	0.6	0.6	80821	-1111	1.69984	-1111	2.77265	
6452	1188604800	2007	09	01	1	0.6	0.6	81005	-1111	1.69984	-1111	2.88094	
6482	1191196800	2007	10	01	1	0.6	0.6	81195	-1111	1.69984	-1111	2.91365	
6513	1193875200	2007	11	01	1	0.6	0.6	81365	-1111	1.69984	-1111	3.0357	
6543	1196467200	2007	12	01	1	0.6	0.6	81544	-1111	1.69984	-1111	3.29824	
6574	1199145600	2008	01	01	1	0.6	0.6	81725	-1111	1.69984	-1111	3.22983	
6605	1201824000	2008	02	01	1	0.6	0.6	81921	-1111	1.88525	-1111	3.2812	
6634	1204329600	2008	03	01	1	0.6	0.6	82118	-1111	1.88525	-1111	3.52947	
6665	1207008000	2008	04	01	1	0.6	0.6	82299	-1111	1.88525	-1111	3.4184	
6695	1209600000	2008	05	01	1	0.6	0.6	82475	-1111	1.88525	-1111	3.61761	
6726	1212278400	2008	06	01	1	0.6	0.6	82664	-1111	1.88525	-1111	3.84124	
6756	1214870400	2008	07	01	1	0.6	0.6	82829	-1111	1.88525	-1111	3.92009	
6787	1217548800	2008	08	01	1	0.6	0.6	83033	-1111	1.88525	-1111	4.00942	
6818	1220227200	2008	09	01	1	0.6	0.6	83246	-1111	1.88525	-1111	3.97367	
6848	1222819200	2008	10	01	1	0.6	0.6	83455	-1111	1.88525	-1111	3.85049	
6879	1225497600	2008	11	01	1	0.6	0.6	83642	-1111	1.88525	-1111	3.98052	
6909	1228089600	2008	12	01	1	0.6	0.6	83874	-1111	1.88525	-1111	3.98038	
6940	1230768000	2009	01	01	1	0.6	0.6	84075	-1111	1.88525	-1111	3.79989	
6971	1233446400	2009	02	01	1	0.6	0.6	84293	-1111	2.39352	-1111	3.99107	
6999	1235865600	2009	03	01	1	0.6	0.6	84455	-1111	2.39352	-1111	4.02769	
7030	1238544000	2009	04	01	1	0.6	0.6	84642	-1111	2.39352	-1111	4.24902	
7060	1241136000	2009	05	01	1	0.6	0.6	84828	-1111	2.39352	-1111	4.4085	
7091	1243814400	2009	06	01	1	0.6	0.6	85028	-1111	2.39352	-1111	4.44055	
7121	1246406400	2009	07	01	1	0.6	0.6	85225	-1111	2.39352	-1111	4.29795	
7152	1249084800	2009	08	01	1	0.6	0.6	85438	-1111	2.39352	-1111	4.49933	
7183	1251763200	2009	09	01	1	0.6	0.6	85650	-1111	2.39352	-1111	4.62602	
7213	1254355200	2009	10	01	1	0.6	0.6	85833	-1111	2.39352	-1111	4.60085	
7244	1257033600	2009	11	01	1	0.6	0.6	86049	-1111	2.39352	-1111	4.5612	
7274	1259625600	2009	12	01	1	0.6	0.6	86278	-1111	2.39352	-1111	4.58678	
7305	1262304000	2010	01	01	1	0.6	0.6	86483	-1111	2.39352	-1111	4.6999	
7336	1264982400	2010	02	01	1	0.6	0.6	86675	-1111	2.68715	-1111	4.42734	
7364	1267401600	2010	03	01	1	0.6	0.6	86860	-1111	2.68715	-1111	4.47006	
7395	1270080000	2010	04	01	1	0.6	0.6	87041	-1111	2.68715	-1111	4.10959	
7425	1272672000	2010	05	01	1	0.6	0.6	87272	-1111	2.68715	-1111	4.08944	
7456	1275350400	2010	06	01	1	0.6	0.6	87521	-1111	2.68715	-1111	4.18557	
7486	1277942400	2010	07	01	1	0.6	0.6	87727	-1111	2.68715	-1111	3.99587	
7517	1280620800	2010	08	01	1	0.6	0.6	87888	-1111	2.68715	-1111	3.90646	
7548	1283299200	2010	09	01	1	0.6	0.6	88155	-1111	2.68715	-1111	3.79232	
7578	1285891200	2010	10	01	1	0.6	0.6	88340	-1111	2.68715	-1111	3.64908	
7609	1288569600	2010	11	01	1	0.6	0.6	88521	-1111	2.68715	-1111	3.50776	
7639	1291161600	2010	12	01	1	0.6	0.6	88733	-1111	2.68715	-1111	3.44171	
7670	1293840000	2011	01	01	1	0.6	0.6	88968	-1111	2.68715	-1111	3.57143	
7701	1296518400	2011	02	01	1	0.6	0.6	89175	-1111	2.45587	-1111	3.5571	
7729	1298937600	2011	03	01	1	0.6	0.6	89379	-1111	2.45587	-1111	3.66234	
7760	1301616000	2011	04	01	1	0.6	0.6	89627	-1111	2.45587	-1111	3.47689	
7790	1304208000	2011	05	01	1	0.6	0.6	89860	-1111	2.45587	-1111	3.36823	
7821	1306886400	2011	06	01	1	0.6	0.6	90060	-1111	2.45587	-1111	3.37074	
7851	1309478400	2011	07	01	1	0.6	0.6	90263	-1111	2.45587	-1111	3.27034	
7882	1312156800	2011	08	01	1	0.6	0.6	90434	-1111	2.45587	-1111	3.39432	
7913	1314835200	2011	09	01	1	0.6	0.6	90642	-1111	2.45587	-1111	3.47054	
7943	1317427200	2011	10	01	1	0.6	0.6	90858	-1111	2.45587	-1111	3.55027	
7974	1320105600	2011	11	01	1	0.6	0.6	91092	-1111	2.45587	-1111	3.60485	
8004	1322697600	2011	12	01	1	0.6	0.6	91312	-1111	2.45587	-1111	3.53655	
8035	1325376000	2012	01	01	1	0.6	0.6	91539	-1111	2.45587	-1111	3.53941	
8066	1328054400	2012	02	01	1	0.6	0.6	91774	-1111	2.19826	-1111	3.38156	
8095	1330560000	2012	03	01	1	0.6	0.6	91973	-1111	2.19826	-1111	3.49588	
8126	1333238400	2012	04	01	1	0.6	0.6	92196	-1111	2.19826	-1111	3.73118	
8156	1335830400	2012	05	01	1	0.6	0.6	92425	-1111	2.19826	-1111	3.65143	
8187	1338508800	2012	06	01	1	0.6	0.6	92642	-1111	2.19826	-1111	3.57566	
8217	1341100800	2012	07	01	1	0.6	0.6	92825	-1111	2.19826	-1111	3.79725	
8248	1343779200	2012	08	01	1	0.6	0.6	93051	-1111	2.19826	-1111	3.81647	
8279	1346457600	2012	09	01	1	0.6	0.6	93295	-1111	2.19826	-1111	3.96992	
8309	1349049600	2012	10	01	1	0.6	0.6	93503	-1111	2.19826	-1111	3.90596	
8340	1351728000	2012	11	01	1	0.6	0.6	93743	-1111	2.19826	-1111	3.97858	
8370	1354320000	2012	12	01	1	0.6	0.6	93992	-1111	2.19826	-1111	3.93901	
8401	1356998400	2013	01	01	1	0.6	0.6	94214	-1111	2.19826	-1111	4.15297	
8432	1359676800	2013	02	01	1	0.6	0.6	94431	-1111	2.34939	-1111	4.11806	
8460	1362096000	2013	03	01	1	0.6	0.6	94637	-1111	2.34939	-1111	4.09432	
8491	1364774400	2013	04	01	1	0.6	0.6	94831	-1111	2.34939	-1111	4.09369	
8521	1367366400	2013	05	01	1	0.6	0.6	95045	-1111	2.34939	-1111	4.0638	
8552	1370044800	2013	06	01	1	0.6	0.6	95246	-1111	2.34939	-1111	3.88953	
8582	1372636800	2013	07	01	1	0.6	0.6	95441	-1111	2.34939	-1111	3.87979	
8613	1375315200	2013	08	01	1	0.6	0.6	95649	-1111	2.34939	-1111	3.84489	
8644	1377993600	2013	09	01	1	0.6	0.6	95875	-1111	2.34939	-1111	3.85639	
8674	1380585600	2013	10	01	1	0.6	0.6	96078	-1111	2.34939	-1111	3.79131	
8705	1383264000	2013	11	01	1	0.6	0.6	96305	-1111	2.34939	-1111	3.95959	
8735	1385856000	2013	12	01	1	0.6	0.6	96526	-1111	2.34939	-1111	3.86022	
8766	1388534400	2014	01	01	1	0.6	0.6	96770	-1111	2.34939	-1111	3.78054	
8797	1391212800	2014	02	01	1	0.6	0.6	97013	-1111	2.4282	-1111	3.64615	
8825	1393632000	2014	03	01	1	0.6	0.6	97239	-1111	2.4282	-1111	3.69248	
8856	1396310400	2014	04	01	1	0.6	0.6	97452	-1111	2.4282	-1111	3.74517	
8886	1398902400	2014	05	01	1	0.6	0.6	97679	-1111	2.4282	-1111	3.79721	
8917	1401580800	2014	06	01	1	0.6	0.6	97897	-1111	2.4282	-1111	3.80067	
8947	1404172800	2014	07	01	1	0.6	0.6	98160	-1111	2.4282	-1111	3.78657	
8978	1406851200	2014	08	01	1	0.6	0.6	98422	-1111	2.4282	-1111	3.94952	
9009	1409529600	2014	09	01	1	0.6	0.6	98667	-1111	2.4282	-1111	4.02962	
9039	1412121600	2014	10	01	1	0.6	0.6	98886	-1111	2.4282	-1111	4.06614	
9070	1414800000	2014	11	01	1	0.6	0.6	99102	-1111	2.4282	-1111	4.23786	
9100	1417392000	2014	12	01	1	0.6	0.6	99321	-1111	2.4282	-1111	4.0959	
9131	1420070400	2015	01	01	1	0.6	0.6	99536	-1111	2.4282	-1111	3.96769	
9162	1422748800	2015	02	01	1	0.6	0.6	99776	-1111	2.35325	-1111	3.97171	
9190	1425168000	2015	03	01	1	0.6	0.6	100000	-1111	2.35325	-1111	3.76833	
9221	1427846400	2015	04	01	1	0.6	0.6	100235	-1111	2.35325	-1111	3.64626	
9251	1430438400	2015	05	01	1	0.6	0.6	100488	-1111	2.35325	-1111	3.56389	
9282	1433116800	2015	06	01	1	0.6	0.6	100704	-1111	2.35325	-1111	3.6985	
9312	1435708800	2015	07	01	1	0.6	0.6	100940	-1111	2.35325	-1111	3.67659	
9343	1438387200	2015	08	01	1	0.6	0.6	101153	-1111	2.35325	-1111	3.73337	
9374	1441065600	2015	09	01	1	0.6	0.6	101415	-1111	2.35325	-1111	3.69968	
9404	1443657600	2015	10	01	1	0.6	0.6	101619	-1111	2.35325	-1111	3.65348	
9435	1446336000	2015	11	01	1	0.6	0.6	101878	-1111	2.35325	-1111	3.61674	
9465	1448928000	2015	12	01	1	0.6	0.6	102138	-1111	2.35325	-1111	3.36332	
9496	1451606400	2016	01	01	1	0.6	0.6	102370	-1111	2.35325	-1111	3.34731	
9527	1454284800	2016	02	01	1	0.6	0.6	102596	-1111	2.30802	-1111	3.45211	
9556	1456790400	2016	03	01	1	0.6	0.6	102827	-1111	2.30802	-1111	3.54781	
9587	1459468800	2016	04	01	1	0.6	0.6	103068	-1111	2.30802	-1111	3.64565	
9617	1462060800	2016	05	01	1	0.6	0.6	103283	-1111	2.30802	-1111	3.69228	
9648	1464739200	2016	06	01	1	0.6	0.6	103497	-1111	2.30802	-1111	3.75546	
9678	1467331200	2016	07	01	1	0.6	0.6	103748	-1111	2.30802	-1111	4.04144	
9709	1470009600	2016	08	01	1	0.6	0.6	103981	-1111	2.30802	-1111	3.98267	
9740	1472688000	2016	09	01	1	0.6	0.6	104230	-1111	2.30802	-1111	4.07219	
9770	1475280000	2016	10	01	1	0.6	0.6	104430	-1111	2.30802	-1111	3.80065	
9801	1477958400	2016	11	01	1	0.6	0.6	104658	-1111	2.30802	-1111	3.73008	
9831	1480550400	2016	12	01	1	0.6	0.6	104890	-1111	2.30802	-1111	3.70495	
9862	1483228800	2017	01	01	1	0.6	0.6	105151	-1111	2.30802	-1111	3.83739	
9893	1485907200	2017	02	01	1	0.6	0.6	105361	-1111	2.39241	-1111	3.779	
9921	1488326400	2017	03	01	1	0.6	0.6	105569	-1111	2.39241	-1111	3.79078	
9952	1491004800	2017	04	01	1	0.6	0.6	105823	-1111	2.39241	-1111	3.89822	
9982	1493596800	2017	05	01	1	0.6	0.6	106054	-1111	2.39241	-1111	3.6833	
10013	1496275200	2017	06	01	1	0.6	0.6	106280	-1111	2.39241	-1111	3.74815	
10043	1498867200	2017	07	01	1	0.6	0.6	106525	-1111	2.39241	-1111	3.64393	
10074	1501545600	2017	08	01	1	0.6	0.6	106768	-1111	2.39241	-1111	3.80963	
10105	1504224000	2017	09	01	1	0.6	0.6	107055	-1111	2.39241	-1111	3.91826	
10135	1506816000	2017	10	01	1	0.6	0.6	107312	-1111	2.39241	-1111	3.93456	
10166	1509494400	2017	11	01	1	0.6	0.6	107570	-1111	2.39241	-1111	3.83142	
10196	1512086400	2017	12	01	1	0.6	0.6	107827	-1111	2.39241	-1111	3.69173	
10227	1514764800	2018	01	01	1	0.6	0.6	108068	-1111	2.39241	-1111	3.71646	
10258	1517443200	2018	02	01	1	0.6	0.6	108371	-1111	2.35792	-1111	3.84309	
10286	1519862400	2018	03	01	1	0.6	0.6	108574	-1111	2.35792	-1111	3.77843	
10317	1522540800	2018	04	01	1	0.6	0.6	108797	-1111	2.35792	-1111	3.8177	
10347	1525132800	2018	05	01	1	0.6	0.6	109016	-1111	2.35792	-1111	3.77073	
10378	1527811200	2018	06	01	1	0.6	0.6	109281	-1111	2.35792	-1111	3.73922	
10408	1530403200	2018	07	01	1	0.6	0.6	109539	-1111	2.35792	-1111	3.79779	
10439	1533081600	2018	08	01	1	0.6	0.6	109779	-1111	2.35792	-1111	3.79072	
10470	1535760000	2018	09	01	1	0.6	0.6	110041	-1111	2.35792	-1111	3.8064	
10500	1538352000	2018	10	01	1	0.6	0.6	110321	-1111	2.35792	-1111	3.88094	
10531	1541030400	2018	11	01	1	0.6	0.6	110597	-1111	2.35792	-1111	3.87553	
10561	1543622400	2018	12	01	1	0.6	0.6	110844	-1111	2.35792	-1111	3.83458	
10592	1546300800	2019	01	01	1	0.6	0.6	111119	-1111	2.35792	-1111	3.92828	
10623	1548979200	2019	02	01	1	0.6	0.6	111373	-1111	2.36945	-1111	4.09775	
10651	1551398400	2019	03	01	1	0.6	0.6	111583	-1111	2.36945	-1111	4.20919	
10682	1554076800	2019	04	01	1	0.6	0.6	111854	-1111	2.36945	-1111	4.45576	
10712	1556668800	2019	05	01	1	0.6	0.6	112123	-1111	2.36945	-1111	4.39972	
10743	1559347200	2019	06	01	1	0.6	0.6	112405	-1111	2.36945	-1111	4.16754	
10773	1561939200	2019	07	01	1	0.6	0.6	112675	-1111	2.36945	-1111	4.14156	
10804	1564617600	2019	08	01	1	0.6	0.6	112926	-1111	2.36945	-1111	4.20186	
10835	1567296000	2019	09	01	1	0.6	0.6	113206	-1111	2.36945	-1111	4.31184	
10865	1569888000	2019	10	01	1	0.6	0.6	113441	-1111	2.36945	-1111	4.49881	
10896	1572566400	2019	11	01	1	0.6	0.6	113695	-1111	2.36945	-1111	4.33914	
10926	1575158400	2019	12	01	1	0.6	0.6	113950	-1111	2.36945	-1111	4.25956	
10957	1577836800	2020	01	01	1	0.6	0.6	114236	-1111	2.36945	-1111	4.15795	
10988	1580515200	2020	02	01	1	0.6	0.6	114501	-1111	2.63153	-1111	4.53116	
11017	1583020800	2020	03	01	1	0.6	0.6	114694	-1111	2.63153	-1111	4.87921	
11048	1585699200	2020	04	01	1	0.6	0.6	114957	-1111	2.63153	-1111	5.1392	
11078	1588291200	2020	05	01	1	0.6	0.6	115228	-1111	2.63153	-1111	5.54102	
11109	1590969600	2020	06	01	1	0.6	0.6	115479	-1111	2.63153	-1111	5.64989	
11139	1593561600	2020	07	01	1	0.6	0.6	115718	-1111	2.63153	-1111	5.64851	
11170	1596240000	2020	08	01	1	0.6	0.6	116005	-1111	2.63153	-1111	5.88493	
11201	1598918400	2020	09	01	1	0.6	0.6	116274	-1111	2.63153	-1111	6.08947	
11231	1601510400	2020	10	01	1	0.6	0.6	116567	-1111	2.63153	-1111	6.07017	
11262	1604188800	2020	11	01	1	0.6	0.6	116865	-1111	2.63153	-1111	6.03806	
11292	1606780800	2020	12	01	1	0.6	0.6	117075	-1111	2.63153	-1111	6.29621	
11323	1609459200	2021	01	01	1	0.6	0.6	117345	-1111	2.63153	-1111	6.45549	
11354	1612137600	2021	02	01	1	0.6	0.6	117604	-1111	3.25869	-1111	6.5012	
11382	1614556800	2021	03	01	1	0.6	0.6	117847	-1111	3.25869	-1111	6.6195	
11413	1617235200	2021	04	01	1	0.6	0.6	118137	-1111	3.25869	-1111	6.46144	
11443	1619827200	2021	05	01	1	0.6	0.6	118435	-1111	3.25869	-1111	6.26466	
11474	1622505600	2021	06	01	1	0.6	0.6	118675	-1111	3.25869	-1111	6.20631	
11504	1625097600	2021	07	01	1	0.6	0.6	118962	-1111	3.25869	-1111	6.03998	
11535	1627776000	2021	08	01	1	0.6	0.6	119249	-1111	3.25869	-1111	6.1262	
11566	1630454400	2021	09	01	1	0.6	0.6	119541	-1111	3.25869	-1111	6.1014	
11596	1633046400	2021	10	01	1	0.6	0.6	119825	-1111	3.25869	-1111	6.09341	
11627	1635724800	2021	11	01	1	0.6	0.6	120116	-1111	3.25869	-1111	6.0342	
11657	1638316800	2021	12	01	1	0.6	0.6	120397	-1111	3.25869	-1111	5.64514	
11688	1640995200	2022	01	01	1	0.6	0.6	120676	-1111	3.25869	-1111	5.76686	
11719	1643673600	2022	02	01	1	0.6	0.6	120990	-1111	3.35509	-1111	5.646	
11747	1646092800	2022	03	01	1	0.6	0.6	121224	-1111	3.35509	-1111	5.45596	
11778	1648771200	2022	04	01	1	0.6	0.6	121524	-1111	3.35509	-1111	5.35327	
11808	1651363200	2022	05	01	1	0.6	0.6	121797	-1111	3.35509	-1111	5.43721	
11839	1654041600	2022	06	01	1	0.6	0.6	122081	-1111	3.35509	-1111	5.46915	
11869	1656633600	2022	07	01	1	0.6	0.6	122335	-1111	3.35509	-1111	5.46943	
11900	1659312000	2022	08	01	1	0.6	0.6	122665	-1111	3.35509	-1111	5.54199	
11931	1661990400	2022	09	01	1	0.6	0.6	122937	-1111	3.35509	-1111	5.48094	
11961	1664582400	2022	10	01	1	0.6	0.6	123212	-1111	3.35509	-1111	5.59338	
11992	1667260800	2022	11	01	1	0.6	0.6	123498	-1111	3.35509	-1111	5.43936	
12022	1669852800	2022	12	01	1	0.6	0.6	123765	-1111	3.35509	-1111	5.37371	
12053	1672531200	2023	01	01	1	0.6	0.6	124077	-1111	3.35509	-1111	5.34096	
12084	1675209600	2023	02	01	1	0.6	0.6	124353	-1111	2.98834	-1111	5.25431	
12112	1677628800	2023	03	01	1	0.6	0.6	124607	-1111	2.98834	-1111	5.24033	
12143	1680307200	2023	04	01	1	0.6	0.6	124917	-1111	2.98834	-1111	5.34096	
12173	1682899200	2023	05	01	1	0.6	0.6	125196	-1111	2.98834	-1111	5.24524	
12204	1685577600	2023	06	01	1	0.6	0.6	125495	-1111	2.98834	-1111	5.37519	
12234	1688169600	2023	07	01	1	0.6	0.6	125776	-1111	2.98834	-1111	5.23674	
12265	1690848000	2023	08	01	1	0.6	0.6	126113	-1111	2.98834	-1111	5.24504	
12296	1693526400	2023	09	01	1	0.6	0.6	126406	-1111	2.98834	-1111	5.15013	
12326	1696118400	2023	10	01	1	0.6	0.6	126726	-1111	2.98834	-1111	5.30067	
12357	1698796800	2023	11	01	1	0.6	0.6	127026	-1111	2.98834	-1111	5.42975	
12387	1701388800	2023	12	01	1	0.6	0.6	127306	-1111	2.98834	-1111	5.68044	
12418	1704067200	2024	01	01	1	0.6	0.6	127589	-1111	2.98834	-1111	5.34405	
12449	1706745600	2024	02	01	1	0.6	0.6	127891	-1111	2.88429	-1111	5.39541	
12478	1709251200	2024	03	01	1	0.6	0.6	128142	-1111	2.88429	-1111	5.23415	
12509	1711929600	2024	04	01	1	0.6	0.6	128430	-1111	2.88429	-1111	5.39437	
12539	1714521600	2024	05	01	1	0.6	0.6	128734	-1111	2.88429	-1111	5.4492	
12570	1717200000	2024	06	01	1	0.6	0.6	129042	-1111	2.88429	-1111	5.46076	
12600	1719792000	2024	07	01	1	0.6	0.6	129314	-1111	2.88429	-1111	5.44038	
12631	1722470400	2024	08	01	1	0.6	0.6	129634	-1111	2.88429	-1111	5.39868	
12662	1725148800	2024	09	01	1	0.6	0.6	129942	-1111	2.88429	-1111	5.30108	
12692	1727740800	2024	10	01	1	0.6	0.6	130241	-1111	2.88429	-1111	5.49079	
12723	1730419200	2024	11	01	1	0.6	0.6	130539	-1111	2.88429	-1111	5.54267	
12753	1733011200	2024	12	01	1	0.6	0.6	130855	-1111	2.88429	-1111	5.6479	
12784	1735689600	2025	01	01	1	0.6	0.6	131172	-1111	2.88429	-1111	5.51809	
12815	1738368000	2025	02	01	1	0.6	0.6	131477	-1111	3.02185	-1111	4.72528	
12843	1740787200	2025	03	01	1	0.6	0.6	131734	-1111	3.02185	-1111	4.25189	
12874	1743465600	2025	04	01	1	0.6	0.6	132040	-1111	3.02185	-1111	3.98083	
12904	1746057600	2025	05	01	1	0.6	0.6	132319	-1111	3.02185	-1111	3.8289	
12935	1748736000	2025	06	01	1	0.6	0.6	132602	-1111	3.02185	-1111	3.47646	
12965	1751328000	2025	07	01	1	0.6	0.6	132917	-1111	3.02185	-1111	3.16761	
12996	1754006400	2025	08	01	1	0.6	0.6	133211	-1111	3.02185	-1111	3.0422	
13027	1756684800	2025	09	01	1	0.6	0.6	133492	-1111	3.02185	-1111	2.9552	
13057	1759276800	2025	10	01	1	0.6	0.6	133785	-1111	3.02185	-1111	3.02256	
13088	1761955200	2025	11	01	1	0.6	0.6	134118	-1111	3.02185	-1111	2.86777	
13118	1764547200	2025	12	01	1	0.6	0.6	134419	-1111	3.02185	-1111	2.82732	
13149	1767225600	2026	01	01	1	0.6	0.6	134764	-1111	3.02185	-1111	2.7666	
13180	1769904000	2026	02	01	1	0.6	0.6	135102	-1111	2.05068	-1111	2.79256	
13208	1772323200	2026	03	01	1	0.6	0.6	135385	-1111	2.05068	-1111	3.0333	
13239	1775001600	2026	04	01	1	0.6	0.6	135738	-1111	2.05068	-1111	3.13931	
13269	1777593600	2026	05	01	1	0.6	0.6	136032	-1111	2.05068	-1111	3.26483	
13300	1780272000	2026	06	01	1	0.6	0.6	136389	-1111	2.05068	-1111	3.20942	
13330	1782864000	2026	07	01	1	0.6	0.6	136670	-1111	2.05068	-1111	3.2024	
13361	1785542400	2026	08	01	1	0.6	0.6	136993	-1111	2.05068	-1111	3.30024	
13392	1788220800	2026	09	01	1	0.6	0.6	137334	-1111	2.05068	-1111	3.34183	
13422	1790812800	2026	10	01	1	0.6	0.6	137655	-1111	2.05068	-1111	3.32381	
13453	1793491200	2026	11	01	1	0.6	0.6	137963	-1111	2.05068	-1111	3.51412	
13483	1796083200	2026	12	01	1	0.6	0.6	138310	-1111	2.05068	-1111	3.4267	
13514	1798761600	2027	01	01	1	0.6	0.6	138670	-1111	2.05068	-1111	3.55117	
13545	1801440000	2027	02	01	1	0.6	0.6	139019	-1111	2.00271	-1111	3.52772	
13573	1803859200	2027	03	01	1	0.6	0.6	139309	-1111	2.00271	-1111	3.61201	
13604	1806537600	2027	04	01	1	0.6	0.6	139618	-1111	2.00271	-1111	3.52057	
13634	1809129600	2027	05	01	1	0.6	0.6	139866	-1111	2.00271	-1111	3.57865	
13665	1811808000	2027	06	01	1	0.6	0.6	140197	-1111	2.00271	-1111	3.59704	
13695	1814400000	2027	07	01	1	0.6	0.6	140513	-1111	2.00271	-1111	3.71136	
13726	1817078400	2027	08	01	1	0.6	0.6	140814	-1111	2.00271	-1111	3.70112	
13757	1819756800	2027	09	01	1	0.6	0.6	141134	-1111	2.00271	-1111	3.81896	
13787	1822348800	2027	10	01	1	0.6	0.6	141438	-1111	2.00271	-1111	3.92266	
13818	1825027200	2027	11	01	1	0.6	0.6	141821	-1111	2.00271	-1111	4.02002	
13848	1827619200	2027	12	01	1	0.6	0.6	142165	-1111	2.00271	-1111	3.94094	
13879	1830297600	2028	01	01	1	0.6	0.6	142480	-1111	2.00271	-1111	4.05041	
13910	1832976000	2028	02	01	1	0.6	0.6	142836	-1111	2.33821	-1111	4.1469	
13939	1835481600	2028	03	01	1	0.6	0.6	143203	-1111	2.33821	-1111	4.37055	
13970	1838160000	2028	04	01	1	0.6	0.6	143517	-1111	2.33821	-1111	4.34272	
14000	1840752000	2028	05	01	1	0.6	0.6	143875	-1111	2.33821	-1111	4.36429	
14031	1843430400	2028	06	01	1	0.6	0.6	144187	-1111	2.33821	-1111	4.33662	
14061	1846022400	2028	07	01	1	0.6	0.6	144449	-1111	2.33821	-1111	4.40141	
14092	1848700800	2028	08	01	1	0.6	0.6	144782	-1111	2.33821	-1111	4.36969	
14123	1851379200	2028	09	01	1	0.6	0.6	145114	-1111	2.33821	-1111	4.35135	
14153	1853971200	2028	10	01	1	0.6	0.6	145403	-1111	2.33821	-1111	4.49232	
14184	1856649600	2028	11	01	1	0.6	0.6	145739	-1111	2.33821	-1111	4.40113	
14214	1859241600	2028	12	01	1	0.6	0.6	146023	-1111	2.33821	-1111	4.41224	
14245	1861920000	2029	01	01	1	0.6	0.6	146402	-1111	2.33821	-1111	4.33817	
14276	1864598400	2029	02	01	1	0.6	0.6	146743	-1111	2.68638	-1111	4.339	
14304	1867017600	2029	03	01	1	0.6	0.6	147068	-1111	2.68638	-1111	4.16234	
14335	1869696000	2029	04	01	1	0.6	0.6	147381	-1111	2.68638	-1111	4.1089	
14365	1872288000	2029	05	01	1	0.6	0.6	147729	-1111	2.68638	-1111	4.04105	
14396	1874966400	2029	06	01	1	0.6	0.6	148079	-1111	2.68638	-1111	4.00307	
14426	1877558400	2029	07	01	1	0.6	0.6	148408	-1111	2.68638	-1111	3.98986	
14457	1880236800	2029	08	01	1	0.6	0.6	148779	-1111	2.68638	-1111	3.90148	
14488	1882915200	2029	09	01	1	0.6	0.6	149142	-1111	2.68638	-1111	3.91523	
14518	1885507200	2029	10	01	1	0.6	0.6	149466	-1111	2.68638	-1111	3.97417	
14549	1888185600	2029	11	01	1	0.6	0.6	149813	-1111	2.68638	-1111	3.85511	
14579	1890777600	2029	12	01	1	0.6	0.6	150161	-1111	2.68638	-1111	3.91605	
14610	1893456000	2030	01	01	1	0.6	0.6	150537	-1111	2.68638	-1111	3.90094	
