0	631152000	1990	01	01	1	0.6	0.5	50000	-1111	0	-1111	5.14658	
31	633830400	1990	02	01	1	0	0	50125	-1111	0	-1111	12.8721	
59	636249600	1990	03	01	1	0	0	50224	-1111	0	-1111	15.6513	
90	638928000	1990	04	01	1	0	0	50333	-1111	0	-1111	15.7685	
120	641520000	1990	05	01	1	0	0	50444	-1111	0	-1111	18.4247	
151	644198400	1990	06	01	1	0	0	50577	-1111	0	-1111	19.437	
181	646790400	1990	07	01	1	0	0	50679	-1111	0	-1111	20.4923	
212	649468800	1990	08	01	1	0	0	50804	-1111	0	-1111	20.6797	
243	652147200	1990	09	01	1	0	0	50918	-1111	0	-1111	20.774	
273	654739200	1990	10	01	1	0	0	51005	-1111	0	-1111	20.4042	
304	657417600	1990	11	01	1	0	0	51134	-1111	0	-1111	19.654	
334	660009600	1990	12	01	1	0	0	51220	-1111	0	-1111	19.1663	
365	662688000	1991	01	01	1	0	0	51339	-1111	0	-1111	18.168	
396	665366400	1991	02	01	1	0	0	51428	-1111	0	-1111	16.7563	
424	667785600	1991	03	01	1	0	0	51540	-1111	0	-1111	15.374	
455	670464000	1991	04	01	1	0	0	51652	-1111	0	-1111	14.11	
485	673056000	1991	05	01	1	0	0	51749	-1111	0	-1111	12.9262	
516	675734400	1991	06	01	1	0	0	51858	-1111	0	-1111	11.7994	
546	678326400	1991	07	01	1	0	0	51973	-1111	0	-1111	10.9227	
577	681004800	1991	08	01	1	0	0	52070	-1111	0	-1111	9.77332	
608	683683200	1991	09	01	1	0	0	52199	-1111	0	-1111	8.95945	
638	686275200	1991	10	01	1	0	0	52326	-1111	0	-1111	8.35453	
669	688953600	1991	11	01	1	0	0	52458	-1111	0	-1111	7.9988	
699	691545600	1991	12	01	1	0	0	52552	-1111	0	-1111	7.24583	
730	694224000	1992	01	01	1	0	0	52690	-1111	0	-1111	6.58352	
761	696902400	1992	02	01	1	0	0	52838	-1111	5.42306	-1111	6.26933	
790	699408000	1992	03	01	1	0	0	52952	-1111	5.42306	-1111	6.08282	
821	702086400	1992	04	01	1	0	0	53116	-1111	5.42306	-1111	6.11552	
851	704678400	1992	05	01	1	0	0	53207	-1111	5.42306	-1111	5.82334	
882	707356800	1992	06	01	1	0	0	53351	-1111	5.42306	-1111	6.00316	
912	709948800	1992	07	01	1	0	0	53486	-1111	5.42306	-1111	6.06083	
943	712627200	1992	08	01	1	0	0	53625	-1111	5.42306	-1111	6.23034	
974	715305600	1992	09	01	1	0	0	53742	-1111	5.42306	-1111	6.09665	
1004	717897600	1992	10	01	1	0	0	53865	-1111	5.42306	-1111	6.47788	
1035	720576000	1992	11	01	1	0	0	53971	-1111	5.42306	-1111	6.51947	
1065	723168000	1992	12	01	1	0	0	54094	-1111	5.42306	-1111	6.5916	
1096	725846400	1993	01	01	1	0	0	54246	-1111	5.42306	-1111	6.956	
1127	728524800	1993	02	01	1	0	0	54352	-1111	3.20748	-1111	7.25812	
1155	730944000	1993	03	01	1	0	0	54448	-1111	3.20748	-1111	7.36092	
1186	733622400	1993	04	01	1	0	0	54561	-1111	3.20748	-1111	7.63007	
1216	736214400	1993	05	01	1	0	0	54681	-1111	3.20748	-1111	7.81609	
1247	738892800	1993	06	01	1	0	0	54783	-1111	3.20748	-1111	8.23408	
1277	741484800	1993	07	01	1	0	0	54890	-1111	3.20748	-1111	8.28656	
1308	744163200	1993	08	01	1	0	0	55004	-1111	3.20748	-1111	8.69983	
1339	746841600	1993	09	01	1	0	0	55149	-1111	3.20748	-1111	8.88758	
1369	749433600	1993	10	01	1	0	0	55274	-1111	3.20748	-1111	9.19997	
1400	752112000	1993	11	01	1	0	0	55393	-1111	3.20748	-1111	9.33363	
1430	754704000	1993	12	01	1	0	0	55515	-1111	3.20748	-1111	9.29119	
1461	757382400	1994	01	01	1	0	0	55660	-1111	3.20748	-1111	9.01126	
1492	760060800	1994	02	01	1	0	0	55777	-1111	4.41367	-1111	9.1183	
1520	762480000	1994	03	01	1	0	0	55890	-1111	4.41367	-1111	9.05153	
1551	765158400	1994	04	01	1	0	0	56029	-1111	4.41367	-1111	8.99057	
1581	767750400	1994	05	01	1	0	0	56148	-1111	4.41367	-1111	9.15539	
1612	770428800	1994	06	01	1	0	0	56266	-1111	4.41367	-1111	8.83942	
1642	773020800	1994	07	01	1	0	0	56384	-1111	4.41367	-1111	8.54707	
1673	775699200	1994	08	01	1	0	0	56491	-1111	4.41367	-1111	8.4504	
1704	778377600	1994	09	01	1	0	0	56639	-1111	4.41367	-1111	8.39445	
1734	780969600	1994	10	01	1	0	0	56790	-1111	4.41367	-1111	8.21161	
1765	783648000	1994	11	01	1	0	0	56923	-1111	4.41367	-1111	7.87654	
1795	786240000	1994	12	01	1	0	0	57047	-1111	4.41367	-1111	7.93086	
1826	788918400	1995	01	01	1	0	0	57183	-1111	4.41367	-1111	8.25728	
1857	791596800	1995	02	01	1	0	0	57321	-1111	4.41685	-1111	8.42326	
1885	794016000	1995	03	01	1	0	0	57424	-1111	4.41685	-1111	8.25841	
1916	796694400	1995	04	01	1	0	0	57565	-1111	4.41685	-1111	8.22285	
1946	799286400	1995	05	01	1	0	0	57744	-1111	4.41685	-1111	8.16607	
1977	801964800	1995	06	01	1	0	0	57878	-1111	4.41685	-1111	7.62718	
2007	804556800	1995	07	01	1	0	0	58010	-1111	4.41685	-1111	7.8837	
2038	807235200	1995	08	01	1	0	0	58160	-1111	4.41685	-1111	7.96703	
2069	809913600	1995	09	01	1	0	0	58279	-1111	4.41685	-1111	7.90728	
2099	812505600	1995	10	01	1	0	0	58410	-1111	4.41685	-1111	7.59749	
2130	815184000	1995	11	01	1	0	0	58532	-1111	4.41685	-1111	7.58066	
2160	817776000	1995	12	01	1	0	0	58648	-1111	4.41685	-1111	7.86565	
2191	820454400	1996	01	01	1	0	0	58787	-1111	4.41685	-1111	8.07364	
2222	823132800	1996	02	01	1	0	0	58934	-1111	4.04639	-1111	7.85015	
2251	825638400	1996	03	01	1	0	0	59051	-1111	4.04639	-1111	7.71977	
2282	828316800	1996	04	01	1	0	0	59209	-1111	4.04639	-1111	7.95697	
2312	830908800	1996	05	01	1	0	0	59365	-1111	4.04639	-1111	7.98406	
2343	833587200	1996	06	01	1	0	0	59467	-1111	4.04639	-1111	8.01823	
2373	836179200	1996	07	01	1	0	0	59601	-1111	4.04639	-1111	8.07829	
2404	838857600	1996	08	01	1	0	0	59751	-1111	4.04639	-1111	8.19183	
2435	841536000	1996	09	01	1	0	0	59879	-1111	4.04639	-1111	8.0485	
2465	844128000	1996	10	01	1	0	0	60013	-1111	4.04639	-1111	8.06623	
2496	846806400	1996	11	01	1	0	0	60161	-1111	4.04639	-1111	8.05085	
2526	849398400	1996	12	01	1	0	0	60284	-1111	4.04639	-1111	8.17393	
2557	852076800	1997	01	01	1	0	0	60404	-1111	4.04639	-1111	8.09196	
2588	854755200	1997	02	01	1	0	0	60557	-1111	4.02176	-1111	8.06791	
2616	857174400	1997	03	01	1	0	0	60683	-1111	4.02176	-1111	7.97198	
2647	859852800	1997	04	01	1	0	0	60815	-1111	4.02176	-1111	8.00783	
2677	862444800	1997	05	01	1	0	0	60956	-1111	4.02176	-1111	8.24161	
2708	865123200	1997	06	01	1	0	0	61104	-1111	4.02176	-1111	8.20973	
2738	867715200	1997	07	01	1	0	0	61235	-1111	4.02176	-1111	8.28587	
2769	870393600	1997	08	01	1	0	0	61374	-1111	4.02176	-1111	8.58802	
2800	873072000	1997	09	01	1	0	0	61500	-1111	4.02176	-1111	8.28558	
2830	875664000	1997	10	01	1	0	0	61636	-1111	4.02176	-1111	7.85665	
2861	878342400	1997	11	01	1	0	0	61772	-1111	4.02176	-1111	7.9411	
2891	880934400	1997	12	01	1	0	0	61911	-1111	4.02176	-1111	8.15808	
2922	883612800	1998	01	01	1	0	0	62050	-1111	4.02176	-1111	8.66018	
2953	886291200	1998	02	01	1	0	0	62171	-1111	4.13788	-1111	8.65523	
2981	888710400	1998	03	01	1	0	0	62299	-1111	4.13788	-1111	8.69447	
3012	891388800	1998	04	01	1	0	0	62443	-1111	4.13788	-1111	8.23233	
3042	893980800	1998	05	01	1	0	0	62575	-1111	4.13788	-1111	8.20728	
3073	896659200	1998	06	01	1	0	0	62697	-1111	4.13788	-1111	8.15718	
3103	899251200	1998	07	01	1	0	0	62838	-1111	4.13788	-1111	8.2027	
3134	901929600	1998	08	01	1	0	0	62966	-1111	4.13788	-1111	7.83612	
3165	904608000	1998	09	01	1	0	0	63116	-1111	4.13788	-1111	7.88303	
3195	907200000	1998	10	01	1	0	0	63240	-1111	4.13788	-1111	8.03199	
3226	909878400	1998	11	01	1	0	0	63393	-1111	4.13788	-1111	7.80066	
3256	912470400	1998	12	01	1	0	0	63526	-1111	4.13788	-1111	8.1943	
3287	915148800	1999	01	01	1	0	0	63658	-1111	4.13788	-1111	8.00482	
3318	917827200	1999	02	01	1	0	0	63785	-1111	4.06328	-1111	8.09892	
3346	920246400	1999	03	01	1	0	0	63909	-1111	4.06328	-1111	8.02949	
3377	922924800	1999	04	01	1	0	0	64052	-1111	4.06328	-1111	7.86353	
3407	925516800	1999	05	01	1	0	0	64197	-1111	4.06328	-1111	7.86205	
3438	928195200	1999	06	01	1	0	0	64349	-1111	4.06328	-1111	7.73484	
3468	930787200	1999	07	01	1	0	0	64503	-1111	4.06328	-1111	7.68221	
3499	933465600	1999	08	01	1	0	0	64640	-1111	4.06328	-1111	7.83081	
3530	936144000	1999	09	01	1	0	0	64795	-1111	4.06328	-1111	7.84557	
3560	938736000	1999	10	01	1	0	0	64911	-1111	4.06328	-1111	7.79288	
3591	941414400	1999	11	01	1	0	0	65076	-1111	4.06328	-1111	7.88296	
3621	944006400	1999	12	01	1	0	0	65222	-1111	4.06328	-1111	8.00466	
3652	946684800	2000	01	01	1	0	0	65381	-1111	4.06328	-1111	8.05629	
3683	949363200	2000	02	01	1	0.6	0.6	65554	-1111	3.94342	-1111	6.30573	
3712	951868800	2000	03	01	1	0.6	0.6	65693	-1111	3.94342	-1111	4.76312	
3743	954547200	2000	04	01	1	0.6	0.6	65886	-1111	3.94342	-1111	3.67908	
3773	957139200	2000	05	01	1	0.6	0.6	66046	-1111	3.94342	-1111	3.19617	
3804	959817600	2000	06	01	1	0.6	0.6	66205	-1111	3.94342	-1111	2.69543	
3834	962409600	2000	07	01	1	0.6	0.6	66395	-1111	3.94342	-1111	2.4127	
3865	965088000	2000	08	01	1	0.6	0.6	66567	-1111	3.94342	-1111	2.15743	
3896	967766400	2000	09	01	1	0.6	0.6	66719	-1111	3.94342	-1111	2.10816	
3926	970358400	2000	10	01	1	0.6	0.6	66876	-1111	3.94342	-1111	1.74394	
3957	973036800	2000	11	01	1	0.6	0.6	67054	-1111	3.94342	-1111	1.76602	
3987	975628800	2000	12	01	1	0.6	0.6	67231	-1111	3.94342	-1111	1.47984	
4018	978307200	2001	01	01	1	0.6	0.6	67378	-1111	3.94342	-1111	1.33341	
4049	980985600	2001	02	01	1	0.6	0.6	67557	-1111	1.76617	-1111	1.32041	
4077	983404800	2001	03	01	1	0.6	0.6	67722	-1111	1.76617	-1111	1.40018	
4108	986083200	2001	04	01	1	0.6	0.6	67866	-1111	1.76617	-1111	1.47947	
4138	988675200	2001	05	01	1	0.6	0.6	67997	-1111	1.76617	-1111	1.5709	
4169	991353600	2001	06	01	1	0.6	0.6	68131	-1111	1.76617	-1111	1.55322	
4199	993945600	2001	07	01	1	0.6	0.6	68312	-1111	1.76617	-1111	1.53738	
4230	996624000	2001	08	01	1	0.6	0.6	68487	-1111	1.76617	-1111	1.62454	
4261	999302400	2001	09	01	1	0.6	0.6	68621	-1111	1.76617	-1111	1.49708	
4291	1001894400	2001	10	01	1	0.6	0.6	68788	-1111	1.76617	-1111	1.40105	
4322	1004572800	2001	11	01	1	0.6	0.6	68936	-1111	1.76617	-1111	1.47324	
4352	1007164800	2001	12	01	1	0.6	0.6	69093	-1111	1.76617	-1111	1.32327	
4383	1009843200	2002	01	01	1	0.6	0.6	69268	-1111	1.76617	-1111	1.39427	
4414	1012521600	2002	02	01	1	0.6	0.6	69404	-1111	1.02028	-1111	1.50311	
4442	1014940800	2002	03	01	1	0.6	0.6	69518	-1111	1.02028	-1111	1.51934	
4473	1017619200	2002	04	01	1	0.6	0.6	69693	-1111	1.02028	-1111	1.52965	
4503	1020211200	2002	05	01	1	0.6	0.6	69838	-1111	1.02028	-1111	1.60599	
4534	1022889600	2002	06	01	1	0.6	0.6	69995	-1111	1.02028	-1111	1.61272	
4564	1025481600	2002	07	01	1	0.6	0.6	70144	-1111	1.02028	-1111	1.72463	
4595	1028160000	2002	08	01	1	0.6	0.6	70286	-1111	1.02028	-1111	1.77381	
4626	1030838400	2002	09	01	1	0.6	0.6	70450	-1111	1.02028	-1111	1.75983	
4656	1033430400	2002	10	01	1	0.6	0.6	70621	-1111	1.02028	-1111	1.9353	
4687	1036108800	2002	11	01	1	0.6	0.6	70808	-1111	1.02028	-1111	1.79842	
4717	1038700800	2002	12	01	1	0.6	0.6	70970	-1111	1.02028	-1111	1.9633	
4748	1041379200	2003	01	01	1	0.6	0.6	71150	-1111	1.02028	-1111	2.08183	
4779	1044057600	2003	02	01	1	0.6	0.6	71348	-1111	1.21366	-1111	2.17053	
4807	1046476800	2003	03	01	1	0.6	0.6	71536	-1111	1.21366	-1111	2.32017	
4838	1049155200	2003	04	01	1	0.6	0.6	71703	-1111	1.21366	-1111	2.35907	
4868	1051747200	2003	05	01	1	0.6	0.6	71868	-1111	1.21366	-1111	2.44239	
4899	1054425600	2003	06	01	1	0.6	0.6	72031	-1111	1.21366	-1111	2.48094	
4929	1057017600	2003	07	01	1	0.6	0.6	72208	-1111	1.21366	-1111	2.75866	
4960	1059696000	2003	08	01	1	0.6	0.6	72387	-1111	1.21366	-1111	2.99901	
4991	1062374400	2003	09	01	1	0.6	0.6	72538	-1111	1.21366	-1111	3.05423	
5021	1064966400	2003	10	01	1	0.6	0.6	72722	-1111	1.21366	-1111	3.18085	
5052	1067644800	2003	11	01	1	0.6	0.6	72906	-1111	1.21366	-1111	3.07876	
5082	1070236800	2003	12	01	1	0.6	0.6	73074	-1111	1.21366	-1111	2.99382	
5113	1072915200	2004	01	01	1	0.6	0.6	73251	-1111	1.21366	-1111	3.09317	
5144	1075593600	2004	02	01	1	0.6	0.6	73407	-1111	1.82596	-1111	3.34	
5173	1078099200	2004	03	01	1	0.6	0.6	73543	-1111	1.82596	-1111	3.48028	
5204	1080777600	2004	04	01	1	0.6	0.6	73710	-1111	1.82596	-1111	3.60927	
5234	1083369600	2004	05	01	1	0.6	0.6	73897	-1111	1.82596	-1111	3.74108	
5265	1086048000	2004	06	01	1	0.6	0.6	74083	-1111	1.82596	-1111	3.87477	
5295	1088640000	2004	07	01	1	0.6	0.6	74245	-1111	1.82596	-1111	3.86321	
5326	1091318400	2004	08	01	1	0.6	0.6	74424	-1111	1.82596	-1111	3.72029	
5357	1093996800	2004	09	01	1	0.6	0.6	74600	-1111	1.82596	-1111	3.71553	
5387	1096588800	2004	10	01	1	0.6	0.6	74767	-1111	1.82596	-1111	3.81205	
5418	1099267200	2004	11	01	1	0.6	0.6	74924	-1111	1.82596	-1111	3.81481	
5448	1101859200	2004	12	01	1	0.6	0.6	75072	-1111	1.82596	-1111	3.8228	
5479	1104537600	2005	01	01	1	0.6	0.6	75255	-1111	1.82596	-1111	3.92415	
5510	1107216000	2005	02	01	1	0.6	0.6	75426	-1111	2.32871	-1111	3.94502	
5538	1109635200	2005	03	01	1	0.6	0.6	75578	-1111	2.32871	-1111	3.85239	
5569	1112313600	2005	04	01	1	0.6	0.6	75758	-1111	2.32871	-1111	3.87645	
5599	1114905600	2005	05	01	1	0.6	0.6	75898	-1111	2.32871	-1111	3.92096	
5630	1117584000	2005	06	01	1	0.6	0.6	76072	-1111	2.32871	-1111	4.07824	
5660	1120176000	2005	07	01	1	0.6	0.6	76246	-1111	2.32871	-1111	4.11384	
5691	1122854400	2005	08	01	1	0.6	0.6	76421	-1111	2.32871	-1111	4.29198	
5722	1125532800	2005	09	01	1	0.6	0.6	76578	-1111	2.32871	-1111	4.32207	
5752	1128124800	2005	10	01	1	0.6	0.6	76746	-1111	2.32871	-1111	4.2935	
5783	1130803200	2005	11	01	1	0.6	0.6	76938	-1111	2.32871	-1111	4.20043	
5813	1133395200	2005	12	01	1	0.6	0.6	77119	-1111	2.32871	-1111	4.06284	
5844	1136073600	2006	01	01	1	0.6	0.6	77324	-1111	2.32871	-1111	4.2551	
5875	1138752000	2006	02	01	1	0.6	0.6	77523	-1111	2.69241	-1111	4.31504	
5903	1141171200	2006	03	01	1	0.6	0.6	77685	-1111	2.69241	-1111	4.16243	
5934	1143849600	2006	04	01	1	0.6	0.6	77868	-1111	2.69241	-1111	4.22956	
5964	1146441600	2006	05	01	1	0.6	0.6	78030	-1111	2.69241	-1111	4.03116	
5995	1149120000	2006	06	01	1	0.6	0.6	78244	-1111	2.69241	-1111	4.15869	
6025	1151712000	2006	07	01	1	0.6	0.6	78452	-1111	2.69241	-1111	4.31546	
6056	1154390400	2006	08	01	1	0.6	0.6	78641	-1111	2.69241	-1111	4.34193	
6087	1157068800	2006	09	01	1	0.6	0.6	78830	-1111	2.69241	-1111	4.14391	
6117	1159660800	2006	10	01	1	0.6	0.6	79002	-1111	2.69241	-1111	4.10459	
6148	1162339200	2006	11	01	1	0.6	0.6	79176	-1111	2.69241	-1111	4.07238	
6178	1164931200	2006	12	01	1	0.6	0.6	79394	-1111	2.69241	-1111	3.82758	
6209	1167609600	2007	01	01	1	0.6	0.6	79609	-1111	2.69241	-1111	3.60334	
6240	1170288000	2007	02	01	1	0.6	0.6	79780	-1111	2.57665	-1111	3.55126	
6268	1172707200	2007	03	01	1	0.6	0.6	79957	-1111	2.57665	-1111	3.32032	
6299	1175385600	2007	04	01	1	0.6	0.6	80169	-1111	2.57665	-1111	3.29113	
6329	1177977600	2007	05	01	1	0.6	0.6	80344	-1111	2.57665	-1111	3.21818	
6360	1180656000	2007	06	01	1	0.6	0.6	80528	-1111	2.57665	-1111	2.91023	
6390	1183248000	2007	07	01	1	0.6	0.6	80705	-1111	2.57665	-1111	2.77451	
6421	1185926400	2007	08	01	1	0.6	0.6	80880	-1111	2.57665	-1111	2.86162	
6452	1188604800	2007	09	01	1	0.6	0.6	81066	-1111	2.57665	-1111	2.94764	
6482	1191196800	2007	10	01	1	0.6	0.6	81258	-1111	2.57665	-1111	3.06098	
6513	1193875200	2007	11	01	1	0.6	0.6	81423	-1111	2.57665	-1111	3.09844	
6543	1196467200	2007	12	01	1	0.6	0.6	81629	-1111	2.57665	-1111	3.00756	
6574	1199145600	2008	01	01	1	0.6	0.6	81837	-1111	2.57665	-1111	3.03352	
6605	1201824000	2008	02	01	1	0.6	0.6	82031	-1111	1.99531	-1111	2.79101	
6634	1204329600	2008	03	01	1	0.6	0.6	82215	-1111	1.99531	-1111	2.85714	
6665	1207008000	2008	04	01	1	0.6	0.6	82405	-1111	1.99531	-1111	2.8581	
6695	1209600000	2008	05	01	1	0.6	0.6	82577	-1111	1.99531	-1111	2.84868	
6726	1212278400	2008	06	01	1	0.6	0.6	82757	-1111	1.99531	-1111	2.84692	
6756	1214870400	2008	07	01	1	0.6	0.6	82976	-1111	1.99531	-1111	2.94886	
6787	1217548800	2008	08	01	1	0.6	0.6	83177	-1111	1.99531	-1111	3.01969	
6818	1220227200	2008	09	01	1	0.6	0.6	83355	-1111	1.99531	-1111	2.72057	
6848	1222819200	2008	10	01	1	0.6	0.6	83501	-1111	1.99531	-1111	3.09035	
6879	1225497600	2008	11	01	1	0.6	0.6	83671	-1111	1.99531	-1111	3.15398	
6909	1228089600	2008	12	01	1	0.6	0.6	83850	-1111	1.99531	-1111	3.17058	
6940	1230768000	2009	01	01	1	0.6	0.6	84050	-1111	1.99531	-1111	3.16719	
6971	1233446400	2009	02	01	1	0.6	0.6	84246	-1111	1.94206	-1111	3.2443	
6999	1235865600	2009	03	01	1	0.6	0.6	84431	-1111	1.94206	-1111	3.31846	
7030	1238544000	2009	04	01	1	0.6	0.6	84647	-1111	1.94206	-1111	3.23433	
7060	1241136000	2009	05	01	1	0.6	0.6	84841	-1111	1.94206	-1111	3.42659	
7091	1243814400	2009	06	01	1	0.6	0.6	85067	-1111	1.94206	-1111	3.54264	
7121	1246406400	2009	07	01	1	0.6	0.6	85257	-1111	1.94206	-1111	3.62976	
7152	1249084800	2009	08	01	1	0.6	0.6	85460	-1111	1.94206	-1111	3.62977	
7183	1251763200	2009	09	01	1	0.6	0.6	85658	-1111	1.94206	-1111	3.52887	
7213	1254355200	2009	10	01	1	0.6	0.6	85864	-1111	1.94206	-1111	3.63603	
7244	1257033600	2009	11	01	1	0.6	0.6	86046	-1111	1.94206	-1111	3.73887	
7274	1259625600	2009	12	01	1	0.6	0.6	86216	-1111	1.94206	-1111	3.72611	
7305	1262304000	2010	01	01	1	0.6	0.6	86392	-1111	1.94206	-1111	3.65782	
7336	1264982400	2010	02	01	1	0.6	0.6	86581	-1111	2.22953	-1111	3.45155	
7364	1267401600	2010	03	01	1	0.6	0.6	86759	-1111	2.22953	-1111	3.56853	
7395	1270080000	2010	04	01	1	0.6	0.6	86971	-1111	2.22953	-1111	3.61901	
7425	1272672000	2010	05	01	1	0.6	0.6	87149	-1111	2.22953	-1111	3.61154	
7456	1275350400	2010	06	01	1	0.6	0.6	87315	-1111	2.22953	-1111	3.67096	
7486	1277942400	2010	07	01	1	0.6	0.6	87545	-1111	2.22953	-1111	3.82206	
7517	1280620800	2010	08	01	1	0.6	0.6	87751	-1111	2.22953	-1111	3.83552	
7548	1283299200	2010	09	01	1	0.6	0.6	87979	-1111	2.22953	-1111	3.66858	
7578	1285891200	2010	10	01	1	0.6	0.6	88168	-1111	2.22953	-1111	3.74484	
7609	1288569600	2010	11	01	1	0.6	0.6	88385	-1111	2.22953	-1111	3.58758	
7639	1291161600	2010	12	01	1	0.6	0.6	88596	-1111	2.22953	-1111	3.77292	
7670	1293840000	2011	01	01	1	0.6	0.6	88790	-1111	2.22953	-1111	3.7563	
7701	1296518400	2011	02	01	1	0.6	0.6	89004	-1111	2.40045	-1111	3.63693	
7729	1298937600	2011	03	01	1	0.6	0.6	89204	-1111	2.40045	-1111	3.58936	
7760	1301616000	2011	04	01	1	0.6	0.6	89394	-1111	2.40045	-1111	3.99296	
7790	1304208000	2011	05	01	1	0.6	0.6	89582	-1111	2.40045	-1111	3.82674	
7821	1306886400	2011	06	01	1	0.6	0.6	89826	-1111	2.40045	-1111	3.89627	
7851	1309478400	2011	07	01	1	0.6	0.6	90008	-1111	2.40045	-1111	3.8675	
7882	1312156800	2011	08	01	1	0.6	0.6	90238	-1111	2.40045	-1111	3.72132	
7913	1314835200	2011	09	01	1	0.6	0.6	90486	-1111	2.40045	-1111	3.8495	
7943	1317427200	2011	10	01	1	0.6	0.6	90706	-1111	2.40045	-1111	3.96594	
7974	1320105600	2011	11	01	1	0.6	0.6	90916	-1111	2.40045	-1111	3.86752	
8004	1322697600	2011	12	01	1	0.6	0.6	91138	-1111	2.40045	-1111	3.81113	
8035	1325376000	2012	01	01	1	0.6	0.6	91337	-1111	2.40045	-1111	3.71284	
8066	1328054400	2012	02	01	1	0.6	0.6	91531	-1111	2.41153	-1111	3.53764	
8095	1330560000	2012	03	01	1	0.6	0.6	91731	-1111	2.41153	-1111	3.78977	
8126	1333238400	2012	04	01	1	0.6	0.6	91935	-1111	2.41153	-1111	3.87177	
8156	1335830400	2012	05	01	1	0.6	0.6	92158	-1111	2.41153	-1111	3.82638	
8187	1338508800	2012	06	01	1	0.6	0.6	92381	-1111	2.41153	-1111	3.78778	
8217	1341100800	2012	07	01	1	0.6	0.6	92591	-1111	2.41153	-1111	3.63768	
8248	1343779200	2012	08	01	1	0.6	0.6	92805	-1111	2.41153	-1111	3.75213	
8279	1346457600	2012	09	01	1	0.6	0.6	93020	-1111	2.41153	-1111	3.81449	
8309	1349049600	2012	10	01	1	0.6	0.6	93234	-1111	2.41153	-1111	3.75768	
8340	1351728000	2012	11	01	1	0.6	0.6	93489	-1111	2.41153	-1111	3.64988	
8370	1354320000	2012	12	01	1	0.6	0.6	93693	-1111	2.41153	-1111	3.88795	
8401	1356998400	2013	01	01	1	0.6	0.6	93920	-1111	2.41153	-1111	4.11829	
8432	1359676800	2013	02	01	1	0.6	0.6	94140	-1111	2.354	-1111	4.33507	
8460	1362096000	2013	03	01	1	0.6	0.6	94383	-1111	2.354	-1111	4.41047	
8491	1364774400	2013	04	01	1	0.6	0.6	94581	-1111	2.354	-1111	4.71623	
8521	1367366400	2013	05	01	1	0.6	0.6	94808	-1111	2.354	-1111	4.91571	
8552	1370044800	2013	06	01	1	0.6	0.6	95029	-1111	2.354	-1111	5.17692	
8582	1372636800	2013	07	01	1	0.6	0.6	95221	-1111	2.354	-1111	5.16308	
8613	1375315200	2013	08	01	1	0.6	0.6	95439	-1111	2.354	-1111	5.37156	
8644	1377993600	2013	09	01	1	0.6	0.6	95662	-1111	2.354	-1111	5.56627	
8674	1380585600	2013	10	01	1	0.6	0.6	95889	-1111	2.354	-1111	5.69242	
8705	1383264000	2013	11	01	1	0.6	0.6	96129	-1111	2.354	-1111	5.92874	
8735	1385856000	2013	12	01	1	0.6	0.6	96341	-1111	2.354	-1111	6.10407	
8766	1388534400	2014	01	01	1	0.6	0.6	96562	-1111	2.354	-1111	6.41093	
8797	1391212800	2014	02	01	1	0.6	0.6	96775	-1111	3.11182	-1111	6.41109	
8825	1393632000	2014	03	01	1	0.6	0.6	96996	-1111	3.11182	-1111	6.49984	
8856	1396310400	2014	04	01	1	0.6	0.6	97241	-1111	3.11182	-1111	6.55073	
8886	1398902400	2014	05	01	1	0.6	0.6	97489	-1111	3.11182	-1111	6.68042	
8917	1401580800	2014	06	01	1	0.6	0.6	97716	-1111	3.11182	-1111	6.79902	
8947	1404172800	2014	07	01	1	0.6	0.6	97965	-1111	3.11182	-1111	6.6621	
8978	1406851200	2014	08	01	1	0.6	0.6	98217	-1111	3.11182	-1111	6.5709	
9009	1409529600	2014	09	01	1	0.6	0.6	98430	-1111	3.11182	-1111	6.5912	
9039	1412121600	2014	10	01	1	0.6	0.6	98631	-1111	3.11182	-1111	6.52906	
9070	1414800000	2014	11	01	1	0.6	0.6	98852	-1111	3.11182	-1111	6.11919	
9100	1417392000	2014	12	01	1	0.6	0.6	99078	-1111	3.11182	-1111	5.46411	
9131	1420070400	2015	01	01	1	0.6	0.6	99239	-1111	3.11182	-1111	4.80016	
9162	1422748800	2015	02	01	1	0.6	0.6	99478	-1111	3.51298	-1111	4.44665	
9190	1425168000	2015	03	01	1	0.6	0.6	99678	-1111	3.51298	-1111	4.17918	
9221	1427846400	2015	04	01	1	0.6	0.6	99898	-1111	3.51298	-1111	4.06119	
9251	1430438400	2015	05	01	1	0.6	0.6	100141	-1111	3.51298	-1111	3.86205	
9282	1433116800	2015	06	01	1	0.6	0.6	100392	-1111	3.51298	-1111	3.8838	
9312	1435708800	2015	07	01	1	0.6	0.6	100588	-1111	3.51298	-1111	4.02621	
9343	1438387200	2015	08	01	1	0.6	0.6	100814	-1111	3.51298	-1111	3.80982	
9374	1441065600	2015	09	01	1	0.6	0.6	101047	-1111	3.51298	-1111	3.70905	
9404	1443657600	2015	10	01	1	0.6	0.6	101240	-1111	3.51298	-1111	3.45203	
9435	1446336000	2015	11	01	1	0.6	0.6	101462	-1111	3.51298	-1111	3.25036	
9465	1448928000	2015	12	01	1	0.6	0.6	101691	-1111	3.51298	-1111	3.21506	
9496	1451606400	2016	01	01	1	0.6	0.6	101955	-1111	3.51298	-1111	3.27311	
9527	1454284800	2016	02	01	1	0.6	0.6	102189	-1111	2.22167	-1111	3.11909	
9556	1456790400	2016	03	01	1	0.6	0.6	102439	-1111	2.22167	-1111	3.12548	
9587	1459468800	2016	04	01	1	0.6	0.6	102676	-1111	2.22167	-1111	3.1238	
9617	1462060800	2016	05	01	1	0.6	0.6	102909	-1111	2.22167	-1111	3.21546	
9648	1464739200	2016	06	01	1	0.6	0.6	103169	-1111	2.22167	-1111	3.21499	
9678	1467331200	2016	07	01	1	0.6	0.6	103430	-1111	2.22167	-1111	3.2323	
9709	1470009600	2016	08	01	1	0.6	0.6	103728	-1111	2.22167	-1111	3.25243	
9740	1472688000	2016	09	01	1	0.6	0.6	103985	-1111	2.22167	-1111	3.18683	
9770	1475280000	2016	10	01	1	0.6	0.6	104211	-1111	2.22167	-1111	3.24915	
9801	1477958400	2016	11	01	1	0.6	0.6	104475	-1111	2.22167	-1111	3.22423	
9831	1480550400	2016	12	01	1	0.6	0.6	104684	-1111	2.22167	-1111	3.19916	
9862	1483228800	2017	01	01	1	0.6	0.6	104922	-1111	2.22167	-1111	3.30668	
9893	1485907200	2017	02	01	1	0.6	0.6	105196	-1111	1.9968	-1111	3.41484	
9921	1488326400	2017	03	01	1	0.6	0.6	105408	-1111	1.9968	-1111	3.44737	
9952	1491004800	2017	04	01	1	0.6	0.6	105653	-1111	1.9968	-1111	3.33197	
9982	1493596800	2017	05	01	1	0.6	0.6	105913	-1111	1.9968	-1111	3.47622	
10013	1496275200	2017	06	01	1	0.6	0.6	106152	-1111	1.9968	-1111	3.3101	
10043	1498867200	2017	07	01	1	0.6	0.6	106372	-1111	1.9968	-1111	3.40378	
10074	1501545600	2017	08	01	1	0.6	0.6	106610	-1111	1.9968	-1111	3.49242	
10105	1504224000	2017	09	01	1	0.6	0.6	106895	-1111	1.9968	-1111	3.53479	
10135	1506816000	2017	10	01	1	0.6	0.6	107179	-1111	1.9968	-1111	3.62098	
10166	1509494400	2017	11	01	1	0.6	0.6	107453	-1111	1.9968	-1111	3.53839	
10196	1512086400	2017	12	01	1	0.6	0.6	107707	-1111	1.9968	-1111	3.59198	
10227	1514764800	2018	01	01	1	0.6	0.6	107960	-1111	1.9968	-1111	3.63803	
10258	1517443200	2018	02	01	1	0.6	0.6	108187	-1111	2.1964	-1111	3.65413	
10286	1519862400	2018	03	01	1	0.6	0.6	108423	-1111	2.1964	-1111	3.7099	
10317	1522540800	2018	04	01	1	0.6	0.6	108651	-1111	2.1964	-1111	3.86724	
10347	1525132800	2018	05	01	1	0.6	0.6	108928	-1111	2.1964	-1111	3.79046	
10378	1527811200	2018	06	01	1	0.6	0.6	109215	-1111	2.1964	-1111	3.96751	
10408	1530403200	2018	07	01	1	0.6	0.6	109479	-1111	2.1964	-1111	3.85875	
10439	1533081600	2018	08	01	1	0.6	0.6	109732	-1111	2.1964	-1111	3.94567	
10470	1535760000	2018	09	01	1	0.6	0.6	110009	-1111	2.1964	-1111	3.79213	
10500	1538352000	2018	10	01	1	0.6	0.6	110225	-1111	2.1964	-1111	3.65096	
10531	1541030400	2018	11	01	1	0.6	0.6	110495	-1111	2.1964	-1111	3.75547	
10561	1543622400	2018	12	01	1	0.6	0.6	110750	-1111	2.1964	-1111	4.39248	
10592	1546300800	2019	01	01	1	0.6	0.6	111001	-1111	2.1964	-1111	4.94488	
10623	1548979200	2019	02	01	1	0.6	0.6	111248	-1111	2.43085	-1111	5.23098	
10651	1551398400	2019	03	01	1	0.6	0.6	111471	-1111	2.43085	-1111	5.64066	
10682	1554076800	2019	04	01	1	0.6	0.6	111716	-1111	2.43085	-1111	5.88629	
10712	1556668800	2019	05	01	1	0.6	0.6	111939	-1111	2.43085	-1111	6.26645	
10743	1559347200	2019	06	01	1	0.6	0.6	112224	-1111	2.43085	-1111	6.55479	
10773	1561939200	2019	07	01	1	0.6	0.6	112443	-1111	2.43085	-1111	6.8415	
10804	1564617600	2019	08	01	1	0.6	0.6	112717	-1111	2.43085	-1111	7.1948	
10835	1567296000	2019	09	01	1	0.6	0.6	112994	-1111	2.43085	-1111	7.20061	
10865	1569888000	2019	10	01	1	0.6	0.6	113254	-1111	2.43085	-1111	7.11707	
10896	1572566400	2019	11	01	1	0.6	0.6	113510	-1111	2.43085	-1111	6.88581	
10926	1575158400	2019	12	01	1	0.6	0.6	113772	-1111	2.43085	-1111	7.09677	
10957	1577836800	2020	01	01	1	0.6	0.6	114012	-1111	2.43085	-1111	6.9793	
10988	1580515200	2020	02	01	1	0.6	0.6	114293	-1111	3.6846	-1111	6.96669	
11017	1583020800	2020	03	01	1	0.6	0.6	114551	-1111	3.6846	-1111	6.99514	
11048	1585699200	2020	04	01	1	0.6	0.6	114812	-1111	3.6846	-1111	6.89396	
11078	1588291200	2020	05	01	1	0.6	0.6	115099	-1111	3.6846	-1111	6.75874	
11109	1590969600	2020	06	01	1	0.6	0.6	115387	-1111	3.6846	-1111	6.64965	
11139	1593561600	2020	07	01	1	0.6	0.6	115633	-1111	3.6846	-1111	6.51341	
11170	1596240000	2020	08	01	1	0.6	0.6	115894	-1111	3.6846	-1111	6.47465	
11201	1598918400	2020	09	01	1	0.6	0.6	116139	-1111	3.6846	-1111	6.44704	
11231	1601510400	2020	10	01	1	0.6	0.6	116408	-1111	3.6846	-1111	6.26054	
11262	1604188800	2020	11	01	1	0.6	0.6	116653	-1111	3.6846	-1111	5.9696	
11292	1606780800	2020	12	01	1	0.6	0.6	116933	-1111	3.6846	-1111	5.23404	
11323	1609459200	2021	01	01	1	0.6	0.6	117210	-1111	3.6846	-1111	4.64307	
11354	1612137600	2021	02	01	1	0.6	0.6	117470	-1111	3.41616	-1111	4.32519	
11382	1614556800	2021	03	01	1	0.6	0.6	117669	-1111	3.41616	-1111	4.2712	
11413	1617235200	2021	04	01	1	0.6	0.6	117946	-1111	3.41616	-1111	3.89576	
11443	1619827200	2021	05	01	1	0.6	0.6	118207	-1111	3.41616	-1111	3.72238	
11474	1622505600	2021	06	01	1	0.6	0.6	118486	-1111	3.41616	-1111	3.55526	
11504	1625097600	2021	07	01	1	0.6	0.6	118776	-1111	3.41616	-1111	3.25531	
11535	1627776000	2021	08	01	1	0.6	0.6	119061	-1111	3.41616	-1111	3.16802	
11566	1630454400	2021	09	01	1	0.6	0.6	119349	-1111	3.41616	-1111	3.1404	
11596	1633046400	2021	10	01	1	0.6	0.6	119613	-1111	3.41616	-1111	3.1036	
11627	1635724800	2021	11	01	1	0.6	0.6	119889	-1111	3.41616	-1111	3.06363	
11657	1638316800	2021	12	01	1	0.6	0.6	120164	-1111	3.41616	-1111	2.99288	
11688	1640995200	2022	01	01	1	0.6	0.6	120471	-1111	3.41616	-1111	3.01301	
11719	1643673600	2022	02	01	1	0.6	0.6	120788	-1111	2.04061	-1111	3.05661	
11747	1646092800	2022	03	01	1	0.6	0.6	121069	-1111	2.04061	-1111	3.06884	
11778	1648771200	2022	04	01	1	0.6	0.6	121337	-1111	2.04061	-1111	3.08788	
11808	1651363200	2022	05	01	1	0.6	0.6	121619	-1111	2.04061	-1111	3.23934	
11839	1654041600	2022	06	01	1	0.6	0.6	121913	-1111	2.04061	-1111	3.24834	
11869	1656633600	2022	07	01	1	0.6	0.6	122201	-1111	2.04061	-1111	3.28543	
11900	1659312000	2022	08	01	1	0.6	0.6	122477	-1111	2.04061	-1111	3.35131	
11931	1661990400	2022	09	01	1	0.6	0.6	122772	-1111	2.04061	-1111	3.39831	
11961	1664582400	2022	10	01	1	0.6	0.6	123041	-1111	2.04061	-1111	3.33259	
11992	1667260800	2022	11	01	1	0.6	0.6	123354	-1111	2.04061	-1111	3.29951	
12022	1669852800	2022	12	01	1	0.6	0.6	123627	-1111	2.04061	-1111	3.21	
12053	1672531200	2023	01	01	1	0.6	0.6	123910	-1111	2.04061	-1111	3.34581	
12084	1675209600	2023	02	01	1	0.6	0.6	124186	-1111	2.01407	-1111	3.49135	
12112	1677628800	2023	03	01	1	0.6	0.6	124443	-1111	2.01407	-1111	3.44011	
12143	1680307200	2023	04	01	1	0.6	0.6	124767	-1111	2.01407	-1111	3.46555	
12173	1682899200	2023	05	01	1	0.6	0.6	125046	-1111	2.01407	-1111	3.32694	
12204	1685577600	2023	06	01	1	0.6	0.6	125351	-1111	2.01407	-1111	3.40578	
12234	1688169600	2023	07	01	1	0.6	0.6	125648	-1111	2.01407	-1111	3.3605	
12265	1690848000	2023	08	01	1	0.6	0.6	125939	-1111	2.01407	-1111	3.47726	
12296	1693526400	2023	09	01	1	0.6	0.6	126254	-1111	2.01407	-1111	3.29568	
12326	1696118400	2023	10	01	1	0.6	0.6	126528	-1111	2.01407	-1111	3.46674	
12357	1698796800	2023	11	01	1	0.6	0.6	126814	-1111	2.01407	-1111	3.48269	
12387	1701388800	2023	12	01	1	0.6	0.6	127090	-1111	2.01407	-1111	3.47644	
12418	1704067200	2024	01	01	1	0.6	0.6	127367	-1111	2.01407	-1111	3.56671	
12449	1706745600	2024	02	01	1	0.6	0.6	127677	-1111	2.14033	-1111	3.54506	
12478	1709251200	2024	03	01	1	0.6	0.6	127962	-1111	2.14033	-1111	3.62224	
12509	1711929600	2024	04	01	1	0.6	0.6	128257	-1111	2.14033	-1111	3.56947	
12539	1714521600	2024	05	01	1	0.6	0.6	128573	-1111	2.14033	-1111	3.60026	
12570	1717200000	2024	06	01	1	0.6	0.6	128913	-1111	2.14033	-1111	3.47382	
12600	1719792000	2024	07	01	1	0.6	0.6	129183	-1111	2.14033	-1111	3.63174	
12631	1722470400	2024	08	01	1	0.6	0.6	129514	-1111	2.14033	-1111	3.81991	
12662	1725148800	2024	09	01	1	0.6	0.6	129841	-1111	2.14033	-1111	3.87258	
12692	1727740800	2024	10	01	1	0.6	0.6	130098	-1111	2.14033	-1111	4.02541	
12723	1730419200	2024	11	01	1	0.6	0.6	130388	-1111	2.14033	-1111	3.86105	
12753	1733011200	2024	12	01	1	0.6	0.6	130711	-1111	2.14033	-1111	4.42269	
12784	1735689600	2025	01	01	1	0.6	0.6	130996	-1111	2.14033	-1111	5.17504	
12815	1738368000	2025	02	01	1	0.6	0.6	131312	-1111	2.39059	-1111	5.63947	
12843	1740787200	2025	03	01	1	0.6	0.6	131584	-1111	2.39059	-1111	6.02023	
12874	1743465600	2025	04	01	1	0.6	0.6	131860	-1111	2.39059	-1111	6.43487	
12904	1746057600	2025	05	01	1	0.6	0.6	132144	-1111	2.39059	-1111	6.95057	
12935	1748736000	2025	06	01	1	0.6	0.6	132445	-1111	2.39059	-1111	7.18547	
12965	1751328000	2025	07	01	1	0.6	0.6	132759	-1111	2.39059	-1111	7.39573	
12996	1754006400	2025	08	01	1	0.6	0.6	133091	-1111	2.39059	-1111	7.52134	
13027	1756684800	2025	09	01	1	0.6	0.6	133383	-1111	2.39059	-1111	7.65935	
13057	1759276800	2025	10	01	1	0.6	0.6	133705	-1111	2.39059	-1111	7.83034	
13088	1761955200	2025	11	01	1	0.6	0.6	134020	-1111	2.39059	-1111	7.75142	
13118	1764547200	2025	12	01	1	0.6	0.6	134340	-1111	2.39059	-1111	7.69724	
13149	1767225600	2026	01	01	1	0.6	0.6	134666	-1111	2.39059	-1111	7.46112	
13180	1769904000	2026	02	01	1	0.6	0.6	134945	-1111	3.90754	-1111	7.42212	
13208	1772323200	2026	03	01	1	0.6	0.6	135241	-1111	3.90754	-1111	7.34388	
13239	1775001600	2026	04	01	1	0.6	0.6	135565	-1111	3.90754	-1111	7.29624	
13269	1777593600	2026	05	01	1	0.6	0.6	135844	-1111	3.90754	-1111	7.01355	
13300	1780272000	2026	06	01	1	0.6	0.6	136153	-1111	3.90754	-1111	6.69657	
13330	1782864000	2026	07	01	1	0.6	0.6	136498	-1111	3.90754	-1111	6.50952	
13361	1785542400	2026	08	01	1	0.6	0.6	136826	-1111	3.90754	-1111	6.09753	
13392	1788220800	2026	09	01	1	0.6	0.6	137153	-1111	3.90754	-1111	5.88219	
13422	1790812800	2026	10	01	1	0.6	0.6	137476	-1111	3.90754	-1111	5.65425	
13453	1793491200	2026	11	01	1	0.6	0.6	137791	-1111	3.90754	-1111	5.4371	
13483	1796083200	2026	12	01	1	0.6	0.6	138116	-1111	3.90754	-1111	4.91984	
13514	1798761600	2027	01	01	1	0.6	0.6	138433	-1111	3.90754	-1111	4.37944	
13545	1801440000	2027	02	01	1	0.6	0.6	138739	-1111	3.28036	-1111	4.1247	
13573	1803859200	2027	03	01	1	0.6	0.6	139024	-1111	3.28036	-1111	3.85113	
13604	1806537600	2027	04	01	1	0.6	0.6	139369	-1111	3.28036	-1111	3.45205	
13634	1809129600	2027	05	01	1	0.6	0.6	139673	-1111	3.28036	-1111	3.52888	
13665	1811808000	2027	06	01	1	0.6	0.6	140000	-1111	3.28036	-1111	3.41278	
13695	1814400000	2027	07	01	1	0.6	0.6	140304	-1111	3.28036	-1111	3.34059	
13726	1817078400	2027	08	01	1	0.6	0.6	140637	-1111	3.28036	-1111	3.32274	
13757	1819756800	2027	09	01	1	0.6	0.6	140958	-1111	3.28036	-1111	3.27417	
13787	1822348800	2027	10	01	1	0.6	0.6	141266	-1111	3.28036	-1111	3.27341	
13818	1825027200	2027	11	01	1	0.6	0.6	141594	-1111	3.28036	-1111	3.11384	
13848	1827619200	2027	12	01	1	0.6	0.6	141895	-1111	3.28036	-1111	3.03289	
13879	1830297600	2028	01	01	1	0.6	0.6	142209	-1111	3.28036	-1111	3.03522	
13910	1832976000	2028	02	01	1	0.6	0.6	142535	-1111	2.00522	-1111	3.26523	
13939	1835481600	2028	03	01	1	0.6	0.6	142872	-1111	2.00522	-1111	3.13365	
13970	1838160000	2028	04	01	1	0.6	0.6	143196	-1111	2.00522	-1111	3.22431	
14000	1840752000	2028	05	01	1	0.6	0.6	143509	-1111	2.00522	-1111	3.17694	
14031	1843430400	2028	06	01	1	0.6	0.6	143870	-1111	2.00522	-1111	3.32308	
14061	1846022400	2028	07	01	1	0.6	0.6	144186	-1111	2.00522	-1111	3.35079	
14092	1848700800	2028	08	01	1	0.6	0.6	144524	-1111	2.00522	-1111	3.47057	
14123	1851379200	2028	09	01	1	0.6	0.6	144914	-1111	2.00522	-1111	3.62704	
14153	1853971200	2028	10	01	1	0.6	0.6	145238	-1111	2.00522	-1111	3.81702	
14184	1856649600	2028	11	01	1	0.6	0.6	145628	-1111	2.00522	-1111	3.87257	
14214	1859241600	2028	12	01	1	0.6	0.6	145997	-1111	2.00522	-1111	3.8287	
14245	1861920000	2029	01	01	1	0.6	0.6	146341	-1111	2.00522	-1111	3.82543	
14276	1864598400	2029	02	01	1	0.6	0.6	146622	-1111	2.15671	-1111	3.81171	
14304	1867017600	2029	03	01	1	0.6	0.6	146949	-1111	2.15671	-1111	3.67504	
14335	1869696000	2029	04	01	1	0.6	0.6	147276	-1111	2.15671	-1111	3.65189	
14365	1872288000	2029	05	01	1	0.6	0.6	147595	-1111	2.15671	-1111	3.66955	
14396	1874966400	2029	06	01	1	0.6	0.6	147946	-1111	2.15671	-1111	3.65339	
14426	1877558400	2029	07	01	1	0.6	0.6	148306	-1111	2.15671	-1111	3.73453	
14457	1880236800	2029	08	01	1	0.6	0.6	148712	-1111	2.15671	-1111	3.63309	
14488	1882915200	2029	09	01	1	0.6	0.6	149112	-1111	2.15671	-1111	3.67173	
14518	1885507200	2029	10	01	1	0.6	0.6	149447	-1111	2.15671	-1111	3.67045	
14549	1888185600	2029	11	01	1	0.6	0.6	149788	-1111	2.15671	-1111	3.75788	
14579	1890777600	2029	12	01	1	0.6	0.6	150120	-1111	2.15671	-1111	3.72497	
14610	1893456000	2030	01	01	1	0.6	0.6	150487	-1111	2.15671	-1111	3.71697	
