0	631152000	1990	01	01	1	0.6	0.5	50000	-1111	0	-1111	5.02644	
31	633830400	1990	02	01	1	0	0	50137	-1111	0	-1111	12.6491	
59	636249600	1990	03	01	1	0	0	50269	-1111	0	-1111	15.4786	
90	638928000	1990	04	01	1	0	0	50354	-1111	0	-1111	15.0365	
120	641520000	1990	05	01	1	0	0	50479	-1111	0	-1111	17.5863	
151	644198400	1990	06	01	1	0	0	50580	-1111	0	-1111	18.6814	
181	646790400	1990	07	01	1	0	0	50683	-1111	0	-1111	19.4041	
212	649468800	1990	08	01	1	0	0	50767	-1111	0	-1111	20.2894	
243	652147200	1990	09	01	1	0	0	50899	-1111	0	-1111	20.5665	
273	654739200	1990	10	01	1	0	0	51008	-1111	0	-1111	21.1209	
304	657417600	1990	11	01	1	0	0	51119	-1111	0	-1111	20.6236	
334	660009600	1990	12	01	1	0	0	51216	-1111	0	-1111	19.4606	
365	662688000	1991	01	01	1	0	0	51347	-1111	0	-1111	17.951	
396	665366400	1991	02	01	1	0	0	51467	-1111	0	-1111	16.6047	
424	667785600	1991	03	01	1	0	0	51555	-1111	0	-1111	15.0968	
455	670464000	1991	04	01	1	0	0	51672	-1111	0	-1111	13.7535	
485	673056000	1991	05	01	1	0	0	51756	-1111	0	-1111	12.8194	
516	675734400	1991	06	01	1	0	0	51878	-1111	0	-1111	11.4583	
546	678326400	1991	07	01	1	0	0	51975	-1111	0	-1111	10.1353	
577	681004800	1991	08	01	1	0	0	52103	-1111	0	-1111	9.27123	
608	683683200	1991	09	01	1	0	0	52208	-1111	0	-1111	8.29603	
638	686275200	1991	10	01	1	0	0	52337	-1111	0	-1111	7.68195	
669	688953600	1991	11	01	1	0	0	52482	-1111	0	-1111	6.93715	
699	691545600	1991	12	01	1	0	0	52630	-1111	0	-1111	6.50651	
730	694224000	1992	01	01	1	0	0	52747	-1111	0	-1111	6.0425	
761	696902400	1992	02	01	1	0	0	52888	-1111	5.28416	-1111	5.43027	
790	699408000	1992	03	01	1	0	0	52994	-1111	5.28416	-1111	5.36761	
821	702086400	1992	04	01	1	0	0	53107	-1111	5.28416	-1111	5.22871	
851	704678400	1992	05	01	1	0	0	53223	-1111	5.28416	-1111	5.29041	
882	707356800	1992	06	01	1	0	0	53351	-1111	5.28416	-1111	5.44814	
912	709948800	1992	07	01	1	0	0	53477	-1111	5.28416	-1111	5.70873	
943	712627200	1992	08	01	1	0	0	53589	-1111	5.28416	-1111	5.76434	
974	715305600	1992	09	01	1	0	0	53706	-1111	5.28416	-1111	6.09364	
1004	717897600	1992	10	01	1	0	0	53840	-1111	5.28416	-1111	6.39522	
1035	720576000	1992	11	01	1	0	0	53959	-1111	5.28416	-1111	6.6761	
1065	723168000	1992	12	01	1	0	0	54094	-1111	5.28416	-1111	7.03061	
1096	725846400	1993	01	01	1	0	0	54208	-1111	5.28416	-1111	7.30692	
1127	728524800	1993	02	01	1	0	0	54317	-1111	3.20133	-1111	7.29097	
1155	730944000	1993	03	01	1	0	0	54446	-1111	3.20133	-1111	7.56853	
1186	733622400	1993	04	01	1	0	0	54558	-1111	3.20133	-1111	7.97263	
1216	736214400	1993	05	01	1	0	0	54673	-1111	3.20133	-1111	8.78081	
1247	738892800	1993	06	01	1	0	0	54821	-1111	3.20133	-1111	9.16468	
1277	741484800	1993	07	01	1	0	0	54950	-1111	3.20133	-1111	8.99881	
1308	744163200	1993	08	01	1	0	0	55070	-1111	3.20133	-1111	9.34572	
1339	746841600	1993	09	01	1	0	0	55209	-1111	3.20133	-1111	9.18618	
1369	749433600	1993	10	01	1	0	0	55346	-1111	3.20133	-1111	9.17595	
1400	752112000	1993	11	01	1	0	0	55450	-1111	3.20133	-1111	9.39051	
1430	754704000	1993	12	01	1	0	0	55559	-1111	3.20133	-1111	9.08957	
1461	757382400	1994	01	01	1	0	0	55697	-1111	3.20133	-1111	9.12185	
1492	760060800	1994	02	01	1	0	0	55832	-1111	4.65917	-1111	9.35772	
1520	762480000	1994	03	01	1	0	0	55941	-1111	4.65917	-1111	9.10969	
1551	765158400	1994	04	01	1	0	0	56076	-1111	4.65917	-1111	8.76106	
1581	767750400	1994	05	01	1	0	0	56192	-1111	4.65917	-1111	8.47882	
1612	770428800	1994	06	01	1	0	0	56328	-1111	4.65917	-1111	8.33211	
1642	773020800	1994	07	01	1	0	0	56436	-1111	4.65917	-1111	8.30819	
1673	775699200	1994	08	01	1	0	0	56554	-1111	4.65917	-1111	8.43755	
1704	778377600	1994	09	01	1	0	0	56712	-1111	4.65917	-1111	8.40071	
1734	780969600	1994	10	01	1	0	0	56855	-1111	4.65917	-1111	8.15488	
1765	783648000	1994	11	01	1	0	0	56987	-1111	4.65917	-1111	8.08258	
1795	786240000	1994	12	01	1	0	0	57125	-1111	4.65917	-1111	8.04976	
1826	788918400	1995	01	01	1	0	0	57272	-1111	4.65917	-1111	7.64667	
1857	791596800	1995	02	01	1	0	0	57364	-1111	4.31835	-1111	7.35262	
1885	794016000	1995	03	01	1	0	0	57467	-1111	4.31835	-1111	7.14181	
1916	796694400	1995	04	01	1	0	0	57616	-1111	4.31835	-1111	7.00716	
1946	799286400	1995	05	01	1	0	0	57748	-1111	4.31835	-1111	7.2677	
1977	801964800	1995	06	01	1	0	0	57896	-1111	4.31835	-1111	7.20878	
2007	804556800	1995	07	01	1	0	0	58030	-1111	4.31835	-1111	7.43724	
2038	807235200	1995	08	01	1	0	0	58171	-1111	4.31835	-1111	7.23694	
2069	809913600	1995	09	01	1	0	0	58305	-1111	4.31835	-1111	7.34329	
2099	812505600	1995	10	01	1	0	0	58440	-1111	4.31835	-1111	7.18865	
2130	815184000	1995	11	01	1	0	0	58590	-1111	4.31835	-1111	7.22466	
2160	817776000	1995	12	01	1	0	0	58705	-1111	4.31835	-1111	7.33688	
2191	820454400	1996	01	01	1	0	0	58825	-1111	4.31835	-1111	7.54609	
2222	823132800	1996	02	01	1	0	0	58951	-1111	3.85216	-1111	7.87779	
2251	825638400	1996	03	01	1	0	0	59074	-1111	3.85216	-1111	8.1952	
2282	828316800	1996	04	01	1	0	0	59237	-1111	3.85216	-1111	8.25662	
2312	830908800	1996	05	01	1	0	0	59354	-1111	3.85216	-1111	8.43005	
2343	833587200	1996	06	01	1	0	0	59496	-1111	3.85216	-1111	8.36529	
2373	836179200	1996	07	01	1	0	0	59639	-1111	3.85216	-1111	8.31325	
2404	838857600	1996	08	01	1	0	0	59752	-1111	3.85216	-1111	8.21054	
2435	841536000	1996	09	01	1	0	0	59913	-1111	3.85216	-1111	8.63127	
2465	844128000	1996	10	01	1	0	0	60078	-1111	3.85216	-1111	8.82104	
2496	846806400	1996	11	01	1	0	0	60221	-1111	3.85216	-1111	8.83678	
2526	849398400	1996	12	01	1	0	0	60344	-1111	3.85216	-1111	8.65439	
2557	852076800	1997	01	01	1	0	0	60467	-1111	3.85216	-1111	8.52078	
2588	854755200	1997	02	01	1	0	0	60565	-1111	4.40484	-1111	8.25791	
2616	857174400	1997	03	01	1	0	0	60697	-1111	4.40484	-1111	8.37245	
2647	859852800	1997	04	01	1	0	0	60848	-1111	4.40484	-1111	8.36015	
2677	862444800	1997	05	01	1	0	0	60966	-1111	4.40484	-1111	8.15657	
2708	865123200	1997	06	01	1	0	0	61102	-1111	4.40484	-1111	7.83658	
2738	867715200	1997	07	01	1	0	0	61232	-1111	4.40484	-1111	7.75496	
2769	870393600	1997	08	01	1	0	0	61369	-1111	4.40484	-1111	7.71581	
2800	873072000	1997	09	01	1	0	0	61510	-1111	4.40484	-1111	7.8858	
2830	875664000	1997	10	01	1	0	0	61657	-1111	4.40484	-1111	7.98812	
2861	878342400	1997	11	01	1	0	0	61797	-1111	4.40484	-1111	7.93684	
2891	880934400	1997	12	01	1	0	0	61943	-1111	4.40484	-1111	7.80357	
2922	883612800	1998	01	01	1	0	0	62038	-1111	4.40484	-1111	7.79927	
2953	886291200	1998	02	01	1	0	0	62159	-1111	4.15796	-1111	8.04977	
2981	888710400	1998	03	01	1	0	0	62268	-1111	4.15796	-1111	7.99835	
3012	891388800	1998	04	01	1	0	0	62386	-1111	4.15796	-1111	8.38233	
3042	893980800	1998	05	01	1	0	0	62500	-1111	4.15796	-1111	8.35835	
3073	896659200	1998	06	01	1	0	0	62641	-1111	4.15796	-1111	8.6255	
3103	899251200	1998	07	01	1	0	0	62774	-1111	4.15796	-1111	8.33786	
3134	901929600	1998	08	01	1	0	0	62922	-1111	4.15796	-1111	8.04605	
3165	904608000	1998	09	01	1	0	0	63064	-1111	4.15796	-1111	7.98839	
3195	907200000	1998	10	01	1	0	0	63204	-1111	4.15796	-1111	7.95699	
3226	909878400	1998	11	01	1	0	0	63354	-1111	4.15796	-1111	8.01982	
3256	912470400	1998	12	01	1	0	0	63472	-1111	4.15796	-1111	8.16354	
3287	915148800	1999	01	01	1	0	0	63600	-1111	4.15796	-1111	8.3572	
3318	917827200	1999	02	01	1	0	0	63737	-1111	4.06513	-1111	8.5146	
3346	920246400	1999	03	01	1	0	0	63887	-1111	4.06513	-1111	8.53165	
3377	922924800	1999	04	01	1	0	0	64029	-1111	4.06513	-1111	8.6991	
3407	925516800	1999	05	01	1	0	0	64184	-1111	4.06513	-1111	8.35807	
3438	928195200	1999	06	01	1	0	0	64335	-1111	4.06513	-1111	8.21602	
3468	930787200	1999	07	01	1	0	0	64493	-1111	4.06513	-1111	8.10846	
3499	933465600	1999	08	01	1	0	0	64648	-1111	4.06513	-1111	8.25604	
3530	936144000	1999	09	01	1	0	0	64795	-1111	4.06513	-1111	8.15995	
3560	938736000	1999	10	01	1	0	0	64935	-1111	4.06513	-1111	8.02229	
3591	941414400	1999	11	01	1	0	0	65093	-1111	4.06513	-1111	7.72513	
3621	944006400	1999	12	01	1	0	0	65249	-1111	4.06513	-1111	7.72751	
3652	946684800	2000	01	01	1	0	0	65409	-1111	4.06513	-1111	7.70914	
3683	949363200	2000	02	01	1	0.6	0.6	65534	-1111	4.13409	-1111	6.26921	
3712	951868800	2000	03	01	1	0.6	0.6	65669	-1111	4.13409	-1111	4.8347	
3743	954547200	2000	04	01	1	0.6	0.6	65825	-1111	4.13409	-1111	4.14182	
3773	957139200	2000	05	01	1	0.6	0.6	65970	-1111	4.13409	-1111	3.66601	
3804	959817600	2000	06	01	1	0.6	0.6	66157	-1111	4.13409	-1111	3.22236	
3834	962409600	2000	07	01	1	0.6	0.6	66296	-1111	4.13409	-1111	2.94888	
3865	965088000	2000	08	01	1	0.6	0.6	66421	-1111	4.13409	-1111	2.34341	
3896	967766400	2000	09	01	1	0.6	0.6	66593	-1111	4.13409	-1111	2.05097	
3926	970358400	2000	10	01	1	0.6	0.6	66757	-1111	4.13409	-1111	1.67083	
3957	973036800	2000	11	01	1	0.6	0.6	66945	-1111	4.13409	-1111	1.71422	
3987	975628800	2000	12	01	1	0.6	0.6	67103	-1111	4.13409	-1111	1.69226	
4018	978307200	2001	01	01	1	0.6	0.6	67276	-1111	4.13409	-1111	1.61435	
4049	980985600	2001	02	01	1	0.6	0.6	67439	-1111	1.86182	-1111	1.64815	
4077	983404800	2001	03	01	1	0.6	0.6	67580	-1111	1.86182	-1111	1.73524	
4108	986083200	2001	04	01	1	0.6	0.6	67761	-1111	1.86182	-1111	1.76471	
4138	988675200	2001	05	01	1	0.6	0.6	67913	-1111	1.86182	-1111	1.74794	
4169	991353600	2001	06	01	1	0.6	0.6	68089	-1111	1.86182	-1111	1.63092	
4199	993945600	2001	07	01	1	0.6	0.6	68250	-1111	1.86182	-1111	1.52523	
4230	996624000	2001	08	01	1	0.6	0.6	68413	-1111	1.86182	-1111	1.56552	
4261	999302400	2001	09	01	1	0.6	0.6	68580	-1111	1.86182	-1111	1.63896	
4291	1001894400	2001	10	01	1	0.6	0.6	68736	-1111	1.86182	-1111	1.93688	
4322	1004572800	2001	11	01	1	0.6	0.6	68882	-1111	1.86182	-1111	2.08672	
4352	1007164800	2001	12	01	1	0.6	0.6	69049	-1111	1.86182	-1111	2.2284	
4383	1009843200	2002	01	01	1	0.6	0.6	69194	-1111	1.86182	-1111	2.27522	
4414	1012521600	2002	02	01	1	0.6	0.6	69344	-1111	1.23005	-1111	2.62945	
4442	1014940800	2002	03	01	1	0.6	0.6	69487	-1111	1.23005	-1111	2.78225	
4473	1017619200	2002	04	01	1	0.6	0.6	69638	-1111	1.23005	-1111	2.71371	
4503	1020211200	2002	05	01	1	0.6	0.6	69805	-1111	1.23005	-1111	2.87885	
4534	1022889600	2002	06	01	1	0.6	0.6	69954	-1111	1.23005	-1111	3.00046	
4564	1025481600	2002	07	01	1	0.6	0.6	70104	-1111	1.23005	-1111	3.31062	
4595	1028160000	2002	08	01	1	0.6	0.6	70256	-1111	1.23005	-1111	3.56758	
4626	1030838400	2002	09	01	1	0.6	0.6	70410	-1111	1.23005	-1111	3.83202	
4656	1033430400	2002	10	01	1	0.6	0.6	70566	-1111	1.23005	-1111	3.96324	
4687	1036108800	2002	11	01	1	0.6	0.6	70731	-1111	1.23005	-1111	4.33316	
4717	1038700800	2002	12	01	1	0.6	0.6	70915	-1111	1.23005	-1111	4.41787	
4748	1041379200	2003	01	01	1	0.6	0.6	71108	-1111	1.23005	-1111	4.50173	
4779	1044057600	2003	02	01	1	0.6	0.6	71274	-1111	2.28242	-1111	4.66998	
4807	1046476800	2003	03	01	1	0.6	0.6	71434	-1111	2.28242	-1111	4.7521	
4838	1049155200	2003	04	01	1	0.6	0.6	71614	-1111	2.28242	-1111	5.09752	
4868	1051747200	2003	05	01	1	0.6	0.6	71774	-1111	2.28242	-1111	5.35102	
4899	1054425600	2003	06	01	1	0.6	0.6	71922	-1111	2.28242	-1111	5.49378	
4929	1057017600	2003	07	01	1	0.6	0.6	72093	-1111	2.28242	-1111	5.2256	
4960	1059696000	2003	08	01	1	0.6	0.6	72251	-1111	2.28242	-1111	5.44609	
4991	1062374400	2003	09	01	1	0.6	0.6	72424	-1111	2.28242	-1111	5.39435	
5021	1064966400	2003	10	01	1	0.6	0.6	72600	-1111	2.28242	-1111	5.54406	
5052	1067644800	2003	11	01	1	0.6	0.6	72774	-1111	2.28242	-1111	5.42581	
5082	1070236800	2003	12	01	1	0.6	0.6	72973	-1111	2.28242	-1111	5.64975	
5113	1072915200	2004	01	01	1	0.6	0.6	73185	-1111	2.28242	-1111	5.72866	
5144	1075593600	2004	02	01	1	0.6	0.6	73366	-1111	3.27485	-1111	5.61222	
5173	1078099200	2004	03	01	1	0.6	0.6	73520	-1111	3.27485	-1111	5.65438	
5204	1080777600	2004	04	01	1	0.6	0.6	73719	-1111	3.27485	-1111	5.52002	
5234	1083369600	2004	05	01	1	0.6	0.6	73875	-1111	3.27485	-1111	5.67262	
5265	1086048000	2004	06	01	1	0.6	0.6	74054	-1111	3.27485	-1111	5.69685	
5295	1088640000	2004	07	01	1	0.6	0.6	74220	-1111	3.27485	-1111	5.56269	
5326	1091318400	2004	08	01	1	0.6	0.6	74389	-1111	3.27485	-1111	5.36963	
5357	1093996800	2004	09	01	1	0.6	0.6	74548	-1111	3.27485	-1111	5.32488	
5387	1096588800	2004	10	01	1	0.6	0.6	74742	-1111	3.27485	-1111	5.46946	
5418	1099267200	2004	11	01	1	0.6	0.6	74928	-1111	3.27485	-1111	5.23799	
5448	1101859200	2004	12	01	1	0.6	0.6	75054	-1111	3.27485	-1111	5.18036	
5479	1104537600	2005	01	01	1	0.6	0.6	75232	-1111	3.27485	-1111	5.16732	
5510	1107216000	2005	02	01	1	0.6	0.6	75374	-1111	3.23229	-1111	4.27314	
5538	1109635200	2005	03	01	1	0.6	0.6	75553	-1111	3.23229	-1111	3.76248	
5569	1112313600	2005	04	01	1	0.6	0.6	75756	-1111	3.23229	-1111	3.4927	
5599	1114905600	2005	05	01	1	0.6	0.6	75942	-1111	3.23229	-1111	2.97314	
5630	1117584000	2005	06	01	1	0.6	0.6	76121	-1111	3.23229	-1111	2.93857	
5660	1120176000	2005	07	01	1	0.6	0.6	76268	-1111	3.23229	-1111	2.70242	
5691	1122854400	2005	08	01	1	0.6	0.6	76432	-1111	3.23229	-1111	2.57569	
5722	1125532800	2005	09	01	1	0.6	0.6	76605	-1111	3.23229	-1111	2.45192	
5752	1128124800	2005	10	01	1	0.6	0.6	76757	-1111	3.23229	-1111	2.35647	
5783	1130803200	2005	11	01	1	0.6	0.6	76979	-1111	3.23229	-1111	2.34057	
5813	1133395200	2005	12	01	1	0.6	0.6	77183	-1111	3.23229	-1111	2.37838	
5844	1136073600	2006	01	01	1	0.6	0.6	77356	-1111	3.23229	-1111	2.28402	
5875	1138752000	2006	02	01	1	0.6	0.6	77543	-1111	1.88477	-1111	2.00887	
5903	1141171200	2006	03	01	1	0.6	0.6	77695	-1111	1.88477	-1111	2.0377	
5934	1143849600	2006	04	01	1	0.6	0.6	77893	-1111	1.88477	-1111	2.04828	
5964	1146441600	2006	05	01	1	0.6	0.6	78069	-1111	1.88477	-1111	2.07372	
5995	1149120000	2006	06	01	1	0.6	0.6	78220	-1111	1.88477	-1111	1.92181	
6025	1151712000	2006	07	01	1	0.6	0.6	78414	-1111	1.88477	-1111	1.93979	
6056	1154390400	2006	08	01	1	0.6	0.6	78578	-1111	1.88477	-1111	2.05604	
6087	1157068800	2006	09	01	1	0.6	0.6	78774	-1111	1.88477	-1111	2.15216	
6117	1159660800	2006	10	01	1	0.6	0.6	78956	-1111	1.88477	-1111	2.23693	
6148	1162339200	2006	11	01	1	0.6	0.6	79134	-1111	1.88477	-1111	2.54704	
6178	1164931200	2006	12	01	1	0.6	0.6	79325	-1111	1.88477	-1111	2.54733	
6209	1167609600	2007	01	01	1	0.6	0.6	79540	-1111	1.88477	-1111	2.6676	
6240	1170288000	2007	02	01	1	0.6	0.6	79736	-1111	1.41982	-1111	2.81655	
6268	1172707200	2007	03	01	1	0.6	0.6	79914	-1111	1.41982	-1111	3.06122	
6299	1175385600	2007	04	01	1	0.6	0.6	80133	-1111	1.41982	-1111	3.25641	
6329	1177977600	2007	05	01	1	0.6	0.6	80327	-1111	1.41982	-1111	3.64676	
6360	1180656000	2007	06	01	1	0.6	0.6	80517	-1111	1.41982	-1111	3.729	
6390	1183248000	2007	07	01	1	0.6	0.6	80737	-1111	1.41982	-1111	3.86786	
6421	1185926400	2007	08	01	1	0.6	0.6	80939	-1111	1.41982	-1111	3.82506	
6452	1188604800	2007	09	01	1	0.6	0.6	81110	-1111	1.41982	-1111	4.16809	
6482	1191196800	2007	10	01	1	0.6	0.6	81281	-1111	1.41982	-1111	4.46564	
6513	1193875200	2007	11	01	1	0.6	0.6	81516	-1111	1.41982	-1111	4.87567	
6543	1196467200	2007	12	01	1	0.6	0.6	81687	-1111	1.41982	-1111	4.89368	
6574	1199145600	2008	01	01	1	0.6	0.6	81889	-1111	1.41982	-1111	5.08795	
6605	1201824000	2008	02	01	1	0.6	0.6	82088	-1111	2.46493	-1111	5.20904	
6634	1204329600	2008	03	01	1	0.6	0.6	82263	-1111	2.46493	-1111	5.29664	
6665	1207008000	2008	04	01	1	0.6	0.6	82441	-1111	2.46493	-1111	5.19967	
6695	1209600000	2008	05	01	1	0.6	0.6	82624	-1111	2.46493	-1111	5.23944	
6726	1212278400	2008	06	01	1	0.6	0.6	82835	-1111	2.46493	-1111	5.40773	
6756	1214870400	2008	07	01	1	0.6	0.6	82965	-1111	2.46493	-1111	5.48527	
6787	1217548800	2008	08	01	1	0.6	0.6	83159	-1111	2.46493	-1111	5.68664	
6818	1220227200	2008	09	01	1	0.6	0.6	83310	-1111	2.46493	-1111	5.73276	
6848	1222819200	2008	10	01	1	0.6	0.6	83492	-1111	2.46493	-1111	5.66199	
6879	1225497600	2008	11	01	1	0.6	0.6	83697	-1111	2.46493	-1111	5.72631	
6909	1228089600	2008	12	01	1	0.6	0.6	83883	-1111	2.46493	-1111	5.85212	
6940	1230768000	2009	01	01	1	0.6	0.6	84090	-1111	2.46493	-1111	6.05776	
6971	1233446400	2009	02	01	1	0.6	0.6	84276	-1111	3.28624	-1111	6.03883	
6999	1235865600	2009	03	01	1	0.6	0.6	84436	-1111	3.28624	-1111	5.79616	
7030	1238544000	2009	04	01	1	0.6	0.6	84643	-1111	3.28624	-1111	5.70608	
7060	1241136000	2009	05	01	1	0.6	0.6	84825	-1111	3.28624	-1111	5.65629	
7091	1243814400	2009	06	01	1	0.6	0.6	84987	-1111	3.28624	-1111	5.58906	
7121	1246406400	2009	07	01	1	0.6	0.6	85201	-1111	3.28624	-1111	5.51604	
7152	1249084800	2009	08	01	1	0.6	0.6	85398	-1111	3.28624	-1111	5.72998	
7183	1251763200	2009	09	01	1	0.6	0.6	85590	-1111	3.28624	-1111	5.66296	
7213	1254355200	2009	10	01	1	0.6	0.6	85768	-1111	3.28624	-1111	5.48308	
7244	1257033600	2009	11	01	1	0.6	0.6	85951	-1111	3.28624	-1111	5.43488	
7274	1259625600	2009	12	01	1	0.6	0.6	86187	-1111	3.28624	-1111	5.20781	
7305	1262304000	2010	01	01	1	0.6	0.6	86386	-1111	3.28624	-1111	5.14952	
7336	1264982400	2010	02	01	1	0.6	0.6	86580	-1111	3.09688	-1111	4.34273	
7364	1267401600	2010	03	01	1	0.6	0.6	86748	-1111	3.09688	-1111	3.74118	
7395	1270080000	2010	04	01	1	0.6	0.6	86956	-1111	3.09688	-1111	3.40929	
7425	1272672000	2010	05	01	1	0.6	0.6	87126	-1111	3.09688	-1111	3.0155	
7456	1275350400	2010	06	01	1	0.6	0.6	87298	-1111	3.09688	-1111	2.88024	
7486	1277942400	2010	07	01	1	0.6	0.6	87507	-1111	3.09688	-1111	2.72658	
7517	1280620800	2010	08	01	1	0.6	0.6	87737	-1111	3.09688	-1111	2.62783	
7548	1283299200	2010	09	01	1	0.6	0.6	87954	-1111	3.09688	-1111	2.5918	
7578	1285891200	2010	10	01	1	0.6	0.6	88143	-1111	3.09688	-1111	2.51564	
7609	1288569600	2010	11	01	1	0.6	0.6	88397	-1111	3.09688	-1111	2.4752	
7639	1291161600	2010	12	01	1	0.6	0.6	88642	-1111	3.09688	-1111	2.59017	
7670	1293840000	2011	01	01	1	0.6	0.6	88813	-1111	3.09688	-1111	2.47752	
7701	1296518400	2011	02	01	1	0.6	0.6	89041	-1111	1.9252	-1111	2.45415	
7729	1298937600	2011	03	01	1	0.6	0.6	89256	-1111	1.9252	-1111	2.31364	
7760	1301616000	2011	04	01	1	0.6	0.6	89481	-1111	1.9252	-1111	2.38022	
7790	1304208000	2011	05	01	1	0.6	0.6	89725	-1111	1.9252	-1111	2.29041	
7821	1306886400	2011	06	01	1	0.6	0.6	89945	-1111	1.9252	-1111	2.32904	
7851	1309478400	2011	07	01	1	0.6	0.6	90183	-1111	1.9252	-1111	2.39484	
7882	1312156800	2011	08	01	1	0.6	0.6	90392	-1111	1.9252	-1111	2.50977	
7913	1314835200	2011	09	01	1	0.6	0.6	90599	-1111	1.9252	-1111	2.58901	
7943	1317427200	2011	10	01	1	0.6	0.6	90827	-1111	1.9252	-1111	2.61506	
7974	1320105600	2011	11	01	1	0.6	0.6	91007	-1111	1.9252	-1111	2.5651	
8004	1322697600	2011	12	01	1	0.6	0.6	91221	-1111	1.9252	-1111	2.35578	
8035	1325376000	2012	01	01	1	0.6	0.6	91442	-1111	1.9252	-1111	2.63169	
8066	1328054400	2012	02	01	1	0.6	0.6	91669	-1111	1.63823	-1111	2.83343	
8095	1330560000	2012	03	01	1	0.6	0.6	91867	-1111	1.63823	-1111	3.11172	
8126	1333238400	2012	04	01	1	0.6	0.6	92087	-1111	1.63823	-1111	3.14616	
8156	1335830400	2012	05	01	1	0.6	0.6	92286	-1111	1.63823	-1111	3.20634	
8187	1338508800	2012	06	01	1	0.6	0.6	92469	-1111	1.63823	-1111	3.12246	
8217	1341100800	2012	07	01	1	0.6	0.6	92681	-1111	1.63823	-1111	3.31058	
8248	1343779200	2012	08	01	1	0.6	0.6	92899	-1111	1.63823	-1111	3.37657	
8279	1346457600	2012	09	01	1	0.6	0.6	93140	-1111	1.63823	-1111	3.34719	
8309	1349049600	2012	10	01	1	0.6	0.6	93357	-1111	1.63823	-1111	3.29056	
8340	1351728000	2012	11	01	1	0.6	0.6	93585	-1111	1.63823	-1111	3.38869	
8370	1354320000	2012	12	01	1	0.6	0.6	93793	-1111	1.63823	-1111	3.40742	
8401	1356998400	2013	01	01	1	0.6	0.6	94039	-1111	1.63823	-1111	3.54702	
8432	1359676800	2013	02	01	1	0.6	0.6	94286	-1111	2.11314	-1111	3.6068	
8460	1362096000	2013	03	01	1	0.6	0.6	94481	-1111	2.11314	-1111	3.37331	
8491	1364774400	2013	04	01	1	0.6	0.6	94697	-1111	2.11314	-1111	3.37204	
8521	1367366400	2013	05	01	1	0.6	0.6	94915	-1111	2.11314	-1111	3.442	
8552	1370044800	2013	06	01	1	0.6	0.6	95141	-1111	2.11314	-1111	3.62444	
8582	1372636800	2013	07	01	1	0.6	0.6	95360	-1111	2.11314	-1111	3.8177	
8613	1375315200	2013	08	01	1	0.6	0.6	95591	-1111	2.11314	-1111	3.59426	
8644	1377993600	2013	09	01	1	0.6	0.6	95829	-1111	2.11314	-1111	3.81159	
8674	1380585600	2013	10	01	1	0.6	0.6	96045	-1111	2.11314	-1111	3.65183	
8705	1383264000	2013	11	01	1	0.6	0.6	96279	-1111	2.11314	-1111	3.48738	
8735	1385856000	2013	12	01	1	0.6	0.6	96494	-1111	2.11314	-1111	3.38392	
8766	1388534400	2014	01	01	1	0.6	0.6	96743	-1111	2.11314	-1111	3.56564	
8797	1391212800	2014	02	01	1	0.6	0.6	96944	-1111	2.3011	-1111	3.59898	
8825	1393632000	2014	03	01	1	0.6	0.6	97177	-1111	2.3011	-1111	3.70729	
8856	1396310400	2014	04	01	1	0.6	0.6	97406	-1111	2.3011	-1111	3.81845	
8886	1398902400	2014	05	01	1	0.6	0.6	97646	-1111	2.3011	-1111	3.75381	
8917	1401580800	2014	06	01	1	0.6	0.6	97896	-1111	2.3011	-1111	3.80102	
8947	1404172800	2014	07	01	1	0.6	0.6	98106	-1111	2.3011	-1111	3.91068	
8978	1406851200	2014	08	01	1	0.6	0.6	98317	-1111	2.3011	-1111	3.69898	
9009	1409529600	2014	09	01	1	0.6	0.6	98564	-1111	2.3011	-1111	3.48061	
9039	1412121600	2014	10	01	1	0.6	0.6	98790	-1111	2.3011	-1111	3.5727	
9070	1414800000	2014	11	01	1	0.6	0.6	99047	-1111	2.3011	-1111	3.61551	
9100	1417392000	2014	12	01	1	0.6	0.6	99278	-1111	2.3011	-1111	3.59246	
9131	1420070400	2015	01	01	1	0.6	0.6	99518	-1111	2.3011	-1111	3.7423	
9162	1422748800	2015	02	01	1	0.6	0.6	99722	-1111	2.34382	-1111	3.96238	
9190	1425168000	2015	03	01	1	0.6	0.6	99919	-1111	2.34382	-1111	4.35022	
9221	1427846400	2015	04	01	1	0.6	0.6	100150	-1111	2.34382	-1111	4.72811	
9251	1430438400	2015	05	01	1	0.6	0.6	100386	-1111	2.34382	-1111	5.01212	
9282	1433116800	2015	06	01	1	0.6	0.6	100619	-1111	2.34382	-1111	5.27158	
9312	1435708800	2015	07	01	1	0.6	0.6	100823	-1111	2.34382	-1111	5.64049	
9343	1438387200	2015	08	01	1	0.6	0.6	101015	-1111	2.34382	-1111	5.74802	
9374	1441065600	2015	09	01	1	0.6	0.6	101275	-1111	2.34382	-1111	6.07867	
9404	1443657600	2015	10	01	1	0.6	0.6	101522	-1111	2.34382	-1111	6.09902	
9435	1446336000	2015	11	01	1	0.6	0.6	101782	-1111	2.34382	-1111	5.83652	
9465	1448928000	2015	12	01	1	0.6	0.6	101998	-1111	2.34382	-1111	5.90339	
9496	1451606400	2016	01	01	1	0.6	0.6	102243	-1111	2.34382	-1111	5.77071	
9527	1454284800	2016	02	01	1	0.6	0.6	102472	-1111	3.18445	-1111	5.73309	
9556	1456790400	2016	03	01	1	0.6	0.6	102712	-1111	3.18445	-1111	5.56128	
9587	1459468800	2016	04	01	1	0.6	0.6	102939	-1111	3.18445	-1111	5.65613	
9617	1462060800	2016	05	01	1	0.6	0.6	103187	-1111	3.18445	-1111	5.87006	
9648	1464739200	2016	06	01	1	0.6	0.6	103450	-1111	3.18445	-1111	5.93118	
9678	1467331200	2016	07	01	1	0.6	0.6	103704	-1111	3.18445	-1111	5.85347	
9709	1470009600	2016	08	01	1	0.6	0.6	103915	-1111	3.18445	-1111	5.74314	
9740	1472688000	2016	09	01	1	0.6	0.6	104150	-1111	3.18445	-1111	5.66739	
9770	1475280000	2016	10	01	1	0.6	0.6	104359	-1111	3.18445	-1111	5.42534	
9801	1477958400	2016	11	01	1	0.6	0.6	104574	-1111	3.18445	-1111	5.28537	
9831	1480550400	2016	12	01	1	0.6	0.6	104819	-1111	3.18445	-1111	5.11654	
9862	1483228800	2017	01	01	1	0.6	0.6	105101	-1111	3.18445	-1111	5.31052	
9893	1485907200	2017	02	01	1	0.6	0.6	105305	-1111	3.26595	-1111	5.10773	
9921	1488326400	2017	03	01	1	0.6	0.6	105537	-1111	3.26595	-1111	4.97811	
9952	1491004800	2017	04	01	1	0.6	0.6	105779	-1111	3.26595	-1111	4.73651	
9982	1493596800	2017	05	01	1	0.6	0.6	106026	-1111	3.26595	-1111	4.74221	
10013	1496275200	2017	06	01	1	0.6	0.6	106262	-1111	3.26595	-1111	4.62626	
10043	1498867200	2017	07	01	1	0.6	0.6	106525	-1111	3.26595	-1111	4.52156	
10074	1501545600	2017	08	01	1	0.6	0.6	106765	-1111	3.26595	-1111	4.58349	
10105	1504224000	2017	09	01	1	0.6	0.6	107048	-1111	3.26595	-1111	4.56459	
10135	1506816000	2017	10	01	1	0.6	0.6	107277	-1111	3.26595	-1111	4.62747	
10166	1509494400	2017	11	01	1	0.6	0.6	107519	-1111	3.26595	-1111	4.35194	
10196	1512086400	2017	12	01	1	0.6	0.6	107757	-1111	3.26595	-1111	4.36948	
10227	1514764800	2018	01	01	1	0.6	0.6	108019	-1111	3.26595	-1111	4.40845	
10258	1517443200	2018	02	01	1	0.6	0.6	108238	-1111	2.67866	-1111	4.53094	
10286	1519862400	2018	03	01	1	0.6	0.6	108464	-1111	2.67866	-1111	4.61138	
10317	1522540800	2018	04	01	1	0.6	0.6	108705	-1111	2.67866	-1111	4.82502	
10347	1525132800	2018	05	01	1	0.6	0.6	108973	-1111	2.67866	-1111	4.72296	
10378	1527811200	2018	06	01	1	0.6	0.6	109203	-1111	2.67866	-1111	4.70685	
10408	1530403200	2018	07	01	1	0.6	0.6	109427	-1111	2.67866	-1111	4.71137	
10439	1533081600	2018	08	01	1	0.6	0.6	109673	-1111	2.67866	-1111	4.81596	
10470	1535760000	2018	09	01	1	0.6	0.6	109946	-1111	2.67866	-1111	4.72587	
10500	1538352000	2018	10	01	1	0.6	0.6	110186	-1111	2.67866	-1111	4.7809	
10531	1541030400	2018	11	01	1	0.6	0.6	110419	-1111	2.67866	-1111	4.84043	
10561	1543622400	2018	12	01	1	0.6	0.6	110628	-1111	2.67866	-1111	4.82279	
10592	1546300800	2019	01	01	1	0.6	0.6	110882	-1111	2.67866	-1111	5.05312	
10623	1548979200	2019	02	01	1	0.6	0.6	111118	-1111	2.74032	-1111	5.07005	
10651	1551398400	2019	03	01	1	0.6	0.6	111336	-1111	2.74032	-1111	5.09408	
10682	1554076800	2019	04	01	1	0.6	0.6	111554	-1111	2.74032	-1111	4.91042	
10712	1556668800	2019	05	01	1	0.6	0.6	111767	-1111	2.74032	-1111	4.94997	
10743	1559347200	2019	06	01	1	0.6	0.6	112045	-1111	2.74032	-1111	4.85059	
10773	1561939200	2019	07	01	1	0.6	0.6	112298	-1111	2.74032	-1111	4.91173	
10804	1564617600	2019	08	01	1	0.6	0.6	112529	-1111	2.74032	-1111	5.0068	
10835	1567296000	2019	09	01	1	0.6	0.6	112768	-1111	2.74032	-1111	5.06514	
10865	1569888000	2019	10	01	1	0.6	0.6	113013	-1111	2.74032	-1111	5.09033	
10896	1572566400	2019	11	01	1	0.6	0.6	113299	-1111	2.74032	-1111	5.04533	
10926	1575158400	2019	12	01	1	0.6	0.6	113594	-1111	2.74032	-1111	5.01589	
10957	1577836800	2020	01	01	1	0.6	0.6	113858	-1111	2.74032	-1111	5.01362	
10988	1580515200	2020	02	01	1	0.6	0.6	114151	-1111	2.86789	-1111	5.18529	
11017	1583020800	2020	03	01	1	0.6	0.6	114402	-1111	2.86789	-1111	5.19989	
11048	1585699200	2020	04	01	1	0.6	0.6	114678	-1111	2.86789	-1111	5.20091	
11078	1588291200	2020	05	01	1	0.6	0.6	114955	-1111	2.86789	-1111	5.04322	
11109	1590969600	2020	06	01	1	0.6	0.6	115220	-1111	2.86789	-1111	5.06769	
11139	1593561600	2020	07	01	1	0.6	0.6	115499	-1111	2.86789	-1111	4.94058	
11170	1596240000	2020	08	01	1	0.6	0.6	115766	-1111	2.86789	-1111	5.09712	
11201	1598918400	2020	09	01	1	0.6	0.6	116026	-1111	2.86789	-1111	5.18514	
11231	1601510400	2020	10	01	1	0.6	0.6	116314	-1111	2.86789	-1111	5.18726	
11262	1604188800	2020	11	01	1	0.6	0.6	116576	-1111	2.86789	-1111	5.28018	
11292	1606780800	2020	12	01	1	0.6	0.6	116868	-1111	2.86789	-1111	5.21233	
11323	1609459200	2021	01	01	1	0.6	0.6	117155	-1111	2.86789	-1111	5.3542	
11354	1612137600	2021	02	01	1	0.6	0.6	117432	-1111	2.86804	-1111	5.36199	
11382	1614556800	2021	03	01	1	0.6	0.6	117654	-1111	2.86804	-1111	5.41725	
11413	1617235200	2021	04	01	1	0.6	0.6	117896	-1111	2.86804	-1111	5.44829	
11443	1619827200	2021	05	01	1	0.6	0.6	118145	-1111	2.86804	-1111	5.42964	
11474	1622505600	2021	06	01	1	0.6	0.6	118430	-1111	2.86804	-1111	5.42605	
11504	1625097600	2021	07	01	1	0.6	0.6	118683	-1111	2.86804	-1111	5.45834	
11535	1627776000	2021	08	01	1	0.6	0.6	118987	-1111	2.86804	-1111	5.58792	
11566	1630454400	2021	09	01	1	0.6	0.6	119292	-1111	2.86804	-1111	5.6454	
11596	1633046400	2021	10	01	1	0.6	0.6	119575	-1111	2.86804	-1111	5.58652	
11627	1635724800	2021	11	01	1	0.6	0.6	119896	-1111	2.86804	-1111	5.44868	
11657	1638316800	2021	12	01	1	0.6	0.6	120167	-1111	2.86804	-1111	5.47027	
11688	1640995200	2022	01	01	1	0.6	0.6	120482	-1111	2.86804	-1111	5.19421	
11719	1643673600	2022	02	01	1	0.6	0.6	120740	-1111	3.05444	-1111	5.17703	
11747	1646092800	2022	03	01	1	0.6	0.6	120996	-1111	3.05444	-1111	5.06573	
11778	1648771200	2022	04	01	1	0.6	0.6	121308	-1111	3.05444	-1111	5.04719	
11808	1651363200	2022	05	01	1	0.6	0.6	121618	-1111	3.05444	-1111	5.01818	
11839	1654041600	2022	06	01	1	0.6	0.6	121962	-1111	3.05444	-1111	4.95415	
11869	1656633600	2022	07	01	1	0.6	0.6	122223	-1111	3.05444	-1111	4.97833	
11900	1659312000	2022	08	01	1	0.6	0.6	122498	-1111	3.05444	-1111	4.96949	
11931	1661990400	2022	09	01	1	0.6	0.6	122819	-1111	3.05444	-1111	4.9971	
11961	1664582400	2022	10	01	1	0.6	0.6	123106	-1111	3.05444	-1111	5.124	
11992	1667260800	2022	11	01	1	0.6	0.6	123432	-1111	3.05444	-1111	5.03881	
12022	1669852800	2022	12	01	1	0.6	0.6	123712	-1111	3.05444	-1111	5.09342	
12053	1672531200	2023	01	01	1	0.6	0.6	124024	-1111	3.05444	-1111	5.09784	
12084	1675209600	2023	02	01	1	0.6	0.6	124322	-1111	2.81958	-1111	5.13343	
12112	1677628800	2023	03	01	1	0.6	0.6	124610	-1111	2.81958	-1111	4.96695	
12143	1680307200	2023	04	01	1	0.6	0.6	124904	-1111	2.81958	-1111	5.12413	
12173	1682899200	2023	05	01	1	0.6	0.6	125162	-1111	2.81958	-1111	5.27901	
12204	1685577600	2023	06	01	1	0.6	0.6	125474	-1111	2.81958	-1111	5.24121	
12234	1688169600	2023	07	01	1	0.6	0.6	125756	-1111	2.81958	-1111	5.30348	
12265	1690848000	2023	08	01	1	0.6	0.6	126053	-1111	2.81958	-1111	5.27574	
12296	1693526400	2023	09	01	1	0.6	0.6	126353	-1111	2.81958	-1111	5.47554	
12326	1696118400	2023	10	01	1	0.6	0.6	126632	-1111	2.81958	-1111	5.42039	
12357	1698796800	2023	11	01	1	0.6	0.6	126930	-1111	2.81958	-1111	5.36601	
12387	1701388800	2023	12	01	1	0.6	0.6	127230	-1111	2.81958	-1111	5.20665	
12418	1704067200	2024	01	01	1	0.6	0.6	127544	-1111	2.81958	-1111	5.28276	
12449	1706745600	2024	02	01	1	0.6	0.6	127839	-1111	2.89538	-1111	5.13846	
12478	1709251200	2024	03	01	1	0.6	0.6	128101	-1111	2.89538	-1111	4.99722	
12509	1711929600	2024	04	01	1	0.6	0.6	128414	-1111	2.89538	-1111	5.02664	
12539	1714521600	2024	05	01	1	0.6	0.6	128718	-1111	2.89538	-1111	4.95853	
12570	1717200000	2024	06	01	1	0.6	0.6	129012	-1111	2.89538	-1111	5.07209	
12600	1719792000	2024	07	01	1	0.6	0.6	129305	-1111	2.89538	-1111	5.12319	
12631	1722470400	2024	08	01	1	0.6	0.6	129634	-1111	2.89538	-1111	5.09457	
12662	1725148800	2024	09	01	1	0.6	0.6	129935	-1111	2.89538	-1111	4.89859	
12692	1727740800	2024	10	01	1	0.6	0.6	130213	-1111	2.89538	-1111	4.96011	
12723	1730419200	2024	11	01	1	0.6	0.6	130519	-1111	2.89538	-1111	4.87001	
12753	1733011200	2024	12	01	1	0.6	0.6	130824	-1111	2.89538	-1111	4.82538	
12784	1735689600	2025	01	01	1	0.6	0.6	131131	-1111	2.89538	-1111	4.69173	
12815	1738368000	2025	02	01	1	0.6	0.6	131457	-1111	2.79536	-1111	4.11911	
12843	1740787200	2025	03	01	1	0.6	0.6	131764	-1111	2.79536	-1111	3.64337	
12874	1743465600	2025	04	01	1	0.6	0.6	132058	-1111	2.79536	-1111	3.50401	
12904	1746057600	2025	05	01	1	0.6	0.6	132336	-1111	2.79536	-1111	3.25126	
12935	1748736000	2025	06	01	1	0.6	0.6	132652	-1111	2.79536	-1111	2.91026	
12965	1751328000	2025	07	01	1	0.6	0.6	132932	-1111	2.79536	-1111	2.68421	
12996	1754006400	2025	08	01	1	0.6	0.6	133253	-1111	2.79536	-1111	2.71611	
13027	1756684800	2025	09	01	1	0.6	0.6	133578	-1111	2.79536	-1111	2.83795	
13057	1759276800	2025	10	01	1	0.6	0.6	133907	-1111	2.79536	-1111	2.74005	
13088	1761955200	2025	11	01	1	0.6	0.6	134209	-1111	2.79536	-1111	2.56448	
13118	1764547200	2025	12	01	1	0.6	0.6	134479	-1111	2.79536	-1111	2.5142	
13149	1767225600	2026	01	01	1	0.6	0.6	134817	-1111	2.79536	-1111	2.5421	
13180	1769904000	2026	02	01	1	0.6	0.6	135133	-1111	1.91795	-1111	2.40312	
13208	1772323200	2026	03	01	1	0.6	0.6	135398	-1111	1.91795	-1111	2.51899	
13239	1775001600	2026	04	01	1	0.6	0.6	135765	-1111	1.91795	-1111	2.4118	
13269	1777593600	2026	05	01	1	0.6	0.6	136068	-1111	1.91795	-1111	2.27594	
13300	1780272000	2026	06	01	1	0.6	0.6	136351	-1111	1.91795	-1111	2.33275	
13330	1782864000	2026	07	01	1	0.6	0.6	136635	-1111	1.91795	-1111	2.27723	
13361	1785542400	2026	08	01	1	0.6	0.6	136971	-1111	1.91795	-1111	2.38265	
13392	1788220800	2026	09	01	1	0.6	0.6	137289	-1111	1.91795	-1111	2.36225	
13422	1790812800	2026	10	01	1	0.6	0.6	137615	-1111	1.91795	-1111	2.32956	
13453	1793491200	2026	11	01	1	0.6	0.6	137934	-1111	1.91795	-1111	2.46235	
13483	1796083200	2026	12	01	1	0.6	0.6	138248	-1111	1.91795	-1111	2.59884	
13514	1798761600	2027	01	01	1	0.6	0.6	138555	-1111	1.91795	-1111	2.64955	
13545	1801440000	2027	02	01	1	0.6	0.6	138874	-1111	1.60047	-1111	2.71331	
13573	1803859200	2027	03	01	1	0.6	0.6	139171	-1111	1.60047	-1111	2.764	
13604	1806537600	2027	04	01	1	0.6	0.6	139500	-1111	1.60047	-1111	2.78129	
13634	1809129600	2027	05	01	1	0.6	0.6	139835	-1111	1.60047	-1111	2.95365	
13665	1811808000	2027	06	01	1	0.6	0.6	140162	-1111	1.60047	-1111	2.95437	
13695	1814400000	2027	07	01	1	0.6	0.6	140487	-1111	1.60047	-1111	3.03183	
13726	1817078400	2027	08	01	1	0.6	0.6	140810	-1111	1.60047	-1111	3.07478	
13757	1819756800	2027	09	01	1	0.6	0.6	141128	-1111	1.60047	-1111	3.17655	
13787	1822348800	2027	10	01	1	0.6	0.6	141507	-1111	1.60047	-1111	3.16735	
13818	1825027200	2027	11	01	1	0.6	0.6	141833	-1111	1.60047	-1111	3.03307	
13848	1827619200	2027	12	01	1	0.6	0.6	142102	-1111	1.60047	-1111	3.17298	
13879	1830297600	2028	01	01	1	0.6	0.6	142479	-1111	1.60047	-1111	3.10369	
13910	1832976000	2028	02	01	1	0.6	0.6	142796	-1111	1.93615	-1111	3.20035	
13939	1835481600	2028	03	01	1	0.6	0.6	143051	-1111	1.93615	-1111	3.259	
13970	1838160000	2028	04	01	1	0.6	0.6	143428	-1111	1.93615	-1111	3.45542	
14000	1840752000	2028	05	01	1	0.6	0.6	143761	-1111	1.93615	-1111	3.58951	
14031	1843430400	2028	06	01	1	0.6	0.6	144068	-1111	1.93615	-1111	3.63543	
14061	1846022400	2028	07	01	1	0.6	0.6	144394	-1111	1.93615	-1111	3.72629	
14092	1848700800	2028	08	01	1	0.6	0.6	144710	-1111	1.93615	-1111	3.84626	
14123	1851379200	2028	09	01	1	0.6	0.6	145074	-1111	1.93615	-1111	3.76299	
14153	1853971200	2028	10	01	1	0.6	0.6	145410	-1111	1.93615	-1111	3.74667	
14184	1856649600	2028	11	01	1	0.6	0.6	145694	-1111	1.93615	-1111	3.78483	
14214	1859241600	2028	12	01	1	0.6	0.6	146028	-1111	1.93615	-1111	3.81814	
14245	1861920000	2029	01	01	1	0.6	0.6	146386	-1111	1.93615	-1111	3.75428	
14276	1864598400	2029	02	01	1	0.6	0.6	146770	-1111	2.34898	-1111	3.84062	
14304	1867017600	2029	03	01	1	0.6	0.6	147077	-1111	2.34898	-1111	3.78146	
14335	1869696000	2029	04	01	1	0.6	0.6	147402	-1111	2.34898	-1111	3.83739	
14365	1872288000	2029	05	01	1	0.6	0.6	147730	-1111	2.34898	-1111	3.72162	
14396	1874966400	2029	06	01	1	0.6	0.6	148074	-1111	2.34898	-1111	3.75013	
14426	1877558400	2029	07	01	1	0.6	0.6	148392	-1111	2.34898	-1111	3.71314	
14457	1880236800	2029	08	01	1	0.6	0.6	148737	-1111	2.34898	-1111	3.84152	
14488	1882915200	2029	09	01	1	0.6	0.6	149082	-1111	2.34898	-1111	3.96672	
14518	1885507200	2029	10	01	1	0.6	0.6	149400	-1111	2.34898	-1111	3.74726	
14549	1888185600	2029	11	01	1	0.6	0.6	149726	-1111	2.34898	-1111	3.9639	
14579	1890777600	2029	12	01	1	0.6	0.6	150095	-1111	2.34898	-1111	3.9733	
14610	1893456000	2030	01	01	1	0.6	0.6	150483	-1111	2.34898	-1111	3.92411	
