0	631152000	1990	01	01	1	0.6	0.5	50000	-1111	0	-1111	4.53953	
31	633830400	1990	02	01	1	0	0	50119	-1111	0	-1111	11.7979	
59	636249600	1990	03	01	1	0	0	50224	-1111	0	-1111	14.5992	
90	638928000	1990	04	01	1	0	0	50332	-1111	0	-1111	14.1678	
120	641520000	1990	05	01	1	0	0	50437	-1111	0	-1111	16.9237	
151	644198400	1990	06	01	1	0	0	50537	-1111	0	-1111	17.9905	
181	646790400	1990	07	01	1	0	0	50635	-1111	0	-1111	19.1232	
212	649468800	1990	08	01	1	0	0	50745	-1111	0	-1111	19.5348	
243	652147200	1990	09	01	1	0	0	50832	-1111	0	-1111	20.1664	
273	654739200	1990	10	01	1	0	0	50939	-1111	0	-1111	19.1677	
304	657417600	1990	11	01	1	0	0	51042	-1111	0	-1111	18.4578	
334	660009600	1990	12	01	1	0	0	51130	-1111	0	-1111	17.2681	
365	662688000	1991	01	01	1	0	0	51243	-1111	0	-1111	16.4992	
396	665366400	1991	02	01	1	0	0	51347	-1111	0	-1111	15.5973	
424	667785600	1991	03	01	1	0	0	51447	-1111	0	-1111	14.4097	
455	670464000	1991	04	01	1	0	0	51559	-1111	0	-1111	12.9703	
485	673056000	1991	05	01	1	0	0	51683	-1111	0	-1111	11.5613	
516	675734400	1991	06	01	1	0	0	51823	-1111	0	-1111	10.531	
546	678326400	1991	07	01	1	0	0	51933	-1111	0	-1111	9.69104	
577	681004800	1991	08	01	1	0	0	52039	-1111	0	-1111	8.72573	
608	683683200	1991	09	01	1	0	0	52157	-1111	0	-1111	8.23196	
638	686275200	1991	10	01	1	0	0	52281	-1111	0	-1111	7.57598	
669	688953600	1991	11	01	1	0	0	52367	-1111	0	-1111	7.02137	
699	691545600	1991	12	01	1	0	0	52491	-1111	0	-1111	6.37591	
730	694224000	1992	01	01	1	0	0	52587	-1111	0	-1111	6.2235	
761	696902400	1992	02	01	1	0	0	52678	-1111	5.01924	-1111	5.75627	
790	699408000	1992	03	01	1	0	0	52782	-1111	5.01924	-1111	5.78406	
821	702086400	1992	04	01	1	0	0	52928	-1111	5.01924	-1111	5.68362	
851	704678400	1992	05	01	1	0	0	53042	-1111	5.01924	-1111	5.45921	
882	707356800	1992	06	01	1	0	0	53146	-1111	5.01924	-1111	5.2295	
912	709948800	1992	07	01	1	0	0	53241	-1111	5.01924	-1111	5.64407	
943	712627200	1992	08	01	1	0	0	53373	-1111	5.01924	-1111	5.58513	
974	715305600	1992	09	01	1	0	0	53495	-1111	5.01924	-1111	5.80655	
1004	717897600	1992	10	01	1	0	0	53616	-1111	5.01924	-1111	5.67535	
1035	720576000	1992	11	01	1	0	0	53770	-1111	5.01924	-1111	6.01887	
1065	723168000	1992	12	01	1	0	0	53906	-1111	5.01924	-1111	6.03861	
1096	725846400	1993	01	01	1	0	0	54035	-1111	5.01924	-1111	6.58455	
1127	728524800	1993	02	01	1	0	0	54161	-1111	2.97579	-1111	6.72883	
1155	730944000	1993	03	01	1	0	0	54288	-1111	2.97579	-1111	7.13754	
1186	733622400	1993	04	01	1	0	0	54409	-1111	2.97579	-1111	7.15297	
1216	736214400	1993	05	01	1	0	0	54538	-1111	2.97579	-1111	7.86634	
1247	738892800	1993	06	01	1	0	0	54646	-1111	2.97579	-1111	7.66662	
1277	741484800	1993	07	01	1	0	0	54754	-1111	2.97579	-1111	7.65863	
1308	744163200	1993	08	01	1	0	0	54882	-1111	2.97579	-1111	7.91932	
1339	746841600	1993	09	01	1	0	0	55003	-1111	2.97579	-1111	8.29565	
1369	749433600	1993	10	01	1	0	0	55108	-1111	2.97579	-1111	9.02022	
1400	752112000	1993	11	01	1	0	0	55231	-1111	2.97579	-1111	8.96705	
1430	754704000	1993	12	01	1	0	0	55369	-1111	2.97579	-1111	9.30594	
1461	757382400	1994	01	01	1	0	0	55506	-1111	2.97579	-1111	9.33521	
1492	760060800	1994	02	01	1	0	0	55641	-1111	4.29458	-1111	9.29767	
1520	762480000	1994	03	01	1	0	0	55766	-1111	4.29458	-1111	9.31525	
1551	765158400	1994	04	01	1	0	0	55890	-1111	4.29458	-1111	8.9773	
1581	767750400	1994	05	01	1	0	0	56004	-1111	4.29458	-1111	8.9291	
1612	770428800	1994	06	01	1	0	0	56129	-1111	4.29458	-1111	8.87657	
1642	773020800	1994	07	01	1	0	0	56270	-1111	4.29458	-1111	8.85486	
1673	775699200	1994	08	01	1	0	0	56366	-1111	4.29458	-1111	8.55623	
1704	778377600	1994	09	01	1	0	0	56479	-1111	4.29458	-1111	8.40168	
1734	780969600	1994	10	01	1	0	0	56611	-1111	4.29458	-1111	8.2392	
1765	783648000	1994	11	01	1	0	0	56744	-1111	4.29458	-1111	8.05181	
1795	786240000	1994	12	01	1	0	0	56878	-1111	4.29458	-1111	8.03821	
1826	788918400	1995	01	01	1	0	0	57010	-1111	4.29458	-1111	7.67143	
1857	791596800	1995	02	01	1	0	0	57170	-1111	4.37721	-1111	7.26208	
1885	794016000	1995	03	01	1	0	0	57288	-1111	4.37721	-1111	7.24405	
1916	796694400	1995	04	01	1	0	0	57402	-1111	4.37721	-1111	7.29805	
1946	799286400	1995	05	01	1	0	0	57533	-1111	4.37721	-1111	7.40309	
1977	801964800	1995	06	01	1	0	0	57656	-1111	4.37721	-1111	7.86042	
2007	804556800	1995	07	01	1	0	0	57784	-1111	4.37721	-1111	7.84985	
2038	807235200	1995	08	01	1	0	0	57952	-1111	4.37721	-1111	7.90278	
2069	809913600	1995	09	01	1	0	0	58094	-1111	4.37721	-1111	7.8125	
2099	812505600	1995	10	01	1	0	0	58217	-1111	4.37721	-1111	7.89474	
2130	815184000	1995	11	01	1	0	0	58357	-1111	4.37721	-1111	7.76946	
2160	817776000	1995	12	01	1	0	0	58501	-1111	4.37721	-1111	7.8588	
2191	820454400	1996	01	01	1	0	0	58622	-1111	4.37721	-1111	8.08578	
2222	823132800	1996	02	01	1	0	0	58757	-1111	3.95842	-1111	7.99102	
2251	825638400	1996	03	01	1	0	0	58879	-1111	3.95842	-1111	7.74684	
2282	828316800	1996	04	01	1	0	0	59033	-1111	3.95842	-1111	7.8249	
2312	830908800	1996	05	01	1	0	0	59158	-1111	3.95842	-1111	7.65789	
2343	833587200	1996	06	01	1	0	0	59283	-1111	3.95842	-1111	7.75278	
2373	836179200	1996	07	01	1	0	0	59418	-1111	3.95842	-1111	7.71004	
2404	838857600	1996	08	01	1	0	0	59555	-1111	3.95842	-1111	7.57652	
2435	841536000	1996	09	01	1	0	0	59691	-1111	3.95842	-1111	7.76315	
2465	844128000	1996	10	01	1	0	0	59825	-1111	3.95842	-1111	7.87696	
2496	846806400	1996	11	01	1	0	0	59971	-1111	3.95842	-1111	8.08037	
2526	849398400	1996	12	01	1	0	0	60110	-1111	3.95842	-1111	8.4497	
2557	852076800	1997	01	01	1	0	0	60231	-1111	3.95842	-1111	8.56713	
2588	854755200	1997	02	01	1	0	0	60359	-1111	4.00005	-1111	8.67609	
2616	857174400	1997	03	01	1	0	0	60485	-1111	4.00005	-1111	8.46285	
2647	859852800	1997	04	01	1	0	0	60650	-1111	4.00005	-1111	8.26853	
2677	862444800	1997	05	01	1	0	0	60754	-1111	4.00005	-1111	8.38967	
2708	865123200	1997	06	01	1	0	0	60876	-1111	4.00005	-1111	8.74973	
2738	867715200	1997	07	01	1	0	0	60997	-1111	4.00005	-1111	8.37117	
2769	870393600	1997	08	01	1	0	0	61125	-1111	4.00005	-1111	8.46763	
2800	873072000	1997	09	01	1	0	0	61252	-1111	4.00005	-1111	8.2665	
2830	875664000	1997	10	01	1	0	0	61386	-1111	4.00005	-1111	8.29762	
2861	878342400	1997	11	01	1	0	0	61553	-1111	4.00005	-1111	8.25913	
2891	880934400	1997	12	01	1	0	0	61692	-1111	4.00005	-1111	8.37993	
2922	883612800	1998	01	01	1	0	0	61799	-1111	4.00005	-1111	8.52859	
2953	886291200	1998	02	01	1	0	0	61923	-1111	4.24595	-1111	8.38971	
2981	888710400	1998	03	01	1	0	0	62064	-1111	4.24595	-1111	8.34783	
3012	891388800	1998	04	01	1	0	0	62187	-1111	4.24595	-1111	8.32408	
3042	893980800	1998	05	01	1	0	0	62368	-1111	4.24595	-1111	8.15025	
3073	896659200	1998	06	01	1	0	0	62512	-1111	4.24595	-1111	8.08458	
3103	899251200	1998	07	01	1	0	0	62639	-1111	4.24595	-1111	8.27135	
3134	901929600	1998	08	01	1	0	0	62794	-1111	4.24595	-1111	8.4089	
3165	904608000	1998	09	01	1	0	0	62930	-1111	4.24595	-1111	8.40457	
3195	907200000	1998	10	01	1	0	0	63049	-1111	4.24595	-1111	8.2482	
3226	909878400	1998	11	01	1	0	0	63215	-1111	4.24595	-1111	7.87636	
3256	912470400	1998	12	01	1	0	0	63353	-1111	4.24595	-1111	7.60642	
3287	915148800	1999	01	01	1	0	0	63478	-1111	4.24595	-1111	7.66219	
3318	917827200	1999	02	01	1	0	0	63614	-1111	4.09602	-1111	7.5882	
3346	920246400	1999	03	01	1	0	0	63764	-1111	4.09602	-1111	7.56314	
3377	922924800	1999	04	01	1	0	0	63924	-1111	4.09602	-1111	7.6738	
3407	925516800	1999	05	01	1	0	0	64046	-1111	4.09602	-1111	7.86239	
3438	928195200	1999	06	01	1	0	0	64178	-1111	4.09602	-1111	7.95038	
3468	930787200	1999	07	01	1	0	0	64322	-1111	4.09602	-1111	8.07899	
3499	933465600	1999	08	01	1	0	0	64457	-1111	4.09602	-1111	8.01246	
3530	936144000	1999	09	01	1	0	0	64611	-1111	4.09602	-1111	8.05533	
3560	938736000	1999	10	01	1	0	0	64744	-1111	4.09602	-1111	8.22488	
3591	941414400	1999	11	01	1	0	0	64863	-1111	4.09602	-1111	7.94162	
3621	944006400	1999	12	01	1	0	0	64987	-1111	4.09602	-1111	7.99921	
3652	946684800	2000	01	01	1	0	0	65120	-1111	4.09602	-1111	8.06177	
3683	949363200	2000	02	01	1	0.6	0.6	65277	-1111	3.98063	-1111	6.73777	
3712	951868800	2000	03	01	1	0.6	0.6	65406	-1111	3.98063	-1111	5.03161	
3743	954547200	2000	04	01	1	0.6	0.6	65544	-1111	3.98063	-1111	4.08098	
3773	957139200	2000	05	01	1	0.6	0.6	65713	-1111	3.98063	-1111	3.52672	
3804	959817600	2000	06	01	1	0.6	0.6	65848	-1111	3.98063	-1111	3.03547	
3834	962409600	2000	07	01	1	0.6	0.6	65978	-1111	3.98063	-1111	2.82954	
3865	965088000	2000	08	01	1	0.6	0.6	66120	-1111	3.98063	-1111	2.68235	
3896	967766400	2000	09	01	1	0.6	0.6	66302	-1111	3.98063	-1111	2.41292	
3926	970358400	2000	10	01	1	0.6	0.6	66481	-1111	3.98063	-1111	2.11051	
3957	973036800	2000	11	01	1	0.6	0.6	66661	-1111	3.98063	-1111	2.04455	
3987	975628800	2000	12	01	1	0.6	0.6	66825	-1111	3.98063	-1111	1.99915	
4018	978307200	2001	01	01	1	0.6	0.6	66979	-1111	3.98063	-1111	1.92065	
4049	980985600	2001	02	01	1	0.6	0.6	67137	-1111	1.91621	-1111	1.89326	
4077	983404800	2001	03	01	1	0.6	0.6	67292	-1111	1.91621	-1111	1.89786	
4108	986083200	2001	04	01	1	0.6	0.6	67465	-1111	1.91621	-1111	1.89545	
4138	988675200	2001	05	01	1	0.6	0.6	67645	-1111	1.91621	-1111	1.92788	
4169	991353600	2001	06	01	1	0.6	0.6	67805	-1111	1.91621	-1111	2.06913	
4199	993945600	2001	07	01	1	0.6	0.6	67964	-1111	1.91621	-1111	2.0156	
4230	996624000	2001	08	01	1	0.6	0.6	68117	-1111	1.91621	-1111	2.09856	
4261	999302400	2001	09	01	1	0.6	0.6	68283	-1111	1.91621	-1111	2.07464	
4291	1001894400	2001	10	01	1	0.6	0.6	68446	-1111	1.91621	-1111	1.9339	
4322	1004572800	2001	11	01	1	0.6	0.6	68577	-1111	1.91621	-1111	2.13252	
4352	1007164800	2001	12	01	1	0.6	0.6	68713	-1111	1.91621	-1111	2.55466	
4383	1009843200	2002	01	01	1	0.6	0.6	68905	-1111	1.91621	-1111	2.66122	
4414	1012521600	2002	02	01	1	0.6	0.6	69073	-1111	1.30522	-1111	3.05095	
4442	1014940800	2002	03	01	1	0.6	0.6	69246	-1111	1.30522	-1111	3.07594	
4473	1017619200	2002	04	01	1	0.6	0.6	69410	-1111	1.30522	-1111	3.19921	
4503	1020211200	2002	05	01	1	0.6	0.6	69589	-1111	1.30522	-1111	3.32195	
4534	1022889600	2002	06	01	1	0.6	0.6	69761	-1111	1.30522	-1111	3.31114	
4564	1025481600	2002	07	01	1	0.6	0.6	69926	-1111	1.30522	-1111	3.532	
4595	1028160000	2002	08	01	1	0.6	0.6	70035	-1111	1.30522	-1111	3.76999	
4626	1030838400	2002	09	01	1	0.6	0.6	70186	-1111	1.30522	-1111	3.79791	
4656	1033430400	2002	10	01	1	0.6	0.6	70333	-1111	1.30522	-1111	4.1877	
4687	1036108800	2002	11	01	1	0.6	0.6	70502	-1111	1.30522	-1111	4.31852	
4717	1038700800	2002	12	01	1	0.6	0.6	70638	-1111	1.30522	-1111	4.6754	
4748	1041379200	2003	01	01	1	0.6	0.6	70789	-1111	1.30522	-1111	4.80622	
4779	1044057600	2003	02	01	1	0.6	0.6	70945	-1111	2.34721	-1111	4.98502	
4807	1046476800	2003	03	01	1	0.6	0.6	71132	-1111	2.34721	-1111	5.14321	
4838	1049155200	2003	04	01	1	0.6	0.6	71314	-1111	2.34721	-1111	5.03625	
4868	1051747200	2003	05	01	1	0.6	0.6	71497	-1111	2.34721	-1111	4.93613	
4899	1054425600	2003	06	01	1	0.6	0.6	71661	-1111	2.34721	-1111	5.05056	
4929	1057017600	2003	07	01	1	0.6	0.6	71812	-1111	2.34721	-1111	5.3214	
4960	1059696000	2003	08	01	1	0.6	0.6	71997	-1111	2.34721	-1111	5.68686	
4991	1062374400	2003	09	01	1	0.6	0.6	72174	-1111	2.34721	-1111	5.58687	
5021	1064966400	2003	10	01	1	0.6	0.6	72343	-1111	2.34721	-1111	5.65268	
5052	1067644800	2003	11	01	1	0.6	0.6	72535	-1111	2.34721	-1111	5.72405	
5082	1070236800	2003	12	01	1	0.6	0.6	72665	-1111	2.34721	-1111	5.4005	
5113	1072915200	2004	01	01	1	0.6	0.6	72830	-1111	2.34721	-1111	5.54124	
5144	1075593600	2004	02	01	1	0.6	0.6	73016	-1111	3.18022	-1111	5.33763	
5173	1078099200	2004	03	01	1	0.6	0.6	73185	-1111	3.18022	-1111	5.25943	
5204	1080777600	2004	04	01	1	0.6	0.6	73384	-1111	3.18022	-1111	5.01685	
5234	1083369600	2004	05	01	1	0.6	0.6	73556	-1111	3.18022	-1111	4.96723	
5265	1086048000	2004	06	01	1	0.6	0.6	73718	-1111	3.18022	-1111	4.9676	
5295	1088640000	2004	07	01	1	0.6	0.6	73919	-1111	3.18022	-1111	4.8355	
5326	1091318400	2004	08	01	1	0.6	0.6	74087	-1111	3.18022	-1111	4.58829	
5357	1093996800	2004	09	01	1	0.6	0.6	74244	-1111	3.18022	-1111	4.3574	
5387	1096588800	2004	10	01	1	0.6	0.6	74440	-1111	3.18022	-1111	4.45993	
5418	1099267200	2004	11	01	1	0.6	0.6	74608	-1111	3.18022	-1111	4.70117	
5448	1101859200	2004	12	01	1	0.6	0.6	74764	-1111	3.18022	-1111	4.74921	
5479	1104537600	2005	01	01	1	0.6	0.6	74959	-1111	3.18022	-1111	4.90556	
5510	1107216000	2005	02	01	1	0.6	0.6	75160	-1111	2.8979	-1111	4.52373	
5538	1109635200	2005	03	01	1	0.6	0.6	75321	-1111	2.8979	-1111	3.85165	
5569	1112313600	2005	04	01	1	0.6	0.6	75496	-1111	2.8979	-1111	3.50507	
5599	1114905600	2005	05	01	1	0.6	0.6	75655	-1111	2.8979	-1111	3.33789	
5630	1117584000	2005	06	01	1	0.6	0.6	75836	-1111	2.8979	-1111	3.02569	
5660	1120176000	2005	07	01	1	0.6	0.6	76019	-1111	2.8979	-1111	2.81793	
5691	1122854400	2005	08	01	1	0.6	0.6	76206	-1111	2.8979	-1111	2.78922	
5722	1125532800	2005	09	01	1	0.6	0.6	76404	-1111	2.8979	-1111	2.51612	
5752	1128124800	2005	10	01	1	0.6	0.6	76547	-1111	2.8979	-1111	2.2501	
5783	1130803200	2005	11	01	1	0.6	0.6	76727	-1111	2.8979	-1111	2.20603	
5813	1133395200	2005	12	01	1	0.6	0.6	76887	-1111	2.8979	-1111	2.17784	
5844	1136073600	2006	01	01	1	0.6	0.6	77081	-1111	2.8979	-1111	2.1785	
5875	1138752000	2006	02	01	1	0.6	0.6	77234	-1111	1.84184	-1111	2.32247	
5903	1141171200	2006	03	01	1	0.6	0.6	77382	-1111	1.84184	-1111	2.21881	
5934	1143849600	2006	04	01	1	0.6	0.6	77606	-1111	1.84184	-1111	2.34172	
5964	1146441600	2006	05	01	1	0.6	0.6	77831	-1111	1.84184	-1111	2.34546	
5995	1149120000	2006	06	01	1	0.6	0.6	78009	-1111	1.84184	-1111	2.49721	
6025	1151712000	2006	07	01	1	0.6	0.6	78186	-1111	1.84184	-1111	2.51973	
6056	1154390400	2006	08	01	1	0.6	0.6	78334	-1111	1.84184	-1111	2.52678	
6087	1157068800	2006	09	01	1	0.6	0.6	78537	-1111	1.84184	-1111	2.72535	
6117	1159660800	2006	10	01	1	0.6	0.6	78740	-1111	1.84184	-1111	2.7835	
6148	1162339200	2006	11	01	1	0.6	0.6	78957	-1111	1.84184	-1111	2.75298	
6178	1164931200	2006	12	01	1	0.6	0.6	79171	-1111	1.84184	-1111	2.76832	
6209	1167609600	2007	01	01	1	0.6	0.6	79371	-1111	1.84184	-1111	2.9268	
6240	1170288000	2007	02	01	1	0.6	0.6	79563	-1111	1.57611	-1111	2.87276	
6268	1172707200	2007	03	01	1	0.6	0.6	79734	-1111	1.57611	-1111	2.8529	
6299	1175385600	2007	04	01	1	0.6	0.6	79947	-1111	1.57611	-1111	2.98161	
6329	1177977600	2007	05	01	1	0.6	0.6	80128	-1111	1.57611	-1111	2.97123	
6360	1180656000	2007	06	01	1	0.6	0.6	80315	-1111	1.57611	-1111	2.9908	
6390	1183248000	2007	07	01	1	0.6	0.6	80482	-1111	1.57611	-1111	3.05692	
6421	1185926400	2007	08	01	1	0.6	0.6	80686	-1111	1.57611	-1111	3.3273	
6452	1188604800	2007	09	01	1	0.6	0.6	80903	-1111	1.57611	-1111	3.42773	
6482	1191196800	2007	10	01	1	0.6	0.6	81100	-1111	1.57611	-1111	3.58937	
6513	1193875200	2007	11	01	1	0.6	0.6	81281	-1111	1.57611	-1111	3.67973	
6543	1196467200	2007	12	01	1	0.6	0.6	81482	-1111	1.57611	-1111	3.74794	
6574	1199145600	2008	01	01	1	0.6	0.6	81705	-1111	1.57611	-1111	3.96633	
6605	1201824000	2008	02	01	1	0.6	0.6	81918	-1111	2.05938	-1111	4.16204	
6634	1204329600	2008	03	01	1	0.6	0.6	82110	-1111	2.05938	-1111	4.40716	
6665	1207008000	2008	04	01	1	0.6	0.6	82292	-1111	2.05938	-1111	4.66436	
6695	1209600000	2008	05	01	1	0.6	0.6	82507	-1111	2.05938	-1111	4.81156	
6726	1212278400	2008	06	01	1	0.6	0.6	82697	-1111	2.05938	-1111	4.79325	
6756	1214870400	2008	07	01	1	0.6	0.6	82895	-1111	2.05938	-1111	5.11223	
6787	1217548800	2008	08	01	1	0.6	0.6	83109	-1111	2.05938	-1111	5.35842	
6818	1220227200	2008	09	01	1	0.6	0.6	83319	-1111	2.05938	-1111	5.54898	
6848	1222819200	2008	10	01	1	0.6	0.6	83499	-1111	2.05938	-1111	5.67731	
6879	1225497600	2008	11	01	1	0.6	0.6	83691	-1111	2.05938	-1111	5.77947	
6909	1228089600	2008	12	01	1	0.6	0.6	83900	-1111	2.05938	-1111	6.00695	
6940	1230768000	2009	01	01	1	0.6	0.6	84092	-1111	2.05938	-1111	5.75933	
6971	1233446400	2009	02	01	1	0.6	0.6	84290	-1111	2.97949	-1111	5.64313	
6999	1235865600	2009	03	01	1	0.6	0.6	84490	-1111	2.97949	-1111	5.91958	
7030	1238544000	2009	04	01	1	0.6	0.6	84691	-1111	2.97949	-1111	5.90989	
7060	1241136000	2009	05	01	1	0.6	0.6	84897	-1111	2.97949	-1111	5.95668	
7091	1243814400	2009	06	01	1	0.6	0.6	85114	-1111	2.97949	-1111	5.98014	
7121	1246406400	2009	07	01	1	0.6	0.6	85275	-1111	2.97949	-1111	6.08824	
7152	1249084800	2009	08	01	1	0.6	0.6	85491	-1111	2.97949	-1111	6.24598	
7183	1251763200	2009	09	01	1	0.6	0.6	85686	-1111	2.97949	-1111	6.29979	
7213	1254355200	2009	10	01	1	0.6	0.6	85884	-1111	2.97949	-1111	6.17988	
7244	1257033600	2009	11	01	1	0.6	0.6	86065	-1111	2.97949	-1111	6.1982	
7274	1259625600	2009	12	01	1	0.6	0.6	86261	-1111	2.97949	-1111	6.01616	
7305	1262304000	2010	01	01	1	0.6	0.6	86454	-1111	2.97949	-1111	5.98318	
7336	1264982400	2010	02	01	1	0.6	0.6	86663	-1111	3.37764	-1111	4.85201	
7364	1267401600	2010	03	01	1	0.6	0.6	86816	-1111	3.37764	-1111	4.53605	
7395	1270080000	2010	04	01	1	0.6	0.6	87007	-1111	3.37764	-1111	4.44375	
7425	1272672000	2010	05	01	1	0.6	0.6	87211	-1111	3.37764	-1111	3.97707	
7456	1275350400	2010	06	01	1	0.6	0.6	87402	-1111	3.37764	-1111	3.68169	
7486	1277942400	2010	07	01	1	0.6	0.6	87603	-1111	3.37764	-1111	3.58543	
7517	1280620800	2010	08	01	1	0.6	0.6	87813	-1111	3.37764	-1111	3.34695	
7548	1283299200	2010	09	01	1	0.6	0.6	87995	-1111	3.37764	-1111	3.13717	
7578	1285891200	2010	10	01	1	0.6	0.6	88190	-1111	3.37764	-1111	3.06294	
7609	1288569600	2010	11	01	1	0.6	0.6	88361	-1111	3.37764	-1111	2.97156	
7639	1291161600	2010	12	01	1	0.6	0.6	88559	-1111	3.37764	-1111	2.84151	
7670	1293840000	2011	01	01	1	0.6	0.6	88756	-1111	3.37764	-1111	2.72489	
7701	1296518400	2011	02	01	1	0.6	0.6	88999	-1111	2.23457	-1111	2.77887	
7729	1298937600	2011	03	01	1	0.6	0.6	89200	-1111	2.23457	-1111	2.92164	
7760	1301616000	2011	04	01	1	0.6	0.6	89381	-1111	2.23457	-1111	2.93443	
7790	1304208000	2011	05	01	1	0.6	0.6	89567	-1111	2.23457	-1111	2.88466	
7821	1306886400	2011	06	01	1	0.6	0.6	89782	-1111	2.23457	-1111	2.9183	
7851	1309478400	2011	07	01	1	0.6	0.6	90001	-1111	2.23457	-1111	2.96477	
7882	1312156800	2011	08	01	1	0.6	0.6	90229	-1111	2.23457	-1111	3.06371	
7913	1314835200	2011	09	01	1	0.6	0.6	90458	-1111	2.23457	-1111	3.18523	
7943	1317427200	2011	10	01	1	0.6	0.6	90669	-1111	2.23457	-1111	3.14629	
7974	1320105600	2011	11	01	1	0.6	0.6	90898	-1111	2.23457	-1111	3.30768	
8004	1322697600	2011	12	01	1	0.6	0.6	91078	-1111	2.23457	-1111	3.34097	
8035	1325376000	2012	01	01	1	0.6	0.6	91296	-1111	2.23457	-1111	3.25424	
8066	1328054400	2012	02	01	1	0.6	0.6	91526	-1111	1.91584	-1111	3.28908	
8095	1330560000	2012	03	01	1	0.6	0.6	91698	-1111	1.91584	-1111	3.17333	
8126	1333238400	2012	04	01	1	0.6	0.6	91879	-1111	1.91584	-1111	3.10918	
8156	1335830400	2012	05	01	1	0.6	0.6	92082	-1111	1.91584	-1111	3.27386	
8187	1338508800	2012	06	01	1	0.6	0.6	92332	-1111	1.91584	-1111	3.33277	
8217	1341100800	2012	07	01	1	0.6	0.6	92541	-1111	1.91584	-1111	3.36688	
8248	1343779200	2012	08	01	1	0.6	0.6	92756	-1111	1.91584	-1111	3.58786	
8279	1346457600	2012	09	01	1	0.6	0.6	92979	-1111	1.91584	-1111	3.62588	
8309	1349049600	2012	10	01	1	0.6	0.6	93209	-1111	1.91584	-1111	3.94232	
8340	1351728000	2012	11	01	1	0.6	0.6	93400	-1111	1.91584	-1111	3.94797	
8370	1354320000	2012	12	01	1	0.6	0.6	93601	-1111	1.91584	-1111	3.85955	
8401	1356998400	2013	01	01	1	0.6	0.6	93808	-1111	1.91584	-1111	3.91434	
8432	1359676800	2013	02	01	1	0.6	0.6	94066	-1111	2.24657	-1111	3.96383	
8460	1362096000	2013	03	01	1	0.6	0.6	94307	-1111	2.24657	-1111	4.18557	
8491	1364774400	2013	04	01	1	0.6	0.6	94529	-1111	2.24657	-1111	4.22727	
8521	1367366400	2013	05	01	1	0.6	0.6	94760	-1111	2.24657	-1111	4.07499	
8552	1370044800	2013	06	01	1	0.6	0.6	95013	-1111	2.24657	-1111	4.07283	
8582	1372636800	2013	07	01	1	0.6	0.6	95270	-1111	2.24657	-1111	4.01213	
8613	1375315200	2013	08	01	1	0.6	0.6	95499	-1111	2.24657	-1111	3.90644	
8644	1377993600	2013	09	01	1	0.6	0.6	95715	-1111	2.24657	-1111	3.87745	
8674	1380585600	2013	10	01	1	0.6	0.6	95940	-1111	2.24657	-1111	4.02987	
8705	1383264000	2013	11	01	1	0.6	0.6	96176	-1111	2.24657	-1111	3.78757	
8735	1385856000	2013	12	01	1	0.6	0.6	96384	-1111	2.24657	-1111	3.65253	
8766	1388534400	2014	01	01	1	0.6	0.6	96613	-1111	2.24657	-1111	3.58323	
8797	1391212800	2014	02	01	1	0.6	0.6	96836	-1111	2.40487	-1111	3.829	
8825	1393632000	2014	03	01	1	0.6	0.6	97063	-1111	2.40487	-1111	3.92787	
8856	1396310400	2014	04	01	1	0.6	0.6	97288	-1111	2.40487	-1111	4.05709	
8886	1398902400	2014	05	01	1	0.6	0.6	97529	-1111	2.40487	-1111	3.97165	
8917	1401580800	2014	06	01	1	0.6	0.6	97753	-1111	2.40487	-1111	4.09588	
8947	1404172800	2014	07	01	1	0.6	0.6	97980	-1111	2.40487	-1111	4.30565	
8978	1406851200	2014	08	01	1	0.6	0.6	98196	-1111	2.40487	-1111	4.28691	
9009	1409529600	2014	09	01	1	0.6	0.6	98452	-1111	2.40487	-1111	4.10047	
9039	1412121600	2014	10	01	1	0.6	0.6	98699	-1111	2.40487	-1111	4.11202	
9070	1414800000	2014	11	01	1	0.6	0.6	98934	-1111	2.40487	-1111	4.01264	
9100	1417392000	2014	12	01	1	0.6	0.6	99171	-1111	2.40487	-1111	3.89554	
9131	1420070400	2015	01	01	1	0.6	0.6	99391	-1111	2.40487	-1111	4.00566	
9162	1422748800	2015	02	01	1	0.6	0.6	99651	-1111	2.51164	-1111	4.01772	
9190	1425168000	2015	03	01	1	0.6	0.6	99897	-1111	2.51164	-1111	4.1022	
9221	1427846400	2015	04	01	1	0.6	0.6	100168	-1111	2.51164	-1111	4.07845	
9251	1430438400	2015	05	01	1	0.6	0.6	100387	-1111	2.51164	-1111	4.18757	
9282	1433116800	2015	06	01	1	0.6	0.6	100642	-1111	2.51164	-1111	4.26191	
9312	1435708800	2015	07	01	1	0.6	0.6	100877	-1111	2.51164	-1111	4.29692	
9343	1438387200	2015	08	01	1	0.6	0.6	101085	-1111	2.51164	-1111	4.15848	
9374	1441065600	2015	09	01	1	0.6	0.6	101351	-1111	2.51164	-1111	4.13576	
9404	1443657600	2015	10	01	1	0.6	0.6	101561	-1111	2.51164	-1111	3.95485	
9435	1446336000	2015	11	01	1	0.6	0.6	101797	-1111	2.51164	-1111	3.91579	
9465	1448928000	2015	12	01	1	0.6	0.6	102037	-1111	2.51164	-1111	4.06892	
9496	1451606400	2016	01	01	1	0.6	0.6	102284	-1111	2.51164	-1111	4.08911	
9527	1454284800	2016	02	01	1	0.6	0.6	102537	-1111	2.51524	-1111	4.24713	
9556	1456790400	2016	03	01	1	0.6	0.6	102782	-1111	2.51524	-1111	4.24028	
9587	1459468800	2016	04	01	1	0.6	0.6	102984	-1111	2.51524	-1111	4.20219	
9617	1462060800	2016	05	01	1	0.6	0.6	103205	-1111	2.51524	-1111	4.02281	
9648	1464739200	2016	06	01	1	0.6	0.6	103419	-1111	2.51524	-1111	4.12643	
9678	1467331200	2016	07	01	1	0.6	0.6	103655	-1111	2.51524	-1111	4.07664	
9709	1470009600	2016	08	01	1	0.6	0.6	103889	-1111	2.51524	-1111	4.09482	
9740	1472688000	2016	09	01	1	0.6	0.6	104120	-1111	2.51524	-1111	4.18399	
9770	1475280000	2016	10	01	1	0.6	0.6	104354	-1111	2.51524	-1111	4.25341	
9801	1477958400	2016	11	01	1	0.6	0.6	104579	-1111	2.51524	-1111	4.37337	
9831	1480550400	2016	12	01	1	0.6	0.6	104808	-1111	2.51524	-1111	4.21365	
9862	1483228800	2017	01	01	1	0.6	0.6	105049	-1111	2.51524	-1111	4.30836	
9893	1485907200	2017	02	01	1	0.6	0.6	105308	-1111	2.57059	-1111	4.44133	
9921	1488326400	2017	03	01	1	0.6	0.6	105557	-1111	2.57059	-1111	4.45343	
9952	1491004800	2017	04	01	1	0.6	0.6	105798	-1111	2.57059	-1111	4.49179	
9982	1493596800	2017	05	01	1	0.6	0.6	106050	-1111	2.57059	-1111	4.47165	
10013	1496275200	2017	06	01	1	0.6	0.6	106297	-1111	2.57059	-1111	4.34798	
10043	1498867200	2017	07	01	1	0.6	0.6	106542	-1111	2.57059	-1111	4.33847	
10074	1501545600	2017	08	01	1	0.6	0.6	106798	-1111	2.57059	-1111	4.46828	
10105	1504224000	2017	09	01	1	0.6	0.6	107034	-1111	2.57059	-1111	4.39636	
10135	1506816000	2017	10	01	1	0.6	0.6	107301	-1111	2.57059	-1111	4.37016	
10166	1509494400	2017	11	01	1	0.6	0.6	107542	-1111	2.57059	-1111	4.2192	
10196	1512086400	2017	12	01	1	0.6	0.6	107784	-1111	2.57059	-1111	4.09827	
10227	1514764800	2018	01	01	1	0.6	0.6	108024	-1111	2.57059	-1111	4.41055	
10258	1517443200	2018	02	01	1	0.6	0.6	108279	-1111	2.62555	-1111	4.44365	
10286	1519862400	2018	03	01	1	0.6	0.6	108500	-1111	2.62555	-1111	4.29538	
10317	1522540800	2018	04	01	1	0.6	0.6	108721	-1111	2.62555	-1111	4.13584	
10347	1525132800	2018	05	01	1	0.6	0.6	108971	-1111	2.62555	-1111	4.04991	
10378	1527811200	2018	06	01	1	0.6	0.6	109286	-1111	2.62555	-1111	4.0225	
10408	1530403200	2018	07	01	1	0.6	0.6	109544	-1111	2.62555	-1111	4.08323	
10439	1533081600	2018	08	01	1	0.6	0.6	109812	-1111	2.62555	-1111	4.12316	
10470	1535760000	2018	09	01	1	0.6	0.6	110077	-1111	2.62555	-1111	4.24637	
10500	1538352000	2018	10	01	1	0.6	0.6	110341	-1111	2.62555	-1111	4.2418	
10531	1541030400	2018	11	01	1	0.6	0.6	110599	-1111	2.62555	-1111	4.32501	
10561	1543622400	2018	12	01	1	0.6	0.6	110866	-1111	2.62555	-1111	4.36113	
10592	1546300800	2019	01	01	1	0.6	0.6	111117	-1111	2.62555	-1111	4.51737	
10623	1548979200	2019	02	01	1	0.6	0.6	111383	-1111	2.56038	-1111	4.33488	
10651	1551398400	2019	03	01	1	0.6	0.6	111613	-1111	2.56038	-1111	4.26789	
10682	1554076800	2019	04	01	1	0.6	0.6	111902	-1111	2.56038	-1111	4.25651	
10712	1556668800	2019	05	01	1	0.6	0.6	112181	-1111	2.56038	-1111	4.24339	
10743	1559347200	2019	06	01	1	0.6	0.6	112451	-1111	2.56038	-1111	4.32624	
10773	1561939200	2019	07	01	1	0.6	0.6	112719	-1111	2.56038	-1111	4.37992	
10804	1564617600	2019	08	01	1	0.6	0.6	112963	-1111	2.56038	-1111	4.28631	
10835	1567296000	2019	09	01	1	0.6	0.6	113241	-1111	2.56038	-1111	4.22827	
10865	1569888000	2019	10	01	1	0.6	0.6	113497	-1111	2.56038	-1111	4.20414	
10896	1572566400	2019	11	01	1	0.6	0.6	113733	-1111	2.56038	-1111	4.36112	
10926	1575158400	2019	12	01	1	0.6	0.6	113998	-1111	2.56038	-1111	4.46297	
10957	1577836800	2020	01	01	1	0.6	0.6	114235	-1111	2.56038	-1111	4.51854	
10988	1580515200	2020	02	01	1	0.6	0.6	114479	-1111	2.62366	-1111	4.90129	
11017	1583020800	2020	03	01	1	0.6	0.6	114734	-1111	2.62366	-1111	5.5402	
11048	1585699200	2020	04	01	1	0.6	0.6	115000	-1111	2.62366	-1111	5.60003	
11078	1588291200	2020	05	01	1	0.6	0.6	115317	-1111	2.62366	-1111	5.64042	
11109	1590969600	2020	06	01	1	0.6	0.6	115607	-1111	2.62366	-1111	5.73367	
11139	1593561600	2020	07	01	1	0.6	0.6	115919	-1111	2.62366	-1111	5.94304	
11170	1596240000	2020	08	01	1	0.6	0.6	116192	-1111	2.62366	-1111	5.9838	
11201	1598918400	2020	09	01	1	0.6	0.6	116448	-1111	2.62366	-1111	6.06142	
11231	1601510400	2020	10	01	1	0.6	0.6	116716	-1111	2.62366	-1111	6.14274	
11262	1604188800	2020	11	01	1	0.6	0.6	117017	-1111	2.62366	-1111	6.1874	
11292	1606780800	2020	12	01	1	0.6	0.6	117348	-1111	2.62366	-1111	6.34184	
11323	1609459200	2021	01	01	1	0.6	0.6	117664	-1111	2.62366	-1111	6.23647	
11354	1612137600	2021	02	01	1	0.6	0.6	117930	-1111	3.26193	-1111	6.10048	
11382	1614556800	2021	03	01	1	0.6	0.6	118159	-1111	3.26193	-1111	5.9607	
11413	1617235200	2021	04	01	1	0.6	0.6	118415	-1111	3.26193	-1111	5.83864	
11443	1619827200	2021	05	01	1	0.6	0.6	118701	-1111	3.26193	-1111	5.9027	
11474	1622505600	2021	06	01	1	0.6	0.6	118953	-1111	3.26193	-1111	5.9929	
11504	1625097600	2021	07	01	1	0.6	0.6	119221	-1111	3.26193	-1111	5.78504	
11535	1627776000	2021	08	01	1	0.6	0.6	119456	-1111	3.26193	-1111	5.68962	
11566	1630454400	2021	09	01	1	0.6	0.6	119734	-1111	3.26193	-1111	5.66849	
11596	1633046400	2021	10	01	1	0.6	0.6	119976	-1111	3.26193	-1111	5.64768	
11627	1635724800	2021	11	01	1	0.6	0.6	120297	-1111	3.26193	-1111	5.55501	
11657	1638316800	2021	12	01	1	0.6	0.6	120564	-1111	3.26193	-1111	5.50806	
11688	1640995200	2022	01	01	1	0.6	0.6	120870	-1111	3.26193	-1111	5.4234	
11719	1643673600	2022	02	01	1	0.6	0.6	121143	-1111	3.17186	-1111	5.59718	
11747	1646092800	2022	03	01	1	0.6	0.6	121410	-1111	3.17186	-1111	5.68878	
11778	1648771200	2022	04	01	1	0.6	0.6	121730	-1111	3.17186	-1111	5.63407	
11808	1651363200	2022	05	01	1	0.6	0.6	122006	-1111	3.17186	-1111	5.54863	
11839	1654041600	2022	06	01	1	0.6	0.6	122282	-1111	3.17186	-1111	5.45582	
11869	1656633600	2022	07	01	1	0.6	0.6	122596	-1111	3.17186	-1111	5.43444	
11900	1659312000	2022	08	01	1	0.6	0.6	122883	-1111	3.17186	-1111	5.51645	
11931	1661990400	2022	09	01	1	0.6	0.6	123163	-1111	3.17186	-1111	5.26699	
11961	1664582400	2022	10	01	1	0.6	0.6	123432	-1111	3.17186	-1111	5.18521	
11992	1667260800	2022	11	01	1	0.6	0.6	123703	-1111	3.17186	-1111	5.1475	
12022	1669852800	2022	12	01	1	0.6	0.6	123989	-1111	3.17186	-1111	5.37762	
12053	1672531200	2023	01	01	1	0.6	0.6	124251	-1111	3.17186	-1111	5.44364	
12084	1675209600	2023	02	01	1	0.6	0.6	124548	-1111	2.99105	-1111	5.44095	
12112	1677628800	2023	03	01	1	0.6	0.6	124841	-1111	2.99105	-1111	5.23827	
12143	1680307200	2023	04	01	1	0.6	0.6	125133	-1111	2.99105	-1111	5.37411	
12173	1682899200	2023	05	01	1	0.6	0.6	125424	-1111	2.99105	-1111	5.39871	
12204	1685577600	2023	06	01	1	0.6	0.6	125699	-1111	2.99105	-1111	5.26772	
12234	1688169600	2023	07	01	1	0.6	0.6	125971	-1111	2.99105	-1111	5.26478	
12265	1690848000	2023	08	01	1	0.6	0.6	126276	-1111	2.99105	-1111	5.19597	
12296	1693526400	2023	09	01	1	0.6	0.6	126604	-1111	2.99105	-1111	5.1581	
12326	1696118400	2023	10	01	1	0.6	0.6	126902	-1111	2.99105	-1111	5.19752	
12357	1698796800	2023	11	01	1	0.6	0.6	127158	-1111	2.99105	-1111	5.11824	
12387	1701388800	2023	12	01	1	0.6	0.6	127454	-1111	2.99105	-1111	5.19873	
12418	1704067200	2024	01	01	1	0.6	0.6	127730	-1111	2.99105	-1111	5.37697	
12449	1706745600	2024	02	01	1	0.6	0.6	128048	-1111	2.90608	-1111	5.22286	
12478	1709251200	2024	03	01	1	0.6	0.6	128306	-1111	2.90608	-1111	5.30292	
12509	1711929600	2024	04	01	1	0.6	0.6	128597	-1111	2.90608	-1111	5.16449	
12539	1714521600	2024	05	01	1	0.6	0.6	128918	-1111	2.90608	-1111	5.16285	
12570	1717200000	2024	06	01	1	0.6	0.6	129205	-1111	2.90608	-1111	5.05872	
12600	1719792000	2024	07	01	1	0.6	0.6	129491	-1111	2.90608	-1111	5.09346	
12631	1722470400	2024	08	01	1	0.6	0.6	129790	-1111	2.90608	-1111	5.08109	
12662	1725148800	2024	09	01	1	0.6	0.6	130103	-1111	2.90608	-1111	5.10122	
12692	1727740800	2024	10	01	1	0.6	0.6	130394	-1111	2.90608	-1111	5.23849	
12723	1730419200	2024	11	01	1	0.6	0.6	130699	-1111	2.90608	-1111	5.33457	
12753	1733011200	2024	12	01	1	0.6	0.6	130976	-1111	2.90608	-1111	5.50134	
12784	1735689600	2025	01	01	1	0.6	0.6	131313	-1111	2.90608	-1111	5.40099	
12815	1738368000	2025	02	01	1	0.6	0.6	131645	-1111	2.87838	-1111	4.95826	
12843	1740787200	2025	03	01	1	0.6	0.6	131919	-1111	2.87838	-1111	4.24998	
12874	1743465600	2025	04	01	1	0.6	0.6	132203	-1111	2.87838	-1111	4.12712	
12904	1746057600	2025	05	01	1	0.6	0.6	132524	-1111	2.87838	-1111	3.91961	
12935	1748736000	2025	06	01	1	0.6	0.6	132785	-1111	2.87838	-1111	3.84039	
12965	1751328000	2025	07	01	1	0.6	0.6	133104	-1111	2.87838	-1111	3.67037	
12996	1754006400	2025	08	01	1	0.6	0.6	133424	-1111	2.87838	-1111	3.70305	
13027	1756684800	2025	09	01	1	0.6	0.6	133703	-1111	2.87838	-1111	3.39092	
13057	1759276800	2025	10	01	1	0.6	0.6	134025	-1111	2.87838	-1111	3.20955	
13088	1761955200	2025	11	01	1	0.6	0.6	134322	-1111	2.87838	-1111	3.21604	
13118	1764547200	2025	12	01	1	0.6	0.6	134662	-1111	2.87838	-1111	3.13852	
13149	1767225600	2026	01	01	1	0.6	0.6	134971	-1111	2.87838	-1111	3.0829	
13180	1769904000	2026	02	01	1	0.6	0.6	135292	-1111	2.2542	-1111	3.02373	
13208	1772323200	2026	03	01	1	0.6	0.6	135605	-1111	2.2542	-1111	3.03897	
13239	1775001600	2026	04	01	1	0.6	0.6	135922	-1111	2.2542	-1111	3.04079	
13269	1777593600	2026	05	01	1	0.6	0.6	136235	-1111	2.2542	-1111	3.07414	
13300	1780272000	2026	06	01	1	0.6	0.6	136528	-1111	2.2542	-1111	2.95739	
13330	1782864000	2026	07	01	1	0.6	0.6	136836	-1111	2.2542	-1111	2.92761	
13361	1785542400	2026	08	01	1	0.6	0.6	137181	-1111	2.2542	-1111	3.06338	
13392	1788220800	2026	09	01	1	0.6	0.6	137498	-1111	2.2542	-1111	3.15435	
13422	1790812800	2026	10	01	1	0.6	0.6	137777	-1111	2.2542	-1111	3.17555	
13453	1793491200	2026	11	01	1	0.6	0.6	138112	-1111	2.2542	-1111	3.01361	
13483	1796083200	2026	12	01	1	0.6	0.6	138482	-1111	2.2542	-1111	3.01854	
13514	1798761600	2027	01	01	1	0.6	0.6	138819	-1111	2.2542	-1111	3.10494	
13545	1801440000	2027	02	01	1	0.6	0.6	139123	-1111	1.90935	-1111	3.21489	
13573	1803859200	2027	03	01	1	0.6	0.6	139456	-1111	1.90935	-1111	3.2377	
13604	1806537600	2027	04	01	1	0.6	0.6	139791	-1111	1.90935	-1111	3.36144	
13634	1809129600	2027	05	01	1	0.6	0.6	140115	-1111	1.90935	-1111	3.39173	
13665	1811808000	2027	06	01	1	0.6	0.6	140461	-1111	1.90935	-1111	3.47478	
13695	1814400000	2027	07	01	1	0.6	0.6	140734	-1111	1.90935	-1111	3.54634	
13726	1817078400	2027	08	01	1	0.6	0.6	141080	-1111	1.90935	-1111	3.58653	
13757	1819756800	2027	09	01	1	0.6	0.6	141427	-1111	1.90935	-1111	3.63111	
13787	1822348800	2027	10	01	1	0.6	0.6	141747	-1111	1.90935	-1111	3.77938	
13818	1825027200	2027	11	01	1	0.6	0.6	142121	-1111	1.90935	-1111	3.90159	
13848	1827619200	2027	12	01	1	0.6	0.6	142443	-1111	1.90935	-1111	4.07135	
13879	1830297600	2028	01	01	1	0.6	0.6	142789	-1111	1.90935	-1111	4.20043	
13910	1832976000	2028	02	01	1	0.6	0.6	143125	-1111	2.29533	-1111	4.40072	
13939	1835481600	2028	03	01	1	0.6	0.6	143390	-1111	2.29533	-1111	4.3407	
13970	1838160000	2028	04	01	1	0.6	0.6	143733	-1111	2.29533	-1111	4.28275	
14000	1840752000	2028	05	01	1	0.6	0.6	144070	-1111	2.29533	-1111	4.21834	
14031	1843430400	2028	06	01	1	0.6	0.6	144427	-1111	2.29533	-1111	4.33437	
14061	1846022400	2028	07	01	1	0.6	0.6	144780	-1111	2.29533	-1111	4.41619	
14092	1848700800	2028	08	01	1	0.6	0.6	145089	-1111	2.29533	-1111	4.35217	
14123	1851379200	2028	09	01	1	0.6	0.6	145458	-1111	2.29533	-1111	4.24172	
14153	1853971200	2028	10	01	1	0.6	0.6	145796	-1111	2.29533	-1111	4.28833	
14184	1856649600	2028	11	01	1	0.6	0.6	146117	-1111	2.29533	-1111	4.2165	
14214	1859241600	2028	12	01	1	0.6	0.6	146468	-1111	2.29533	-1111	4.24928	
14245	1861920000	2029	01	01	1	0.6	0.6	146807	-1111	2.29533	-1111	4.18837	
14276	1864598400	2029	02	01	1	0.6	0.6	147148	-1111	2.68017	-1111	4.18244	
14304	1867017600	2029	03	01	1	0.6	0.6	147425	-1111	2.68017	-1111	4.06759	
14335	1869696000	2029	04	01	1	0.6	0.6	147743	-1111	2.68017	-1111	4.04503	
14365	1872288000	2029	05	01	1	0.6	0.6	148093	-1111	2.68017	-1111	4.01469	
14396	1874966400	2029	06	01	1	0.6	0.6	148415	-1111	2.68017	-1111	4.05573	
14426	1877558400	2029	07	01	1	0.6	0.6	148747	-1111	2.68017	-1111	4.18709	
14457	1880236800	2029	08	01	1	0.6	0.6	149115	-1111	2.68017	-1111	3.93512	
14488	1882915200	2029	09	01	1	0.6	0.6	149413	-1111	2.68017	-1111	3.97148	
14518	1885507200	2029	10	01	1	0.6	0.6	149724	-1111	2.68017	-1111	4.02667	
14549	1888185600	2029	11	01	1	0.6	0.6	150023	-1111	2.68017	-1111	3.9093	
14579	1890777600	2029	12	01	1	0.6	0.6	150324	-1111	2.68017	-1111	3.94942	
14610	1893456000	2030	01	01	1	0.6	0.6	150686	-1111	2.68017	-1111	4.01058	
