0	631152000	1990	01	01	1	0.6	0.5	50000	-1111	0	-1111	4.78053	
31	633830400	1990	02	01	1	0	0	50106	-1111	0	-1111	12.2563	
59	636249600	1990	03	01	1	0	0	50196	-1111	0	-1111	15.3567	
90	638928000	1990	04	01	1	0	0	50290	-1111	0	-1111	15.1846	
120	641520000	1990	05	01	1	0	0	50376	-1111	0	-1111	17.9586	
151	644198400	1990	06	01	1	0	0	50507	-1111	0	-1111	18.962	
181	646790400	1990	07	01	1	0	0	50619	-1111	0	-1111	19.435	
212	649468800	1990	08	01	1	0	0	50738	-1111	0	-1111	19.6769	
243	652147200	1990	09	01	1	0	0	50828	-1111	0	-1111	20.2402	
273	654739200	1990	10	01	1	0	0	50955	-1111	0	-1111	20.0116	
304	657417600	1990	11	01	1	0	0	51092	-1111	0	-1111	19.6946	
334	660009600	1990	12	01	1	0	0	51216	-1111	0	-1111	18.537	
365	662688000	1991	01	01	1	0	0	51314	-1111	0	-1111	17.6305	
396	665366400	1991	02	01	1	0	0	51417	-1111	0	-1111	15.9429	
424	667785600	1991	03	01	1	0	0	51514	-1111	0	-1111	14.8642	
455	670464000	1991	04	01	1	0	0	51630	-1111	0	-1111	13.2321	
485	673056000	1991	05	01	1	0	0	51737	-1111	0	-1111	11.9128	
516	675734400	1991	06	01	1	0	0	51866	-1111	0	-1111	10.8691	
546	678326400	1991	07	01	1	0	0	51982	-1111	0	-1111	9.84865	
577	681004800	1991	08	01	1	0	0	52123	-1111	0	-1111	8.81132	
608	683683200	1991	09	01	1	0	0	52255	-1111	0	-1111	8.32278	
638	686275200	1991	10	01	1	0	0	52392	-1111	0	-1111	7.73369	
669	688953600	1991	11	01	1	0	0	52510	-1111	0	-1111	7.13535	
699	691545600	1991	12	01	1	0	0	52629	-1111	0	-1111	6.74708	
730	694224000	1992	01	01	1	0	0	52750	-1111	0	-1111	6.47847	
761	696902400	1992	02	01	1	0	0	52853	-1111	5.22255	-1111	6.34777	
790	699408000	1992	03	01	1	0	0	52967	-1111	5.22255	-1111	5.9742	
821	702086400	1992	04	01	1	0	0	53099	-1111	5.22255	-1111	6.0823	
851	704678400	1992	05	01	1	0	0	53200	-1111	5.22255	-1111	5.85443	
882	707356800	1992	06	01	1	0	0	53324	-1111	5.22255	-1111	5.53214	
912	709948800	1992	07	01	1	0	0	53451	-1111	5.22255	-1111	5.32852	
943	712627200	1992	08	01	1	0	0	53597	-1111	5.22255	-1111	5.40014	
974	715305600	1992	09	01	1	0	0	53719	-1111	5.22255	-1111	5.65641	
1004	717897600	1992	10	01	1	0	0	53830	-1111	5.22255	-1111	5.66999	
1035	720576000	1992	11	01	1	0	0	53956	-1111	5.22255	-1111	6.17109	
1065	723168000	1992	12	01	1	0	0	54088	-1111	5.22255	-1111	6.68057	
1096	725846400	1993	01	01	1	0	0	54217	-1111	5.22255	-1111	7.00827	
1127	728524800	1993	02	01	1	0	0	54335	-1111	3.12548	-1111	7.23537	
1155	730944000	1993	03	01	1	0	0	54454	-1111	3.12548	-1111	7.23268	
1186	733622400	1993	04	01	1	0	0	54568	-1111	3.12548	-1111	7.85539	
1216	736214400	1993	05	01	1	0	0	54688	-1111	3.12548	-1111	8.23241	
1247	738892800	1993	06	01	1	0	0	54810	-1111	3.12548	-1111	8.74406	
1277	741484800	1993	07	01	1	0	0	54930	-1111	3.12548	-1111	8.91082	
1308	744163200	1993	08	01	1	0	0	55034	-1111	3.12548	-1111	8.82767	
1339	746841600	1993	09	01	1	0	0	55154	-1111	3.12548	-1111	8.98744	
1369	749433600	1993	10	01	1	0	0	55283	-1111	3.12548	-1111	9.18879	
1400	752112000	1993	11	01	1	0	0	55414	-1111	3.12548	-1111	9.08555	
1430	754704000	1993	12	01	1	0	0	55527	-1111	3.12548	-1111	9.21401	
1461	757382400	1994	01	01	1	0	0	55658	-1111	3.12548	-1111	9.17593	
1492	760060800	1994	02	01	1	0	0	55795	-1111	4.46169	-1111	9.22816	
1520	762480000	1994	03	01	1	0	0	55891	-1111	4.46169	-1111	9.27304	
1551	765158400	1994	04	01	1	0	0	56016	-1111	4.46169	-1111	9.25994	
1581	767750400	1994	05	01	1	0	0	56111	-1111	4.46169	-1111	8.89395	
1612	770428800	1994	06	01	1	0	0	56204	-1111	4.46169	-1111	8.50767	
1642	773020800	1994	07	01	1	0	0	56337	-1111	4.46169	-1111	8.13979	
1673	775699200	1994	08	01	1	0	0	56467	-1111	4.46169	-1111	7.81923	
1704	778377600	1994	09	01	1	0	0	56611	-1111	4.46169	-1111	7.94345	
1734	780969600	1994	10	01	1	0	0	56763	-1111	4.46169	-1111	7.83457	
1765	783648000	1994	11	01	1	0	0	56896	-1111	4.46169	-1111	7.62016	
1795	786240000	1994	12	01	1	0	0	57040	-1111	4.46169	-1111	7.43027	
1826	788918400	1995	01	01	1	0	0	57162	-1111	4.46169	-1111	7.6337	
1857	791596800	1995	02	01	1	0	0	57323	-1111	4.28978	-1111	7.69621	
1885	794016000	1995	03	01	1	0	0	57450	-1111	4.28978	-1111	7.81726	
1916	796694400	1995	04	01	1	0	0	57583	-1111	4.28978	-1111	8.08008	
1946	799286400	1995	05	01	1	0	0	57690	-1111	4.28978	-1111	8.08541	
1977	801964800	1995	06	01	1	0	0	57859	-1111	4.28978	-1111	8.16696	
2007	804556800	1995	07	01	1	0	0	58002	-1111	4.28978	-1111	7.87555	
2038	807235200	1995	08	01	1	0	0	58131	-1111	4.28978	-1111	7.71783	
2069	809913600	1995	09	01	1	0	0	58248	-1111	4.28978	-1111	7.94382	
2099	812505600	1995	10	01	1	0	0	58391	-1111	4.28978	-1111	7.86881	
2130	815184000	1995	11	01	1	0	0	58537	-1111	4.28978	-1111	7.6228	
2160	817776000	1995	12	01	1	0	0	58684	-1111	4.28978	-1111	7.49515	
2191	820454400	1996	01	01	1	0	0	58821	-1111	4.28978	-1111	7.61399	
2222	823132800	1996	02	01	1	0	0	58974	-1111	3.93333	-1111	7.69892	
2251	825638400	1996	03	01	1	0	0	59107	-1111	3.93333	-1111	7.4305	
2282	828316800	1996	04	01	1	0	0	59259	-1111	3.93333	-1111	7.49553	
2312	830908800	1996	05	01	1	0	0	59387	-1111	3.93333	-1111	6.98771	
2343	833587200	1996	06	01	1	0	0	59520	-1111	3.93333	-1111	7.17963	
2373	836179200	1996	07	01	1	0	0	59654	-1111	3.93333	-1111	7.17912	
2404	838857600	1996	08	01	1	0	0	59828	-1111	3.93333	-1111	7.24483	
2435	841536000	1996	09	01	1	0	0	59970	-1111	3.93333	-1111	7.57889	
2465	844128000	1996	10	01	1	0	0	60120	-1111	3.93333	-1111	7.61317	
2496	846806400	1996	11	01	1	0	0	60259	-1111	3.93333	-1111	7.77015	
2526	849398400	1996	12	01	1	0	0	60375	-1111	3.93333	-1111	7.99548	
2557	852076800	1997	01	01	1	0	0	60504	-1111	3.93333	-1111	7.99887	
2588	854755200	1997	02	01	1	0	0	60655	-1111	3.83361	-1111	7.92859	
2616	857174400	1997	03	01	1	0	0	60778	-1111	3.83361	-1111	8.01374	
2647	859852800	1997	04	01	1	0	0	60915	-1111	3.83361	-1111	7.82913	
2677	862444800	1997	05	01	1	0	0	61048	-1111	3.83361	-1111	7.82365	
2708	865123200	1997	06	01	1	0	0	61164	-1111	3.83361	-1111	7.77375	
2738	867715200	1997	07	01	1	0	0	61286	-1111	3.83361	-1111	7.81532	
2769	870393600	1997	08	01	1	0	0	61415	-1111	3.83361	-1111	8.06832	
2800	873072000	1997	09	01	1	0	0	61538	-1111	3.83361	-1111	7.90278	
2830	875664000	1997	10	01	1	0	0	61713	-1111	3.83361	-1111	8.16114	
2861	878342400	1997	11	01	1	0	0	61881	-1111	3.83361	-1111	8.23065	
2891	880934400	1997	12	01	1	0	0	62052	-1111	3.83361	-1111	8.2052	
2922	883612800	1998	01	01	1	0	0	62178	-1111	3.83361	-1111	8.13338	
2953	886291200	1998	02	01	1	0	0	62355	-1111	4.19838	-1111	8.35559	
2981	888710400	1998	03	01	1	0	0	62505	-1111	4.19838	-1111	8.30085	
3012	891388800	1998	04	01	1	0	0	62695	-1111	4.19838	-1111	8.23569	
3042	893980800	1998	05	01	1	0	0	62831	-1111	4.19838	-1111	8.10903	
3073	896659200	1998	06	01	1	0	0	62981	-1111	4.19838	-1111	8.05205	
3103	899251200	1998	07	01	1	0	0	63123	-1111	4.19838	-1111	7.9738	
3134	901929600	1998	08	01	1	0	0	63279	-1111	4.19838	-1111	8.04327	
3165	904608000	1998	09	01	1	0	0	63393	-1111	4.19838	-1111	8.10629	
3195	907200000	1998	10	01	1	0	0	63516	-1111	4.19838	-1111	8.02515	
3226	909878400	1998	11	01	1	0	0	63637	-1111	4.19838	-1111	8.11766	
3256	912470400	1998	12	01	1	0	0	63773	-1111	4.19838	-1111	8.03993	
3287	915148800	1999	01	01	1	0	0	63912	-1111	4.19838	-1111	8.04254	
3318	917827200	1999	02	01	1	0	0	64055	-1111	4.16886	-1111	7.99735	
3346	920246400	1999	03	01	1	0	0	64201	-1111	4.16886	-1111	7.96542	
3377	922924800	1999	04	01	1	0	0	64366	-1111	4.16886	-1111	7.7946	
3407	925516800	1999	05	01	1	0	0	64504	-1111	4.16886	-1111	7.98372	
3438	928195200	1999	06	01	1	0	0	64644	-1111	4.16886	-1111	8.07054	
3468	930787200	1999	07	01	1	0	0	64806	-1111	4.16886	-1111	8.03951	
3499	933465600	1999	08	01	1	0	0	64976	-1111	4.16886	-1111	7.69431	
3530	936144000	1999	09	01	1	0	0	65133	-1111	4.16886	-1111	7.95077	
3560	938736000	1999	10	01	1	0	0	65290	-1111	4.16886	-1111	7.90686	
3591	941414400	1999	11	01	1	0	0	65437	-1111	4.16886	-1111	8.0917	
3621	944006400	1999	12	01	1	0	0	65557	-1111	4.16886	-1111	7.94131	
3652	946684800	2000	01	01	1	0	0	65702	-1111	4.16886	-1111	7.83318	
3683	949363200	2000	02	01	1	0.6	0.6	65873	-1111	3.94738	-1111	6.49921	
3712	951868800	2000	03	01	1	0.6	0.6	66020	-1111	3.94738	-1111	4.91162	
3743	954547200	2000	04	01	1	0.6	0.6	66186	-1111	3.94738	-1111	4.15781	
3773	957139200	2000	05	01	1	0.6	0.6	66317	-1111	3.94738	-1111	3.54103	
3804	959817600	2000	06	01	1	0.6	0.6	66441	-1111	3.94738	-1111	2.91106	
3834	962409600	2000	07	01	1	0.6	0.6	66600	-1111	3.94738	-1111	2.67819	
3865	965088000	2000	08	01	1	0.6	0.6	66760	-1111	3.94738	-1111	2.55552	
3896	967766400	2000	09	01	1	0.6	0.6	66929	-1111	3.94738	-1111	2.29718	
3926	970358400	2000	10	01	1	0.6	0.6	67052	-1111	3.94738	-1111	2.03812	
3957	973036800	2000	11	01	1	0.6	0.6	67196	-1111	3.94738	-1111	1.92549	
3987	975628800	2000	12	01	1	0.6	0.6	67358	-1111	3.94738	-1111	1.75095	
4018	978307200	2001	01	01	1	0.6	0.6	67483	-1111	3.94738	-1111	1.65085	
4049	980985600	2001	02	01	1	0.6	0.6	67661	-1111	1.85068	-1111	1.51738	
4077	983404800	2001	03	01	1	0.6	0.6	67792	-1111	1.85068	-1111	1.59447	
4108	986083200	2001	04	01	1	0.6	0.6	67971	-1111	1.85068	-1111	1.58045	
4138	988675200	2001	05	01	1	0.6	0.6	68109	-1111	1.85068	-1111	1.61684	
4169	991353600	2001	06	01	1	0.6	0.6	68318	-1111	1.85068	-1111	1.67209	
4199	993945600	2001	07	01	1	0.6	0.6	68446	-1111	1.85068	-1111	1.62503	
4230	996624000	2001	08	01	1	0.6	0.6	68608	-1111	1.85068	-1111	1.61346	
4261	999302400	2001	09	01	1	0.6	0.6	68783	-1111	1.85068	-1111	1.50514	
4291	1001894400	2001	10	01	1	0.6	0.6	68953	-1111	1.85068	-1111	1.51203	
4322	1004572800	2001	11	01	1	0.6	0.6	69101	-1111	1.85068	-1111	1.74857	
4352	1007164800	2001	12	01	1	0.6	0.6	69289	-1111	1.85068	-1111	1.77552	
4383	1009843200	2002	01	01	1	0.6	0.6	69450	-1111	1.85068	-1111	1.78836	
4414	1012521600	2002	02	01	1	0.6	0.6	69605	-1111	1.05859	-1111	1.95211	
4442	1014940800	2002	03	01	1	0.6	0.6	69766	-1111	1.05859	-1111	1.93548	
4473	1017619200	2002	04	01	1	0.6	0.6	69961	-1111	1.05859	-1111	2.29042	
4503	1020211200	2002	05	01	1	0.6	0.6	70109	-1111	1.05859	-1111	2.5439	
4534	1022889600	2002	06	01	1	0.6	0.6	70261	-1111	1.05859	-1111	2.61055	
4564	1025481600	2002	07	01	1	0.6	0.6	70451	-1111	1.05859	-1111	2.82527	
4595	1028160000	2002	08	01	1	0.6	0.6	70582	-1111	1.05859	-1111	2.73129	
4626	1030838400	2002	09	01	1	0.6	0.6	70749	-1111	1.05859	-1111	3.00101	
4656	1033430400	2002	10	01	1	0.6	0.6	70936	-1111	1.05859	-1111	3.09445	
4687	1036108800	2002	11	01	1	0.6	0.6	71107	-1111	1.05859	-1111	3.21178	
4717	1038700800	2002	12	01	1	0.6	0.6	71241	-1111	1.05859	-1111	3.34353	
4748	1041379200	2003	01	01	1	0.6	0.6	71396	-1111	1.05859	-1111	3.57678	
4779	1044057600	2003	02	01	1	0.6	0.6	71603	-1111	1.80333	-1111	3.99491	
4807	1046476800	2003	03	01	1	0.6	0.6	71771	-1111	1.80333	-1111	4.30315	
4838	1049155200	2003	04	01	1	0.6	0.6	71920	-1111	1.80333	-1111	4.42497	
4868	1051747200	2003	05	01	1	0.6	0.6	72125	-1111	1.80333	-1111	4.65206	
4899	1054425600	2003	06	01	1	0.6	0.6	72285	-1111	1.80333	-1111	4.90764	
4929	1057017600	2003	07	01	1	0.6	0.6	72456	-1111	1.80333	-1111	4.88697	
4960	1059696000	2003	08	01	1	0.6	0.6	72603	-1111	1.80333	-1111	5.01555	
4991	1062374400	2003	09	01	1	0.6	0.6	72769	-1111	1.80333	-1111	5.27318	
5021	1064966400	2003	10	01	1	0.6	0.6	72935	-1111	1.80333	-1111	5.4574	
5052	1067644800	2003	11	01	1	0.6	0.6	73105	-1111	1.80333	-1111	5.34293	
5082	1070236800	2003	12	01	1	0.6	0.6	73273	-1111	1.80333	-1111	5.61246	
5113	1072915200	2004	01	01	1	0.6	0.6	73432	-1111	1.80333	-1111	5.55466	
5144	1075593600	2004	02	01	1	0.6	0.6	73617	-1111	3.11586	-1111	5.55496	
5173	1078099200	2004	03	01	1	0.6	0.6	73761	-1111	3.11586	-1111	5.67391	
5204	1080777600	2004	04	01	1	0.6	0.6	73911	-1111	3.11586	-1111	5.54993	
5234	1083369600	2004	05	01	1	0.6	0.6	74098	-1111	3.11586	-1111	5.44681	
5265	1086048000	2004	06	01	1	0.6	0.6	74275	-1111	3.11586	-1111	5.33723	
5295	1088640000	2004	07	01	1	0.6	0.6	74448	-1111	3.11586	-1111	5.242	
5326	1091318400	2004	08	01	1	0.6	0.6	74631	-1111	3.11586	-1111	5.15219	
5357	1093996800	2004	09	01	1	0.6	0.6	74817	-1111	3.11586	-1111	5.0901	
5387	1096588800	2004	10	01	1	0.6	0.6	74998	-1111	3.11586	-1111	4.95876	
5418	1099267200	2004	11	01	1	0.6	0.6	75177	-1111	3.11586	-1111	4.86118	
5448	1101859200	2004	12	01	1	0.6	0.6	75367	-1111	3.11586	-1111	4.83635	
5479	1104537600	2005	01	01	1	0.6	0.6	75557	-1111	3.11586	-1111	4.86317	
5510	1107216000	2005	02	01	1	0.6	0.6	75737	-1111	3.19602	-1111	4.4223	
5538	1109635200	2005	03	01	1	0.6	0.6	75902	-1111	3.19602	-1111	4.00848	
5569	1112313600	2005	04	01	1	0.6	0.6	76109	-1111	3.19602	-1111	3.69375	
5599	1114905600	2005	05	01	1	0.6	0.6	76274	-1111	3.19602	-1111	3.51924	
5630	1117584000	2005	06	01	1	0.6	0.6	76447	-1111	3.19602	-1111	3.19209	
5660	1120176000	2005	07	01	1	0.6	0.6	76599	-1111	3.19602	-1111	2.89744	
5691	1122854400	2005	08	01	1	0.6	0.6	76771	-1111	3.19602	-1111	2.80131	
5722	1125532800	2005	09	01	1	0.6	0.6	76939	-1111	3.19602	-1111	2.62743	
5752	1128124800	2005	10	01	1	0.6	0.6	77131	-1111	3.19602	-1111	2.39585	
5783	1130803200	2005	11	01	1	0.6	0.6	77317	-1111	3.19602	-1111	2.01482	
5813	1133395200	2005	12	01	1	0.6	0.6	77504	-1111	3.19602	-1111	1.97885	
5844	1136073600	2006	01	01	1	0.6	0.6	77681	-1111	3.19602	-1111	2.20091	
5875	1138752000	2006	02	01	1	0.6	0.6	77855	-1111	1.87743	-1111	2.18816	
5903	1141171200	2006	03	01	1	0.6	0.6	78044	-1111	1.87743	-1111	2.23944	
5934	1143849600	2006	04	01	1	0.6	0.6	78262	-1111	1.87743	-1111	2.24555	
5964	1146441600	2006	05	01	1	0.6	0.6	78467	-1111	1.87743	-1111	2.25568	
5995	1149120000	2006	06	01	1	0.6	0.6	78648	-1111	1.87743	-1111	2.30155	
6025	1151712000	2006	07	01	1	0.6	0.6	78828	-1111	1.87743	-1111	2.36389	
6056	1154390400	2006	08	01	1	0.6	0.6	79039	-1111	1.87743	-1111	2.40234	
6087	1157068800	2006	09	01	1	0.6	0.6	79217	-1111	1.87743	-1111	2.50853	
6117	1159660800	2006	10	01	1	0.6	0.6	79420	-1111	1.87743	-1111	2.65522	
6148	1162339200	2006	11	01	1	0.6	0.6	79601	-1111	1.87743	-1111	2.84337	
6178	1164931200	2006	12	01	1	0.6	0.6	79806	-1111	1.87743	-1111	2.88995	
6209	1167609600	2007	01	01	1	0.6	0.6	80027	-1111	1.87743	-1111	2.98661	
6240	1170288000	2007	02	01	1	0.6	0.6	80241	-1111	1.57006	-1111	3.04509	
6268	1172707200	2007	03	01	1	0.6	0.6	80400	-1111	1.57006	-1111	3.25219	
6299	1175385600	2007	04	01	1	0.6	0.6	80603	-1111	1.57006	-1111	3.24445	
6329	1177977600	2007	05	01	1	0.6	0.6	80789	-1111	1.57006	-1111	3.40733	
6360	1180656000	2007	06	01	1	0.6	0.6	80970	-1111	1.57006	-1111	3.43744	
6390	1183248000	2007	07	01	1	0.6	0.6	81161	-1111	1.57006	-1111	3.69547	
6421	1185926400	2007	08	01	1	0.6	0.6	81317	-1111	1.57006	-1111	3.9176	
6452	1188604800	2007	09	01	1	0.6	0.6	81498	-1111	1.57006	-1111	4.19095	
6482	1191196800	2007	10	01	1	0.6	0.6	81666	-1111	1.57006	-1111	4.51182	
6513	1193875200	2007	11	01	1	0.6	0.6	81873	-1111	1.57006	-1111	4.64938	
6543	1196467200	2007	12	01	1	0.6	0.6	82085	-1111	1.57006	-1111	4.73551	
6574	1199145600	2008	01	01	1	0.6	0.6	82303	-1111	1.57006	-1111	5.0493	
6605	1201824000	2008	02	01	1	0.6	0.6	82502	-1111	2.42111	-1111	5.0202	
6634	1204329600	2008	03	01	1	0.6	0.6	82657	-1111	2.42111	-1111	5.13768	
6665	1207008000	2008	04	01	1	0.6	0.6	82849	-1111	2.42111	-1111	5.40706	
6695	1209600000	2008	05	01	1	0.6	0.6	83015	-1111	2.42111	-1111	5.68294	
6726	1212278400	2008	06	01	1	0.6	0.6	83229	-1111	2.42111	-1111	5.80588	
6756	1214870400	2008	07	01	1	0.6	0.6	83405	-1111	2.42111	-1111	5.81379	
6787	1217548800	2008	08	01	1	0.6	0.6	83599	-1111	2.42111	-1111	6.07219	
6818	1220227200	2008	09	01	1	0.6	0.6	83813	-1111	2.42111	-1111	5.98772	
6848	1222819200	2008	10	01	1	0.6	0.6	83986	-1111	2.42111	-1111	6.15042	
6879	1225497600	2008	11	01	1	0.6	0.6	84167	-1111	2.42111	-1111	6.09337	
6909	1228089600	2008	12	01	1	0.6	0.6	84364	-1111	2.42111	-1111	6.09203	
6940	1230768000	2009	01	01	1	0.6	0.6	84533	-1111	2.42111	-1111	5.8951	
6971	1233446400	2009	02	01	1	0.6	0.6	84745	-1111	3.3456	-1111	5.81899	
6999	1235865600	2009	03	01	1	0.6	0.6	84928	-1111	3.3456	-1111	5.78231	
7030	1238544000	2009	04	01	1	0.6	0.6	85160	-1111	3.3456	-1111	6.06964	
7060	1241136000	2009	05	01	1	0.6	0.6	85324	-1111	3.3456	-1111	6.09611	
7091	1243814400	2009	06	01	1	0.6	0.6	85532	-1111	3.3456	-1111	5.75421	
7121	1246406400	2009	07	01	1	0.6	0.6	85709	-1111	3.3456	-1111	5.68865	
7152	1249084800	2009	08	01	1	0.6	0.6	85926	-1111	3.3456	-1111	5.7946	
7183	1251763200	2009	09	01	1	0.6	0.6	86132	-1111	3.3456	-1111	5.70806	
7213	1254355200	2009	10	01	1	0.6	0.6	86296	-1111	3.3456	-1111	5.67164	
7244	1257033600	2009	11	01	1	0.6	0.6	86515	-1111	3.3456	-1111	5.57834	
7274	1259625600	2009	12	01	1	0.6	0.6	86733	-1111	3.3456	-1111	5.33741	
7305	1262304000	2010	01	01	1	0.6	0.6	86918	-1111	3.3456	-1111	5.23394	
7336	1264982400	2010	02	01	1	0.6	0.6	87126	-1111	3.18077	-1111	4.51319	
7364	1267401600	2010	03	01	1	0.6	0.6	87270	-1111	3.18077	-1111	4.09628	
7395	1270080000	2010	04	01	1	0.6	0.6	87499	-1111	3.18077	-1111	3.95943	
7425	1272672000	2010	05	01	1	0.6	0.6	87716	-1111	3.18077	-1111	3.73707	
7456	1275350400	2010	06	01	1	0.6	0.6	87938	-1111	3.18077	-1111	3.5139	
7486	1277942400	2010	07	01	1	0.6	0.6	88122	-1111	3.18077	-1111	3.5097	
7517	1280620800	2010	08	01	1	0.6	0.6	88321	-1111	3.18077	-1111	3.30228	
7548	1283299200	2010	09	01	1	0.6	0.6	88510	-1111	3.18077	-1111	3.26455	
7578	1285891200	2010	10	01	1	0.6	0.6	88727	-1111	3.18077	-1111	3.25528	
7609	1288569600	2010	11	01	1	0.6	0.6	88972	-1111	3.18077	-1111	3.09731	
7639	1291161600	2010	12	01	1	0.6	0.6	89186	-1111	3.18077	-1111	3.09932	
7670	1293840000	2011	01	01	1	0.6	0.6	89433	-1111	3.18077	-1111	3.10537	
7701	1296518400	2011	02	01	1	0.6	0.6	89680	-1111	2.11045	-1111	3.24266	
7729	1298937600	2011	03	01	1	0.6	0.6	89882	-1111	2.11045	-1111	3.3604	
7760	1301616000	2011	04	01	1	0.6	0.6	90093	-1111	2.11045	-1111	3.32684	
7790	1304208000	2011	05	01	1	0.6	0.6	90302	-1111	2.11045	-1111	3.44664	
7821	1306886400	2011	06	01	1	0.6	0.6	90502	-1111	2.11045	-1111	3.37127	
7851	1309478400	2011	07	01	1	0.6	0.6	90704	-1111	2.11045	-1111	3.53342	
7882	1312156800	2011	08	01	1	0.6	0.6	90961	-1111	2.11045	-1111	3.50975	
7913	1314835200	2011	09	01	1	0.6	0.6	91192	-1111	2.11045	-1111	3.5826	
7943	1317427200	2011	10	01	1	0.6	0.6	91421	-1111	2.11045	-1111	3.49857	
7974	1320105600	2011	11	01	1	0.6	0.6	91603	-1111	2.11045	-1111	3.42329	
8004	1322697600	2011	12	01	1	0.6	0.6	91795	-1111	2.11045	-1111	3.59694	
8035	1325376000	2012	01	01	1	0.6	0.6	91981	-1111	2.11045	-1111	3.67027	
8066	1328054400	2012	02	01	1	0.6	0.6	92209	-1111	2.10593	-1111	3.74741	
8095	1330560000	2012	03	01	1	0.6	0.6	92420	-1111	2.10593	-1111	3.96148	
8126	1333238400	2012	04	01	1	0.6	0.6	92636	-1111	2.10593	-1111	3.9513	
8156	1335830400	2012	05	01	1	0.6	0.6	92865	-1111	2.10593	-1111	3.91193	
8187	1338508800	2012	06	01	1	0.6	0.6	93058	-1111	2.10593	-1111	3.89327	
8217	1341100800	2012	07	01	1	0.6	0.6	93244	-1111	2.10593	-1111	4.07651	
8248	1343779200	2012	08	01	1	0.6	0.6	93471	-1111	2.10593	-1111	4.09747	
8279	1346457600	2012	09	01	1	0.6	0.6	93691	-1111	2.10593	-1111	4.00833	
8309	1349049600	2012	10	01	1	0.6	0.6	93886	-1111	2.10593	-1111	3.8954	
8340	1351728000	2012	11	01	1	0.6	0.6	94120	-1111	2.10593	-1111	3.90412	
8370	1354320000	2012	12	01	1	0.6	0.6	94335	-1111	2.10593	-1111	3.84695	
8401	1356998400	2013	01	01	1	0.6	0.6	94539	-1111	2.10593	-1111	4.16392	
8432	1359676800	2013	02	01	1	0.6	0.6	94755	-1111	2.46622	-1111	4.10768	
8460	1362096000	2013	03	01	1	0.6	0.6	94950	-1111	2.46622	-1111	4.19277	
8491	1364774400	2013	04	01	1	0.6	0.6	95208	-1111	2.46622	-1111	4.14794	
8521	1367366400	2013	05	01	1	0.6	0.6	95424	-1111	2.46622	-1111	4.44245	
8552	1370044800	2013	06	01	1	0.6	0.6	95661	-1111	2.46622	-1111	4.33316	
8582	1372636800	2013	07	01	1	0.6	0.6	95902	-1111	2.46622	-1111	4.33264	
8613	1375315200	2013	08	01	1	0.6	0.6	96110	-1111	2.46622	-1111	4.38207	
8644	1377993600	2013	09	01	1	0.6	0.6	96340	-1111	2.46622	-1111	4.26731	
8674	1380585600	2013	10	01	1	0.6	0.6	96608	-1111	2.46622	-1111	4.35289	
8705	1383264000	2013	11	01	1	0.6	0.6	96806	-1111	2.46622	-1111	4.33527	
8735	1385856000	2013	12	01	1	0.6	0.6	97028	-1111	2.46622	-1111	4.44782	
8766	1388534400	2014	01	01	1	0.6	0.6	97239	-1111	2.46622	-1111	4.29188	
8797	1391212800	2014	02	01	1	0.6	0.6	97421	-1111	2.63529	-1111	4.39122	
8825	1393632000	2014	03	01	1	0.6	0.6	97628	-1111	2.63529	-1111	4.26431	
8856	1396310400	2014	04	01	1	0.6	0.6	97842	-1111	2.63529	-1111	4.19944	
8886	1398902400	2014	05	01	1	0.6	0.6	98051	-1111	2.63529	-1111	4.08754	
8917	1401580800	2014	06	01	1	0.6	0.6	98290	-1111	2.63529	-1111	4.06031	
8947	1404172800	2014	07	01	1	0.6	0.6	98539	-1111	2.63529	-1111	3.97014	
8978	1406851200	2014	08	01	1	0.6	0.6	98785	-1111	2.63529	-1111	4.15387	
9009	1409529600	2014	09	01	1	0.6	0.6	98996	-1111	2.63529	-1111	3.95833	
9039	1412121600	2014	10	01	1	0.6	0.6	99207	-1111	2.63529	-1111	4.09228	
9070	1414800000	2014	11	01	1	0.6	0.6	99439	-1111	2.63529	-1111	3.94191	
9100	1417392000	2014	12	01	1	0.6	0.6	99687	-1111	2.63529	-1111	3.81492	
9131	1420070400	2015	01	01	1	0.6	0.6	99903	-1111	2.63529	-1111	3.82411	
9162	1422748800	2015	02	01	1	0.6	0.6	100137	-1111	2.42975	-1111	3.67258	
9190	1425168000	2015	03	01	1	0.6	0.6	100320	-1111	2.42975	-1111	3.55493	
9221	1427846400	2015	04	01	1	0.6	0.6	100532	-1111	2.42975	-1111	3.71172	
9251	1430438400	2015	05	01	1	0.6	0.6	100749	-1111	2.42975	-1111	3.60204	
9282	1433116800	2015	06	01	1	0.6	0.6	100973	-1111	2.42975	-1111	3.43526	
9312	1435708800	2015	07	01	1	0.6	0.6	101178	-1111	2.42975	-1111	3.43437	
9343	1438387200	2015	08	01	1	0.6	0.6	101428	-1111	2.42975	-1111	3.51395	
9374	1441065600	2015	09	01	1	0.6	0.6	101664	-1111	2.42975	-1111	3.57034	
9404	1443657600	2015	10	01	1	0.6	0.6	101877	-1111	2.42975	-1111	3.36304	
9435	1446336000	2015	11	01	1	0.6	0.6	102103	-1111	2.42975	-1111	3.51751	
9465	1448928000	2015	12	01	1	0.6	0.6	102346	-1111	2.42975	-1111	3.46307	
9496	1451606400	2016	01	01	1	0.6	0.6	102619	-1111	2.42975	-1111	3.62561	
9527	1454284800	2016	02	01	1	0.6	0.6	102858	-1111	2.1809	-1111	3.81671	
9556	1456790400	2016	03	01	1	0.6	0.6	103095	-1111	2.1809	-1111	3.76017	
9587	1459468800	2016	04	01	1	0.6	0.6	103320	-1111	2.1809	-1111	3.83991	
9617	1462060800	2016	05	01	1	0.6	0.6	103558	-1111	2.1809	-1111	3.99232	
9648	1464739200	2016	06	01	1	0.6	0.6	103790	-1111	2.1809	-1111	4.09251	
9678	1467331200	2016	07	01	1	0.6	0.6	104017	-1111	2.1809	-1111	4.05163	
9709	1470009600	2016	08	01	1	0.6	0.6	104237	-1111	2.1809	-1111	3.88835	
9740	1472688000	2016	09	01	1	0.6	0.6	104487	-1111	2.1809	-1111	3.85374	
9770	1475280000	2016	10	01	1	0.6	0.6	104711	-1111	2.1809	-1111	3.76664	
9801	1477958400	2016	11	01	1	0.6	0.6	104941	-1111	2.1809	-1111	3.80634	
9831	1480550400	2016	12	01	1	0.6	0.6	105185	-1111	2.1809	-1111	3.94776	
9862	1483228800	2017	01	01	1	0.6	0.6	105458	-1111	2.1809	-1111	3.86277	
9893	1485907200	2017	02	01	1	0.6	0.6	105697	-1111	2.36813	-1111	4.05644	
9921	1488326400	2017	03	01	1	0.6	0.6	105960	-1111	2.36813	-1111	4.08674	
9952	1491004800	2017	04	01	1	0.6	0.6	106199	-1111	2.36813	-1111	4.25156	
9982	1493596800	2017	05	01	1	0.6	0.6	106446	-1111	2.36813	-1111	4.3068	
10013	1496275200	2017	06	01	1	0.6	0.6	106689	-1111	2.36813	-1111	4.4985	
10043	1498867200	2017	07	01	1	0.6	0.6	106930	-1111	2.36813	-1111	4.22458	
10074	1501545600	2017	08	01	1	0.6	0.6	107193	-1111	2.36813	-1111	4.30877	
10105	1504224000	2017	09	01	1	0.6	0.6	107448	-1111	2.36813	-1111	4.18594	
10135	1506816000	2017	10	01	1	0.6	0.6	107730	-1111	2.36813	-1111	4.35162	
10166	1509494400	2017	11	01	1	0.6	0.6	107986	-1111	2.36813	-1111	4.34388	
10196	1512086400	2017	12	01	1	0.6	0.6	108207	-1111	2.36813	-1111	4.27443	
10227	1514764800	2018	01	01	1	0.6	0.6	108448	-1111	2.36813	-1111	4.31954	
10258	1517443200	2018	02	01	1	0.6	0.6	108695	-1111	2.6113	-1111	4.55005	
10286	1519862400	2018	03	01	1	0.6	0.6	108924	-1111	2.6113	-1111	4.44388	
10317	1522540800	2018	04	01	1	0.6	0.6	109143	-1111	2.6113	-1111	4.34063	
10347	1525132800	2018	05	01	1	0.6	0.6	109380	-1111	2.6113	-1111	4.33768	
10378	1527811200	2018	06	01	1	0.6	0.6	109640	-1111	2.6113	-1111	4.33272	
10408	1530403200	2018	07	01	1	0.6	0.6	109903	-1111	2.6113	-1111	4.35979	
10439	1533081600	2018	08	01	1	0.6	0.6	110171	-1111	2.6113	-1111	4.28566	
10470	1535760000	2018	09	01	1	0.6	0.6	110437	-1111	2.6113	-1111	4.352	
10500	1538352000	2018	10	01	1	0.6	0.6	110690	-1111	2.6113	-1111	4.52722	
10531	1541030400	2018	11	01	1	0.6	0.6	110961	-1111	2.6113	-1111	4.58205	
10561	1543622400	2018	12	01	1	0.6	0.6	111227	-1111	2.6113	-1111	4.59213	
10592	1546300800	2019	01	01	1	0.6	0.6	111516	-1111	2.6113	-1111	4.66274	
10623	1548979200	2019	02	01	1	0.6	0.6	111752	-1111	2.66501	-1111	4.67941	
10651	1551398400	2019	03	01	1	0.6	0.6	112009	-1111	2.66501	-1111	4.68218	
10682	1554076800	2019	04	01	1	0.6	0.6	112264	-1111	2.66501	-1111	4.53972	
10712	1556668800	2019	05	01	1	0.6	0.6	112517	-1111	2.66501	-1111	4.53465	
10743	1559347200	2019	06	01	1	0.6	0.6	112810	-1111	2.66501	-1111	4.42203	
10773	1561939200	2019	07	01	1	0.6	0.6	113035	-1111	2.66501	-1111	4.12938	
10804	1564617600	2019	08	01	1	0.6	0.6	113317	-1111	2.66501	-1111	4.25089	
10835	1567296000	2019	09	01	1	0.6	0.6	113560	-1111	2.66501	-1111	4.3418	
10865	1569888000	2019	10	01	1	0.6	0.6	113848	-1111	2.66501	-1111	4.30234	
10896	1572566400	2019	11	01	1	0.6	0.6	114135	-1111	2.66501	-1111	4.40397	
10926	1575158400	2019	12	01	1	0.6	0.6	114382	-1111	2.66501	-1111	4.36711	
10957	1577836800	2020	01	01	1	0.6	0.6	114666	-1111	2.66501	-1111	4.37331	
10988	1580515200	2020	02	01	1	0.6	0.6	114953	-1111	2.6726	-1111	4.76581	
11017	1583020800	2020	03	01	1	0.6	0.6	115259	-1111	2.6726	-1111	5.0562	
11048	1585699200	2020	04	01	1	0.6	0.6	115548	-1111	2.6726	-1111	5.34539	
11078	1588291200	2020	05	01	1	0.6	0.6	115807	-1111	2.6726	-1111	5.50415	
11109	1590969600	2020	06	01	1	0.6	0.6	116085	-1111	2.6726	-1111	5.55311	
11139	1593561600	2020	07	01	1	0.6	0.6	116333	-1111	2.6726	-1111	5.57133	
11170	1596240000	2020	08	01	1	0.6	0.6	116576	-1111	2.6726	-1111	5.77974	
11201	1598918400	2020	09	01	1	0.6	0.6	116852	-1111	2.6726	-1111	5.76062	
11231	1601510400	2020	10	01	1	0.6	0.6	117108	-1111	2.6726	-1111	5.76065	
11262	1604188800	2020	11	01	1	0.6	0.6	117381	-1111	2.6726	-1111	5.99906	
11292	1606780800	2020	12	01	1	0.6	0.6	117628	-1111	2.6726	-1111	6.19886	
11323	1609459200	2021	01	01	1	0.6	0.6	117934	-1111	2.6726	-1111	6.08988	
11354	1612137600	2021	02	01	1	0.6	0.6	118199	-1111	3.16164	-1111	6.11885	
11382	1614556800	2021	03	01	1	0.6	0.6	118442	-1111	3.16164	-1111	5.91687	
11413	1617235200	2021	04	01	1	0.6	0.6	118724	-1111	3.16164	-1111	5.90999	
11443	1619827200	2021	05	01	1	0.6	0.6	118985	-1111	3.16164	-1111	5.66891	
11474	1622505600	2021	06	01	1	0.6	0.6	119256	-1111	3.16164	-1111	5.62694	
11504	1625097600	2021	07	01	1	0.6	0.6	119531	-1111	3.16164	-1111	5.59719	
11535	1627776000	2021	08	01	1	0.6	0.6	119829	-1111	3.16164	-1111	5.53116	
11566	1630454400	2021	09	01	1	0.6	0.6	120112	-1111	3.16164	-1111	5.60748	
11596	1633046400	2021	10	01	1	0.6	0.6	120424	-1111	3.16164	-1111	5.47463	
11627	1635724800	2021	11	01	1	0.6	0.6	120650	-1111	3.16164	-1111	5.40233	
11657	1638316800	2021	12	01	1	0.6	0.6	120946	-1111	3.16164	-1111	5.1342	
11688	1640995200	2022	01	01	1	0.6	0.6	121229	-1111	3.16164	-1111	5.11233	
11719	1643673600	2022	02	01	1	0.6	0.6	121518	-1111	3.0305	-1111	4.8745	
11747	1646092800	2022	03	01	1	0.6	0.6	121764	-1111	3.0305	-1111	4.74241	
11778	1648771200	2022	04	01	1	0.6	0.6	122063	-1111	3.0305	-1111	4.69609	
11808	1651363200	2022	05	01	1	0.6	0.6	122356	-1111	3.0305	-1111	4.7072	
11839	1654041600	2022	06	01	1	0.6	0.6	122681	-1111	3.0305	-1111	4.78766	
11869	1656633600	2022	07	01	1	0.6	0.6	122929	-1111	3.0305	-1111	4.84036	
11900	1659312000	2022	08	01	1	0.6	0.6	123180	-1111	3.0305	-1111	4.74168	
11931	1661990400	2022	09	01	1	0.6	0.6	123482	-1111	3.0305	-1111	4.72747	
11961	1664582400	2022	10	01	1	0.6	0.6	123752	-1111	3.0305	-1111	4.69843	
11992	1667260800	2022	11	01	1	0.6	0.6	124083	-1111	3.0305	-1111	4.8273	
12022	1669852800	2022	12	01	1	0.6	0.6	124356	-1111	3.0305	-1111	4.73056	
12053	1672531200	2023	01	01	1	0.6	0.6	124654	-1111	3.0305	-1111	4.84268	
12084	1675209600	2023	02	01	1	0.6	0.6	124932	-1111	2.59522	-1111	4.86784	
12112	1677628800	2023	03	01	1	0.6	0.6	125198	-1111	2.59522	-1111	4.85797	
12143	1680307200	2023	04	01	1	0.6	0.6	125559	-1111	2.59522	-1111	5.04405	
12173	1682899200	2023	05	01	1	0.6	0.6	125836	-1111	2.59522	-1111	5.09716	
12204	1685577600	2023	06	01	1	0.6	0.6	126158	-1111	2.59522	-1111	4.87858	
12234	1688169600	2023	07	01	1	0.6	0.6	126457	-1111	2.59522	-1111	4.8842	
12265	1690848000	2023	08	01	1	0.6	0.6	126742	-1111	2.59522	-1111	4.78955	
12296	1693526400	2023	09	01	1	0.6	0.6	127063	-1111	2.59522	-1111	4.91981	
12326	1696118400	2023	10	01	1	0.6	0.6	127357	-1111	2.59522	-1111	5.13896	
12357	1698796800	2023	11	01	1	0.6	0.6	127674	-1111	2.59522	-1111	5.31522	
12387	1701388800	2023	12	01	1	0.6	0.6	127942	-1111	2.59522	-1111	5.34424	
12418	1704067200	2024	01	01	1	0.6	0.6	128248	-1111	2.59522	-1111	5.47345	
12449	1706745600	2024	02	01	1	0.6	0.6	128536	-1111	2.82155	-1111	5.35168	
12478	1709251200	2024	03	01	1	0.6	0.6	128823	-1111	2.82155	-1111	5.3337	
12509	1711929600	2024	04	01	1	0.6	0.6	129114	-1111	2.82155	-1111	5.46042	
12539	1714521600	2024	05	01	1	0.6	0.6	129417	-1111	2.82155	-1111	5.40927	
12570	1717200000	2024	06	01	1	0.6	0.6	129738	-1111	2.82155	-1111	5.32683	
12600	1719792000	2024	07	01	1	0.6	0.6	130005	-1111	2.82155	-1111	5.37683	
12631	1722470400	2024	08	01	1	0.6	0.6	130325	-1111	2.82155	-1111	5.2743	
12662	1725148800	2024	09	01	1	0.6	0.6	130632	-1111	2.82155	-1111	5.45455	
12692	1727740800	2024	10	01	1	0.6	0.6	130896	-1111	2.82155	-1111	5.37178	
12723	1730419200	2024	11	01	1	0.6	0.6	131173	-1111	2.82155	-1111	5.28164	
12753	1733011200	2024	12	01	1	0.6	0.6	131464	-1111	2.82155	-1111	5.23841	
12784	1735689600	2025	01	01	1	0.6	0.6	131803	-1111	2.82155	-1111	5.09533	
12815	1738368000	2025	02	01	1	0.6	0.6	132140	-1111	2.96141	-1111	4.41645	
12843	1740787200	2025	03	01	1	0.6	0.6	132452	-1111	2.96141	-1111	4.02164	
12874	1743465600	2025	04	01	1	0.6	0.6	132754	-1111	2.96141	-1111	3.78135	
12904	1746057600	2025	05	01	1	0.6	0.6	133071	-1111	2.96141	-1111	3.69124	
12935	1748736000	2025	06	01	1	0.6	0.6	133372	-1111	2.96141	-1111	3.43741	
12965	1751328000	2025	07	01	1	0.6	0.6	133669	-1111	2.96141	-1111	3.28837	
12996	1754006400	2025	08	01	1	0.6	0.6	134005	-1111	2.96141	-1111	3.12995	
13027	1756684800	2025	09	01	1	0.6	0.6	134321	-1111	2.96141	-1111	2.89991	
13057	1759276800	2025	10	01	1	0.6	0.6	134605	-1111	2.96141	-1111	2.79559	
13088	1761955200	2025	11	01	1	0.6	0.6	134896	-1111	2.96141	-1111	2.78972	
13118	1764547200	2025	12	01	1	0.6	0.6	135202	-1111	2.96141	-1111	2.70498	
13149	1767225600	2026	01	01	1	0.6	0.6	135516	-1111	2.96141	-1111	2.60616	
13180	1769904000	2026	02	01	1	0.6	0.6	135853	-1111	2.05134	-1111	2.71761	
13208	1772323200	2026	03	01	1	0.6	0.6	136174	-1111	2.05134	-1111	2.68246	
13239	1775001600	2026	04	01	1	0.6	0.6	136537	-1111	2.05134	-1111	2.58923	
13269	1777593600	2026	05	01	1	0.6	0.6	136846	-1111	2.05134	-1111	2.73376	
13300	1780272000	2026	06	01	1	0.6	0.6	137204	-1111	2.05134	-1111	2.7719	
13330	1782864000	2026	07	01	1	0.6	0.6	137472	-1111	2.05134	-1111	2.79425	
13361	1785542400	2026	08	01	1	0.6	0.6	137779	-1111	2.05134	-1111	2.96159	
13392	1788220800	2026	09	01	1	0.6	0.6	138105	-1111	2.05134	-1111	3.08094	
13422	1790812800	2026	10	01	1	0.6	0.6	138470	-1111	2.05134	-1111	3.11563	
13453	1793491200	2026	11	01	1	0.6	0.6	138833	-1111	2.05134	-1111	3.21132	
13483	1796083200	2026	12	01	1	0.6	0.6	139129	-1111	2.05134	-1111	3.25882	
13514	1798761600	2027	01	01	1	0.6	0.6	139486	-1111	2.05134	-1111	3.30323	
13545	1801440000	2027	02	01	1	0.6	0.6	139826	-1111	1.79045	-1111	3.28255	
13573	1803859200	2027	03	01	1	0.6	0.6	140139	-1111	1.79045	-1111	3.45059	
13604	1806537600	2027	04	01	1	0.6	0.6	140477	-1111	1.79045	-1111	3.63515	
13634	1809129600	2027	05	01	1	0.6	0.6	140780	-1111	1.79045	-1111	3.60067	
13665	1811808000	2027	06	01	1	0.6	0.6	141089	-1111	1.79045	-1111	3.59406	
13695	1814400000	2027	07	01	1	0.6	0.6	141416	-1111	1.79045	-1111	3.62502	
13726	1817078400	2027	08	01	1	0.6	0.6	141774	-1111	1.79045	-1111	3.68578	
13757	1819756800	2027	09	01	1	0.6	0.6	142119	-1111	1.79045	-1111	3.86312	
13787	1822348800	2027	10	01	1	0.6	0.6	142417	-1111	1.79045	-1111	4.05922	
13818	1825027200	2027	11	01	1	0.6	0.6	142761	-1111	1.79045	-1111	4.14047	
13848	1827619200	2027	12	01	1	0.6	0.6	143068	-1111	1.79045	-1111	4.27292	
13879	1830297600	2028	01	01	1	0.6	0.6	143369	-1111	1.79045	-1111	4.19209	
13910	1832976000	2028	02	01	1	0.6	0.6	143700	-1111	2.38189	-1111	4.1909	
13939	1835481600	2028	03	01	1	0.6	0.6	144038	-1111	2.38189	-1111	4.18755	
13970	1838160000	2028	04	01	1	0.6	0.6	144393	-1111	2.38189	-1111	4.10788	
14000	1840752000	2028	05	01	1	0.6	0.6	144752	-1111	2.38189	-1111	4.17716	
14031	1843430400	2028	06	01	1	0.6	0.6	145072	-1111	2.38189	-1111	4.31414	
14061	1846022400	2028	07	01	1	0.6	0.6	145379	-1111	2.38189	-1111	4.3879	
14092	1848700800	2028	08	01	1	0.6	0.6	145738	-1111	2.38189	-1111	4.43016	
14123	1851379200	2028	09	01	1	0.6	0.6	146080	-1111	2.38189	-1111	4.3693	
14153	1853971200	2028	10	01	1	0.6	0.6	146414	-1111	2.38189	-1111	4.38216	
14184	1856649600	2028	11	01	1	0.6	0.6	146739	-1111	2.38189	-1111	4.30618	
14214	1859241600	2028	12	01	1	0.6	0.6	147100	-1111	2.38189	-1111	4.34678	
14245	1861920000	2029	01	01	1	0.6	0.6	147431	-1111	2.38189	-1111	4.41028	
14276	1864598400	2029	02	01	1	0.6	0.6	147775	-1111	2.62688	-1111	4.24727	
14304	1867017600	2029	03	01	1	0.6	0.6	148012	-1111	2.62688	-1111	4.27678	
14335	1869696000	2029	04	01	1	0.6	0.6	148337	-1111	2.62688	-1111	4.18662	
14365	1872288000	2029	05	01	1	0.6	0.6	148672	-1111	2.62688	-1111	4.31755	
14396	1874966400	2029	06	01	1	0.6	0.6	149003	-1111	2.62688	-1111	4.41034	
14426	1877558400	2029	07	01	1	0.6	0.6	149325	-1111	2.62688	-1111	4.42524	
14457	1880236800	2029	08	01	1	0.6	0.6	149689	-1111	2.62688	-1111	4.45141	
14488	1882915200	2029	09	01	1	0.6	0.6	150045	-1111	2.62688	-1111	4.33672	
14518	1885507200	2029	10	01	1	0.6	0.6	150386	-1111	2.62688	-1111	4.30236	
14549	1888185600	2029	11	01	1	0.6	0.6	150721	-1111	2.62688	-1111	4.14213	
14579	1890777600	2029	12	01	1	0.6	0.6	151073	-1111	2.62688	-1111	4.18145	
14610	1893456000	2030	01	01	1	0.6	0.6	151413	-1111	2.62688	-1111	4.04965	
