0	631152000	1990	01	01	1	0.6	0.5	50000	-1111	0	-1111	4.83964	
31	633830400	1990	02	01	1	0	0	50108	-1111	0	-1111	12.1907	
59	636249600	1990	03	01	1	0	0	50233	-1111	0	-1111	14.9262	
90	638928000	1990	04	01	1	0	0	50368	-1111	0	-1111	14.9949	
120	641520000	1990	05	01	1	0	0	50476	-1111	0	-1111	17.6768	
151	644198400	1990	06	01	1	0	0	50541	-1111	0	-1111	19.5261	
181	646790400	1990	07	01	1	0	0	50650	-1111	0	-1111	20.8469	
212	649468800	1990	08	01	1	0	0	50748	-1111	0	-1111	21.3041	
243	652147200	1990	09	01	1	0	0	50860	-1111	0	-1111	20.9272	
273	654739200	1990	10	01	1	0	0	50963	-1111	0	-1111	20.1855	
304	657417600	1990	11	01	1	0	0	51061	-1111	0	-1111	20.0072	
334	660009600	1990	12	01	1	0	0	51173	-1111	0	-1111	19.1853	
365	662688000	1991	01	01	1	0	0	51260	-1111	0	-1111	18.0961	
396	665366400	1991	02	01	1	0	0	51370	-1111	0	-1111	16.9224	
424	667785600	1991	03	01	1	0	0	51477	-1111	0	-1111	15.5643	
455	670464000	1991	04	01	1	0	0	51588	-1111	0	-1111	14.4678	
485	673056000	1991	05	01	1	0	0	51688	-1111	0	-1111	12.8301	
516	675734400	1991	06	01	1	0	0	51784	-1111	0	-1111	11.7521	
546	678326400	1991	07	01	1	0	0	51873	-1111	0	-1111	10.5786	
577	681004800	1991	08	01	1	0	0	51998	-1111	0	-1111	9.73649	
608	683683200	1991	09	01	1	0	0	52096	-1111	0	-1111	8.49205	
638	686275200	1991	10	01	1	0	0	52216	-1111	0	-1111	7.55142	
669	688953600	1991	11	01	1	0	0	52350	-1111	0	-1111	7.04278	
699	691545600	1991	12	01	1	0	0	52456	-1111	0	-1111	6.69639	
730	694224000	1992	01	01	1	0	0	52575	-1111	0	-1111	6.55277	
761	696902400	1992	02	01	1	0	0	52677	-1111	5.44923	-1111	5.76341	
790	699408000	1992	03	01	1	0	0	52795	-1111	5.44923	-1111	5.67435	
821	702086400	1992	04	01	1	0	0	52897	-1111	5.44923	-1111	5.80135	
851	704678400	1992	05	01	1	0	0	53044	-1111	5.44923	-1111	5.61705	
882	707356800	1992	06	01	1	0	0	53146	-1111	5.44923	-1111	5.5761	
912	709948800	1992	07	01	1	0	0	53288	-1111	5.44923	-1111	5.35162	
943	712627200	1992	08	01	1	0	0	53405	-1111	5.44923	-1111	5.72826	
974	715305600	1992	09	01	1	0	0	53554	-1111	5.44923	-1111	6.02138	
1004	717897600	1992	10	01	1	0	0	53675	-1111	5.44923	-1111	6.47661	
1035	720576000	1992	11	01	1	0	0	53812	-1111	5.44923	-1111	7.02743	
1065	723168000	1992	12	01	1	0	0	53926	-1111	5.44923	-1111	6.80624	
1096	725846400	1993	01	01	1	0	0	54032	-1111	5.44923	-1111	6.94288	
1127	728524800	1993	02	01	1	0	0	54160	-1111	3.16518	-1111	7.22431	
1155	730944000	1993	03	01	1	0	0	54277	-1111	3.16518	-1111	7.78685	
1186	733622400	1993	04	01	1	0	0	54407	-1111	3.16518	-1111	7.6877	
1216	736214400	1993	05	01	1	0	0	54521	-1111	3.16518	-1111	8.16769	
1247	738892800	1993	06	01	1	0	0	54663	-1111	3.16518	-1111	8.59861	
1277	741484800	1993	07	01	1	0	0	54785	-1111	3.16518	-1111	8.96562	
1308	744163200	1993	08	01	1	0	0	54915	-1111	3.16518	-1111	8.90837	
1339	746841600	1993	09	01	1	0	0	55054	-1111	3.16518	-1111	9.2257	
1369	749433600	1993	10	01	1	0	0	55171	-1111	3.16518	-1111	9.37594	
1400	752112000	1993	11	01	1	0	0	55305	-1111	3.16518	-1111	9.59928	
1430	754704000	1993	12	01	1	0	0	55414	-1111	3.16518	-1111	9.43959	
1461	757382400	1994	01	01	1	0	0	55527	-1111	3.16518	-1111	9.16822	
1492	760060800	1994	02	01	1	0	0	55667	-1111	4.58103	-1111	9.44465	
1520	762480000	1994	03	01	1	0	0	55795	-1111	4.58103	-1111	9.3522	
1551	765158400	1994	04	01	1	0	0	55906	-1111	4.58103	-1111	9.4094	
1581	767750400	1994	05	01	1	0	0	56027	-1111	4.58103	-1111	8.94592	
1612	770428800	1994	06	01	1	0	0	56168	-1111	4.58103	-1111	8.91904	
1642	773020800	1994	07	01	1	0	0	56299	-1111	4.58103	-1111	8.85467	
1673	775699200	1994	08	01	1	0	0	56420	-1111	4.58103	-1111	8.83855	
1704	778377600	1994	09	01	1	0	0	56569	-1111	4.58103	-1111	8.68636	
1734	780969600	1994	10	01	1	0	0	56708	-1111	4.58103	-1111	8.54305	
1765	783648000	1994	11	01	1	0	0	56813	-1111	4.58103	-1111	8.03408	
1795	786240000	1994	12	01	1	0	0	56918	-1111	4.58103	-1111	7.99471	
1826	788918400	1995	01	01	1	0	0	57045	-1111	4.58103	-1111	7.89435	
1857	791596800	1995	02	01	1	0	0	57182	-1111	4.4973	-1111	8.10811	
1885	794016000	1995	03	01	1	0	0	57303	-1111	4.4973	-1111	7.85809	
1916	796694400	1995	04	01	1	0	0	57443	-1111	4.4973	-1111	8.03663	
1946	799286400	1995	05	01	1	0	0	57593	-1111	4.4973	-1111	7.96486	
1977	801964800	1995	06	01	1	0	0	57744	-1111	4.4973	-1111	8.21277	
2007	804556800	1995	07	01	1	0	0	57880	-1111	4.4973	-1111	8.31387	
2038	807235200	1995	08	01	1	0	0	57998	-1111	4.4973	-1111	8.09354	
2069	809913600	1995	09	01	1	0	0	58143	-1111	4.4973	-1111	8.17098	
2099	812505600	1995	10	01	1	0	0	58262	-1111	4.4973	-1111	7.9462	
2130	815184000	1995	11	01	1	0	0	58381	-1111	4.4973	-1111	7.98286	
2160	817776000	1995	12	01	1	0	0	58500	-1111	4.4973	-1111	7.95207	
2191	820454400	1996	01	01	1	0	0	58630	-1111	4.4973	-1111	7.99128	
2222	823132800	1996	02	01	1	0	0	58768	-1111	4.16228	-1111	7.71739	
2251	825638400	1996	03	01	1	0	0	58875	-1111	4.16228	-1111	7.8108	
2282	828316800	1996	04	01	1	0	0	59015	-1111	4.16228	-1111	8.06964	
2312	830908800	1996	05	01	1	0	0	59158	-1111	4.16228	-1111	8.18916	
2343	833587200	1996	06	01	1	0	0	59303	-1111	4.16228	-1111	8.46469	
2373	836179200	1996	07	01	1	0	0	59392	-1111	4.16228	-1111	8.41719	
2404	838857600	1996	08	01	1	0	0	59513	-1111	4.16228	-1111	8.33214	
2435	841536000	1996	09	01	1	0	0	59664	-1111	4.16228	-1111	8.52008	
2465	844128000	1996	10	01	1	0	0	59810	-1111	4.16228	-1111	8.35476	
2496	846806400	1996	11	01	1	0	0	59949	-1111	4.16228	-1111	8.49501	
2526	849398400	1996	12	01	1	0	0	60082	-1111	4.16228	-1111	8.21615	
2557	852076800	1997	01	01	1	0	0	60220	-1111	4.16228	-1111	8.06935	
2588	854755200	1997	02	01	1	0	0	60364	-1111	4.24481	-1111	8.21596	
2616	857174400	1997	03	01	1	0	0	60494	-1111	4.24481	-1111	7.83381	
2647	859852800	1997	04	01	1	0	0	60665	-1111	4.24481	-1111	7.96542	
2677	862444800	1997	05	01	1	0	0	60784	-1111	4.24481	-1111	8.20679	
2708	865123200	1997	06	01	1	0	0	60917	-1111	4.24481	-1111	8.39087	
2738	867715200	1997	07	01	1	0	0	61053	-1111	4.24481	-1111	8.1406	
2769	870393600	1997	08	01	1	0	0	61209	-1111	4.24481	-1111	8.14378	
2800	873072000	1997	09	01	1	0	0	61339	-1111	4.24481	-1111	8.17368	
2830	875664000	1997	10	01	1	0	0	61457	-1111	4.24481	-1111	8.38453	
2861	878342400	1997	11	01	1	0	0	61597	-1111	4.24481	-1111	8.38507	
2891	880934400	1997	12	01	1	0	0	61737	-1111	4.24481	-1111	8.40406	
2922	883612800	1998	01	01	1	0	0	61884	-1111	4.24481	-1111	8.67783	
2953	886291200	1998	02	01	1	0	0	62022	-1111	4.16898	-1111	8.65165	
2981	888710400	1998	03	01	1	0	0	62164	-1111	4.16898	-1111	8.70228	
3012	891388800	1998	04	01	1	0	0	62312	-1111	4.16898	-1111	8.80099	
3042	893980800	1998	05	01	1	0	0	62443	-1111	4.16898	-1111	8.53936	
3073	896659200	1998	06	01	1	0	0	62592	-1111	4.16898	-1111	8.46423	
3103	899251200	1998	07	01	1	0	0	62718	-1111	4.16898	-1111	8.37966	
3134	901929600	1998	08	01	1	0	0	62855	-1111	4.16898	-1111	8.46655	
3165	904608000	1998	09	01	1	0	0	63011	-1111	4.16898	-1111	8.34359	
3195	907200000	1998	10	01	1	0	0	63165	-1111	4.16898	-1111	8.37878	
3226	909878400	1998	11	01	1	0	0	63288	-1111	4.16898	-1111	8.32823	
3256	912470400	1998	12	01	1	0	0	63386	-1111	4.16898	-1111	8.06408	
3287	915148800	1999	01	01	1	0	0	63524	-1111	4.16898	-1111	7.94532	
3318	917827200	1999	02	01	1	0	0	63690	-1111	4.25222	-1111	7.61097	
3346	920246400	1999	03	01	1	0	0	63829	-1111	4.25222	-1111	7.44895	
3377	922924800	1999	04	01	1	0	0	63996	-1111	4.25222	-1111	7.39354	
3407	925516800	1999	05	01	1	0	0	64143	-1111	4.25222	-1111	7.53699	
3438	928195200	1999	06	01	1	0	0	64283	-1111	4.25222	-1111	7.66057	
3468	930787200	1999	07	01	1	0	0	64458	-1111	4.25222	-1111	7.61835	
3499	933465600	1999	08	01	1	0	0	64627	-1111	4.25222	-1111	7.76198	
3530	936144000	1999	09	01	1	0	0	64773	-1111	4.25222	-1111	7.73342	
3560	938736000	1999	10	01	1	0	0	64907	-1111	4.25222	-1111	8.10313	
3591	941414400	1999	11	01	1	0	0	65106	-1111	4.25222	-1111	8.21738	
3621	944006400	1999	12	01	1	0	0	65259	-1111	4.25222	-1111	8.32026	
3652	946684800	2000	01	01	1	0	0	65403	-1111	4.25222	-1111	8.14559	
3683	949363200	2000	02	01	1	0.6	0.6	65561	-1111	3.99421	-1111	6.99767	
3712	951868800	2000	03	01	1	0.6	0.6	65720	-1111	3.99421	-1111	5.52412	
3743	954547200	2000	04	01	1	0.6	0.6	65870	-1111	3.99421	-1111	4.48076	
3773	957139200	2000	05	01	1	0.6	0.6	66034	-1111	3.99421	-1111	3.77634	
3804	959817600	2000	06	01	1	0.6	0.6	66193	-1111	3.99421	-1111	3.20872	
3834	962409600	2000	07	01	1	0.6	0.6	66322	-1111	3.99421	-1111	2.86985	
3865	965088000	2000	08	01	1	0.6	0.6	66481	-1111	3.99421	-1111	2.60783	
3896	967766400	2000	09	01	1	0.6	0.6	66659	-1111	3.99421	-1111	2.42727	
3926	970358400	2000	10	01	1	0.6	0.6	66797	-1111	3.99421	-1111	2.35719	
3957	973036800	2000	11	01	1	0.6	0.6	66970	-1111	3.99421	-1111	2.01289	
3987	975628800	2000	12	01	1	0.6	0.6	67151	-1111	3.99421	-1111	1.88634	
4018	978307200	2001	01	01	1	0.6	0.6	67311	-1111	3.99421	-1111	1.7114	
4049	980985600	2001	02	01	1	0.6	0.6	67479	-1111	2.01364	-1111	1.85607	
4077	983404800	2001	03	01	1	0.6	0.6	67629	-1111	2.01364	-1111	1.86502	
4108	986083200	2001	04	01	1	0.6	0.6	67791	-1111	2.01364	-1111	1.84898	
4138	988675200	2001	05	01	1	0.6	0.6	67933	-1111	2.01364	-1111	2.02249	
4169	991353600	2001	06	01	1	0.6	0.6	68105	-1111	2.01364	-1111	1.93025	
4199	993945600	2001	07	01	1	0.6	0.6	68270	-1111	2.01364	-1111	2.10533	
4230	996624000	2001	08	01	1	0.6	0.6	68435	-1111	2.01364	-1111	1.96839	
4261	999302400	2001	09	01	1	0.6	0.6	68595	-1111	2.01364	-1111	2.06783	
4291	1001894400	2001	10	01	1	0.6	0.6	68790	-1111	2.01364	-1111	2.19601	
4322	1004572800	2001	11	01	1	0.6	0.6	68949	-1111	2.01364	-1111	2.30206	
4352	1007164800	2001	12	01	1	0.6	0.6	69117	-1111	2.01364	-1111	2.38813	
4383	1009843200	2002	01	01	1	0.6	0.6	69281	-1111	2.01364	-1111	2.65042	
4414	1012521600	2002	02	01	1	0.6	0.6	69431	-1111	1.3917	-1111	2.68217	
4442	1014940800	2002	03	01	1	0.6	0.6	69583	-1111	1.3917	-1111	2.74256	
4473	1017619200	2002	04	01	1	0.6	0.6	69754	-1111	1.3917	-1111	2.9849	
4503	1020211200	2002	05	01	1	0.6	0.6	69928	-1111	1.3917	-1111	3.15723	
4534	1022889600	2002	06	01	1	0.6	0.6	70075	-1111	1.3917	-1111	3.3958	
4564	1025481600	2002	07	01	1	0.6	0.6	70213	-1111	1.3917	-1111	3.47191	
4595	1028160000	2002	08	01	1	0.6	0.6	70374	-1111	1.3917	-1111	3.75247	
4626	1030838400	2002	09	01	1	0.6	0.6	70511	-1111	1.3917	-1111	3.82754	
4656	1033430400	2002	10	01	1	0.6	0.6	70690	-1111	1.3917	-1111	3.98832	
4687	1036108800	2002	11	01	1	0.6	0.6	70856	-1111	1.3917	-1111	3.87844	
4717	1038700800	2002	12	01	1	0.6	0.6	71008	-1111	1.3917	-1111	4.0136	
4748	1041379200	2003	01	01	1	0.6	0.6	71165	-1111	1.3917	-1111	4.28452	
4779	1044057600	2003	02	01	1	0.6	0.6	71301	-1111	2.2812	-1111	4.5102	
4807	1046476800	2003	03	01	1	0.6	0.6	71449	-1111	2.2812	-1111	4.80668	
4838	1049155200	2003	04	01	1	0.6	0.6	71596	-1111	2.2812	-1111	5.03474	
4868	1051747200	2003	05	01	1	0.6	0.6	71746	-1111	2.2812	-1111	5.07139	
4899	1054425600	2003	06	01	1	0.6	0.6	71931	-1111	2.2812	-1111	5.14116	
4929	1057017600	2003	07	01	1	0.6	0.6	72094	-1111	2.2812	-1111	5.48914	
4960	1059696000	2003	08	01	1	0.6	0.6	72241	-1111	2.2812	-1111	5.79227	
4991	1062374400	2003	09	01	1	0.6	0.6	72386	-1111	2.2812	-1111	5.99836	
5021	1064966400	2003	10	01	1	0.6	0.6	72543	-1111	2.2812	-1111	6.05648	
5052	1067644800	2003	11	01	1	0.6	0.6	72728	-1111	2.2812	-1111	6.10571	
5082	1070236800	2003	12	01	1	0.6	0.6	72898	-1111	2.2812	-1111	6.11174	
5113	1072915200	2004	01	01	1	0.6	0.6	73075	-1111	2.2812	-1111	6.01735	
5144	1075593600	2004	02	01	1	0.6	0.6	73250	-1111	3.39426	-1111	5.93043	
5173	1078099200	2004	03	01	1	0.6	0.6	73364	-1111	3.39426	-1111	5.56241	
5204	1080777600	2004	04	01	1	0.6	0.6	73537	-1111	3.39426	-1111	5.6525	
5234	1083369600	2004	05	01	1	0.6	0.6	73697	-1111	3.39426	-1111	5.52887	
5265	1086048000	2004	06	01	1	0.6	0.6	73869	-1111	3.39426	-1111	5.46783	
5295	1088640000	2004	07	01	1	0.6	0.6	74060	-1111	3.39426	-1111	5.44961	
5326	1091318400	2004	08	01	1	0.6	0.6	74245	-1111	3.39426	-1111	5.36474	
5357	1093996800	2004	09	01	1	0.6	0.6	74430	-1111	3.39426	-1111	5.11962	
5387	1096588800	2004	10	01	1	0.6	0.6	74623	-1111	3.39426	-1111	5.15863	
5418	1099267200	2004	11	01	1	0.6	0.6	74793	-1111	3.39426	-1111	5.10937	
5448	1101859200	2004	12	01	1	0.6	0.6	74963	-1111	3.39426	-1111	4.96865	
5479	1104537600	2005	01	01	1	0.6	0.6	75135	-1111	3.39426	-1111	4.87574	
5510	1107216000	2005	02	01	1	0.6	0.6	75297	-1111	3.20734	-1111	4.38799	
5538	1109635200	2005	03	01	1	0.6	0.6	75443	-1111	3.20734	-1111	4.06376	
5569	1112313600	2005	04	01	1	0.6	0.6	75618	-1111	3.20734	-1111	3.73934	
5599	1114905600	2005	05	01	1	0.6	0.6	75767	-1111	3.20734	-1111	3.68553	
5630	1117584000	2005	06	01	1	0.6	0.6	75947	-1111	3.20734	-1111	3.0967	
5660	1120176000	2005	07	01	1	0.6	0.6	76144	-1111	3.20734	-1111	2.85596	
5691	1122854400	2005	08	01	1	0.6	0.6	76313	-1111	3.20734	-1111	2.98538	
5722	1125532800	2005	09	01	1	0.6	0.6	76457	-1111	3.20734	-1111	2.6715	
5752	1128124800	2005	10	01	1	0.6	0.6	76645	-1111	3.20734	-1111	2.57868	
5783	1130803200	2005	11	01	1	0.6	0.6	76840	-1111	3.20734	-1111	2.65623	
5813	1133395200	2005	12	01	1	0.6	0.6	77007	-1111	3.20734	-1111	2.78647	
5844	1136073600	2006	01	01	1	0.6	0.6	77173	-1111	3.20734	-1111	2.61676	
5875	1138752000	2006	02	01	1	0.6	0.6	77356	-1111	2.0204	-1111	2.49208	
5903	1141171200	2006	03	01	1	0.6	0.6	77487	-1111	2.0204	-1111	2.54133	
5934	1143849600	2006	04	01	1	0.6	0.6	77665	-1111	2.0204	-1111	2.4543	
5964	1146441600	2006	05	01	1	0.6	0.6	77817	-1111	2.0204	-1111	2.4337	
5995	1149120000	2006	06	01	1	0.6	0.6	78002	-1111	2.0204	-1111	2.6524	
6025	1151712000	2006	07	01	1	0.6	0.6	78195	-1111	2.0204	-1111	2.62267	
6056	1154390400	2006	08	01	1	0.6	0.6	78381	-1111	2.0204	-1111	2.8819	
6087	1157068800	2006	09	01	1	0.6	0.6	78560	-1111	2.0204	-1111	2.91189	
6117	1159660800	2006	10	01	1	0.6	0.6	78711	-1111	2.0204	-1111	2.88091	
6148	1162339200	2006	11	01	1	0.6	0.6	78888	-1111	2.0204	-1111	3.25886	
6178	1164931200	2006	12	01	1	0.6	0.6	79069	-1111	2.0204	-1111	3.5072	
6209	1167609600	2007	01	01	1	0.6	0.6	79251	-1111	2.0204	-1111	3.51941	
6240	1170288000	2007	02	01	1	0.6	0.6	79415	-1111	1.79745	-1111	3.8202	
6268	1172707200	2007	03	01	1	0.6	0.6	79569	-1111	1.79745	-1111	3.8237	
6299	1175385600	2007	04	01	1	0.6	0.6	79769	-1111	1.79745	-1111	3.82336	
6329	1177977600	2007	05	01	1	0.6	0.6	79937	-1111	1.79745	-1111	4.11344	
6360	1180656000	2007	06	01	1	0.6	0.6	80154	-1111	1.79745	-1111	4.39106	
6390	1183248000	2007	07	01	1	0.6	0.6	80338	-1111	1.79745	-1111	4.45904	
6421	1185926400	2007	08	01	1	0.6	0.6	80527	-1111	1.79745	-1111	4.67048	
6452	1188604800	2007	09	01	1	0.6	0.6	80713	-1111	1.79745	-1111	4.98219	
6482	1191196800	2007	10	01	1	0.6	0.6	80883	-1111	1.79745	-1111	5.1984	
6513	1193875200	2007	11	01	1	0.6	0.6	81076	-1111	1.79745	-1111	5.205	
6543	1196467200	2007	12	01	1	0.6	0.6	81263	-1111	1.79745	-1111	5.37754	
6574	1199145600	2008	01	01	1	0.6	0.6	81452	-1111	1.79745	-1111	5.57915	
6605	1201824000	2008	02	01	1	0.6	0.6	81605	-1111	2.8404	-1111	5.59969	
6634	1204329600	2008	03	01	1	0.6	0.6	81774	-1111	2.8404	-1111	5.91178	
6665	1207008000	2008	04	01	1	0.6	0.6	81961	-1111	2.8404	-1111	5.90188	
6695	1209600000	2008	05	01	1	0.6	0.6	82175	-1111	2.8404	-1111	5.89705	
6726	1212278400	2008	06	01	1	0.6	0.6	82371	-1111	2.8404	-1111	6.15237	
6756	1214870400	2008	07	01	1	0.6	0.6	82524	-1111	2.8404	-1111	6.43096	
6787	1217548800	2008	08	01	1	0.6	0.6	82676	-1111	2.8404	-1111	6.39828	
6818	1220227200	2008	09	01	1	0.6	0.6	82833	-1111	2.8404	-1111	6.34793	
6848	1222819200	2008	10	01	1	0.6	0.6	83047	-1111	2.8404	-1111	6.3614	
6879	1225497600	2008	11	01	1	0.6	0.6	83251	-1111	2.8404	-1111	6.07107	
6909	1228089600	2008	12	01	1	0.6	0.6	83435	-1111	2.8404	-1111	6.10355	
6940	1230768000	2009	01	01	1	0.6	0.6	83635	-1111	2.8404	-1111	6.00519	
6971	1233446400	2009	02	01	1	0.6	0.6	83855	-1111	3.54107	-1111	5.84498	
6999	1235865600	2009	03	01	1	0.6	0.6	84012	-1111	3.54107	-1111	5.86964	
7030	1238544000	2009	04	01	1	0.6	0.6	84214	-1111	3.54107	-1111	5.86276	
7060	1241136000	2009	05	01	1	0.6	0.6	84418	-1111	3.54107	-1111	5.81902	
7091	1243814400	2009	06	01	1	0.6	0.6	84586	-1111	3.54107	-1111	5.85573	
7121	1246406400	2009	07	01	1	0.6	0.6	84789	-1111	3.54107	-1111	5.63845	
7152	1249084800	2009	08	01	1	0.6	0.6	84974	-1111	3.54107	-1111	5.63152	
7183	1251763200	2009	09	01	1	0.6	0.6	85160	-1111	3.54107	-1111	5.76122	
7213	1254355200	2009	10	01	1	0.6	0.6	85333	-1111	3.54107	-1111	5.58409	
7244	1257033600	2009	11	01	1	0.6	0.6	85512	-1111	3.54107	-1111	5.47401	
7274	1259625600	2009	12	01	1	0.6	0.6	85700	-1111	3.54107	-1111	5.58467	
7305	1262304000	2010	01	01	1	0.6	0.6	85898	-1111	3.54107	-1111	5.3073	
7336	1264982400	2010	02	01	1	0.6	0.6	86070	-1111	3.16563	-1111	4.51713	
7364	1267401600	2010	03	01	1	0.6	0.6	86250	-1111	3.16563	-1111	3.86902	
7395	1270080000	2010	04	01	1	0.6	0.6	86469	-1111	3.16563	-1111	3.63744	
7425	1272672000	2010	05	01	1	0.6	0.6	86680	-1111	3.16563	-1111	3.4017	
7456	1275350400	2010	06	01	1	0.6	0.6	86880	-1111	3.16563	-1111	3.21615	
7486	1277942400	2010	07	01	1	0.6	0.6	87097	-1111	3.16563	-1111	2.89046	
7517	1280620800	2010	08	01	1	0.6	0.6	87271	-1111	3.16563	-1111	2.60589	
7548	1283299200	2010	09	01	1	0.6	0.6	87485	-1111	3.16563	-1111	2.44544	
7578	1285891200	2010	10	01	1	0.6	0.6	87697	-1111	3.16563	-1111	2.28424	
7609	1288569600	2010	11	01	1	0.6	0.6	87933	-1111	3.16563	-1111	2.32632	
7639	1291161600	2010	12	01	1	0.6	0.6	88128	-1111	3.16563	-1111	2.22874	
7670	1293840000	2011	01	01	1	0.6	0.6	88355	-1111	3.16563	-1111	2.13714	
7701	1296518400	2011	02	01	1	0.6	0.6	88550	-1111	1.85607	-1111	2.08445	
7729	1298937600	2011	03	01	1	0.6	0.6	88759	-1111	1.85607	-1111	2.13643	
7760	1301616000	2011	04	01	1	0.6	0.6	88954	-1111	1.85607	-1111	2.31643	
7790	1304208000	2011	05	01	1	0.6	0.6	89186	-1111	1.85607	-1111	2.28571	
7821	1306886400	2011	06	01	1	0.6	0.6	89389	-1111	1.85607	-1111	2.21083	
7851	1309478400	2011	07	01	1	0.6	0.6	89602	-1111	1.85607	-1111	2.21304	
7882	1312156800	2011	08	01	1	0.6	0.6	89815	-1111	1.85607	-1111	2.43145	
7913	1314835200	2011	09	01	1	0.6	0.6	90014	-1111	1.85607	-1111	2.63578	
7943	1317427200	2011	10	01	1	0.6	0.6	90239	-1111	1.85607	-1111	2.77925	
7974	1320105600	2011	11	01	1	0.6	0.6	90463	-1111	1.85607	-1111	2.73803	
8004	1322697600	2011	12	01	1	0.6	0.6	90695	-1111	1.85607	-1111	2.91562	
8035	1325376000	2012	01	01	1	0.6	0.6	90911	-1111	1.85607	-1111	3.04857	
8066	1328054400	2012	02	01	1	0.6	0.6	91110	-1111	1.62869	-1111	3.13447	
8095	1330560000	2012	03	01	1	0.6	0.6	91312	-1111	1.62869	-1111	3.12049	
8126	1333238400	2012	04	01	1	0.6	0.6	91509	-1111	1.62869	-1111	3.31022	
8156	1335830400	2012	05	01	1	0.6	0.6	91733	-1111	1.62869	-1111	3.27776	
8187	1338508800	2012	06	01	1	0.6	0.6	91987	-1111	1.62869	-1111	3.09967	
8217	1341100800	2012	07	01	1	0.6	0.6	92219	-1111	1.62869	-1111	3.20726	
8248	1343779200	2012	08	01	1	0.6	0.6	92413	-1111	1.62869	-1111	3.18735	
8279	1346457600	2012	09	01	1	0.6	0.6	92627	-1111	1.62869	-1111	3.23553	
8309	1349049600	2012	10	01	1	0.6	0.6	92817	-1111	1.62869	-1111	3.46876	
8340	1351728000	2012	11	01	1	0.6	0.6	93061	-1111	1.62869	-1111	3.68814	
8370	1354320000	2012	12	01	1	0.6	0.6	93269	-1111	1.62869	-1111	3.72591	
8401	1356998400	2013	01	01	1	0.6	0.6	93479	-1111	1.62869	-1111	3.65213	
8432	1359676800	2013	02	01	1	0.6	0.6	93723	-1111	2.22996	-1111	3.71506	
8460	1362096000	2013	03	01	1	0.6	0.6	93907	-1111	2.22996	-1111	3.79516	
8491	1364774400	2013	04	01	1	0.6	0.6	94099	-1111	2.22996	-1111	3.66397	
8521	1367366400	2013	05	01	1	0.6	0.6	94319	-1111	2.22996	-1111	3.72986	
8552	1370044800	2013	06	01	1	0.6	0.6	94530	-1111	2.22996	-1111	3.73493	
8582	1372636800	2013	07	01	1	0.6	0.6	94735	-1111	2.22996	-1111	3.65187	
8613	1375315200	2013	08	01	1	0.6	0.6	94939	-1111	2.22996	-1111	3.69703	
8644	1377993600	2013	09	01	1	0.6	0.6	95173	-1111	2.22996	-1111	3.66098	
8674	1380585600	2013	10	01	1	0.6	0.6	95371	-1111	2.22996	-1111	3.62742	
8705	1383264000	2013	11	01	1	0.6	0.6	95633	-1111	2.22996	-1111	3.55881	
8735	1385856000	2013	12	01	1	0.6	0.6	95870	-1111	2.22996	-1111	3.60532	
8766	1388534400	2014	01	01	1	0.6	0.6	96102	-1111	2.22996	-1111	3.42219	
8797	1391212800	2014	02	01	1	0.6	0.6	96335	-1111	2.38543	-1111	3.39738	
8825	1393632000	2014	03	01	1	0.6	0.6	96534	-1111	2.38543	-1111	3.43778	
8856	1396310400	2014	04	01	1	0.6	0.6	96794	-1111	2.38543	-1111	3.47544	
8886	1398902400	2014	05	01	1	0.6	0.6	97000	-1111	2.38543	-1111	3.36018	
8917	1401580800	2014	06	01	1	0.6	0.6	97244	-1111	2.38543	-1111	3.39598	
8947	1404172800	2014	07	01	1	0.6	0.6	97480	-1111	2.38543	-1111	3.21203	
8978	1406851200	2014	08	01	1	0.6	0.6	97704	-1111	2.38543	-1111	3.28494	
9009	1409529600	2014	09	01	1	0.6	0.6	97966	-1111	2.38543	-1111	3.32835	
9039	1412121600	2014	10	01	1	0.6	0.6	98178	-1111	2.38543	-1111	3.38319	
9070	1414800000	2014	11	01	1	0.6	0.6	98440	-1111	2.38543	-1111	3.41505	
9100	1417392000	2014	12	01	1	0.6	0.6	98674	-1111	2.38543	-1111	3.38281	
9131	1420070400	2015	01	01	1	0.6	0.6	98924	-1111	2.38543	-1111	3.58676	
9162	1422748800	2015	02	01	1	0.6	0.6	99175	-1111	2.2663	-1111	3.77381	
9190	1425168000	2015	03	01	1	0.6	0.6	99352	-1111	2.2663	-1111	4.23316	
9221	1427846400	2015	04	01	1	0.6	0.6	99597	-1111	2.2663	-1111	4.2515	
9251	1430438400	2015	05	01	1	0.6	0.6	99812	-1111	2.2663	-1111	4.57399	
9282	1433116800	2015	06	01	1	0.6	0.6	100053	-1111	2.2663	-1111	4.78287	
9312	1435708800	2015	07	01	1	0.6	0.6	100277	-1111	2.2663	-1111	5.03249	
9343	1438387200	2015	08	01	1	0.6	0.6	100482	-1111	2.2663	-1111	5.26087	
9374	1441065600	2015	09	01	1	0.6	0.6	100718	-1111	2.2663	-1111	5.65427	
9404	1443657600	2015	10	01	1	0.6	0.6	100995	-1111	2.2663	-1111	5.75157	
9435	1446336000	2015	11	01	1	0.6	0.6	101190	-1111	2.2663	-1111	5.89877	
9465	1448928000	2015	12	01	1	0.6	0.6	101455	-1111	2.2663	-1111	5.85169	
9496	1451606400	2016	01	01	1	0.6	0.6	101676	-1111	2.2663	-1111	5.97225	
9527	1454284800	2016	02	01	1	0.6	0.6	101887	-1111	3.09713	-1111	5.95117	
9556	1456790400	2016	03	01	1	0.6	0.6	102111	-1111	3.09713	-1111	5.99222	
9587	1459468800	2016	04	01	1	0.6	0.6	102392	-1111	3.09713	-1111	5.899	
9617	1462060800	2016	05	01	1	0.6	0.6	102640	-1111	3.09713	-1111	5.9765	
9648	1464739200	2016	06	01	1	0.6	0.6	102861	-1111	3.09713	-1111	6.17389	
9678	1467331200	2016	07	01	1	0.6	0.6	103111	-1111	3.09713	-1111	6.27765	
9709	1470009600	2016	08	01	1	0.6	0.6	103349	-1111	3.09713	-1111	5.98172	
9740	1472688000	2016	09	01	1	0.6	0.6	103615	-1111	3.09713	-1111	5.68238	
9770	1475280000	2016	10	01	1	0.6	0.6	103832	-1111	3.09713	-1111	5.77944	
9801	1477958400	2016	11	01	1	0.6	0.6	104069	-1111	3.09713	-1111	5.56719	
9831	1480550400	2016	12	01	1	0.6	0.6	104322	-1111	3.09713	-1111	5.60006	
9862	1483228800	2017	01	01	1	0.6	0.6	104536	-1111	3.09713	-1111	5.42372	
9893	1485907200	2017	02	01	1	0.6	0.6	104759	-1111	3.38695	-1111	5.29119	
9921	1488326400	2017	03	01	1	0.6	0.6	104974	-1111	3.38695	-1111	5.15883	
9952	1491004800	2017	04	01	1	0.6	0.6	105223	-1111	3.38695	-1111	5.03119	
9982	1493596800	2017	05	01	1	0.6	0.6	105459	-1111	3.38695	-1111	4.73641	
10013	1496275200	2017	06	01	1	0.6	0.6	105704	-1111	3.38695	-1111	4.67723	
10043	1498867200	2017	07	01	1	0.6	0.6	105927	-1111	3.38695	-1111	4.63841	
10074	1501545600	2017	08	01	1	0.6	0.6	106183	-1111	3.38695	-1111	4.50635	
10105	1504224000	2017	09	01	1	0.6	0.6	106470	-1111	3.38695	-1111	4.53836	
10135	1506816000	2017	10	01	1	0.6	0.6	106710	-1111	3.38695	-1111	4.49667	
10166	1509494400	2017	11	01	1	0.6	0.6	106973	-1111	3.38695	-1111	4.26813	
10196	1512086400	2017	12	01	1	0.6	0.6	107209	-1111	3.38695	-1111	4.48536	
10227	1514764800	2018	01	01	1	0.6	0.6	107451	-1111	3.38695	-1111	4.49067	
10258	1517443200	2018	02	01	1	0.6	0.6	107694	-1111	2.67698	-1111	4.50546	
10286	1519862400	2018	03	01	1	0.6	0.6	107955	-1111	2.67698	-1111	4.42219	
10317	1522540800	2018	04	01	1	0.6	0.6	108223	-1111	2.67698	-1111	4.31775	
10347	1525132800	2018	05	01	1	0.6	0.6	108442	-1111	2.67698	-1111	4.53787	
10378	1527811200	2018	06	01	1	0.6	0.6	108675	-1111	2.67698	-1111	4.57874	
10408	1530403200	2018	07	01	1	0.6	0.6	108937	-1111	2.67698	-1111	4.54348	
10439	1533081600	2018	08	01	1	0.6	0.6	109195	-1111	2.67698	-1111	4.69094	
10470	1535760000	2018	09	01	1	0.6	0.6	109455	-1111	2.67698	-1111	4.52845	
10500	1538352000	2018	10	01	1	0.6	0.6	109678	-1111	2.67698	-1111	4.187	
10531	1541030400	2018	11	01	1	0.6	0.6	109984	-1111	2.67698	-1111	4.39077	
10561	1543622400	2018	12	01	1	0.6	0.6	110270	-1111	2.67698	-1111	4.35543	
10592	1546300800	2019	01	01	1	0.6	0.6	110550	-1111	2.67698	-1111	4.34163	
10623	1548979200	2019	02	01	1	0.6	0.6	110810	-1111	2.64635	-1111	4.40497	
10651	1551398400	2019	03	01	1	0.6	0.6	111063	-1111	2.64635	-1111	4.39529	
10682	1554076800	2019	04	01	1	0.6	0.6	111353	-1111	2.64635	-1111	4.41952	
10712	1556668800	2019	05	01	1	0.6	0.6	111627	-1111	2.64635	-1111	4.5289	
10743	1559347200	2019	06	01	1	0.6	0.6	111906	-1111	2.64635	-1111	4.56326	
10773	1561939200	2019	07	01	1	0.6	0.6	112172	-1111	2.64635	-1111	4.70779	
10804	1564617600	2019	08	01	1	0.6	0.6	112417	-1111	2.64635	-1111	4.87865	
10835	1567296000	2019	09	01	1	0.6	0.6	112702	-1111	2.64635	-1111	4.86453	
10865	1569888000	2019	10	01	1	0.6	0.6	112976	-1111	2.64635	-1111	5.03202	
10896	1572566400	2019	11	01	1	0.6	0.6	113253	-1111	2.64635	-1111	4.99965	
10926	1575158400	2019	12	01	1	0.6	0.6	113499	-1111	2.64635	-1111	5.148	
10957	1577836800	2020	01	01	1	0.6	0.6	113765	-1111	2.64635	-1111	5.09002	
10988	1580515200	2020	02	01	1	0.6	0.6	114000	-1111	2.7944	-1111	5.15432	
11017	1583020800	2020	03	01	1	0.6	0.6	114278	-1111	2.7944	-1111	5.35985	
11048	1585699200	2020	04	01	1	0.6	0.6	114547	-1111	2.7944	-1111	5.47245	
11078	1588291200	2020	05	01	1	0.6	0.6	114787	-1111	2.7944	-1111	5.59421	
11109	1590969600	2020	06	01	1	0.6	0.6	115068	-1111	2.7944	-1111	5.56487	
11139	1593561600	2020	07	01	1	0.6	0.6	115365	-1111	2.7944	-1111	5.55593	
11170	1596240000	2020	08	01	1	0.6	0.6	115606	-1111	2.7944	-1111	5.4938	
11201	1598918400	2020	09	01	1	0.6	0.6	115915	-1111	2.7944	-1111	5.71245	
11231	1601510400	2020	10	01	1	0.6	0.6	116170	-1111	2.7944	-1111	5.83099	
11262	1604188800	2020	11	01	1	0.6	0.6	116433	-1111	2.7944	-1111	6.18411	
11292	1606780800	2020	12	01	1	0.6	0.6	116672	-1111	2.7944	-1111	6.08156	
11323	1609459200	2021	01	01	1	0.6	0.6	116926	-1111	2.7944	-1111	6.03616	
11354	1612137600	2021	02	01	1	0.6	0.6	117225	-1111	3.19502	-1111	6.08983	
11382	1614556800	2021	03	01	1	0.6	0.6	117429	-1111	3.19502	-1111	5.78639	
11413	1617235200	2021	04	01	1	0.6	0.6	117720	-1111	3.19502	-1111	5.71571	
11443	1619827200	2021	05	01	1	0.6	0.6	117994	-1111	3.19502	-1111	5.51486	
11474	1622505600	2021	06	01	1	0.6	0.6	118297	-1111	3.19502	-1111	5.58676	
11504	1625097600	2021	07	01	1	0.6	0.6	118562	-1111	3.19502	-1111	5.57039	
11535	1627776000	2021	08	01	1	0.6	0.6	118836	-1111	3.19502	-1111	5.42699	
11566	1630454400	2021	09	01	1	0.6	0.6	119136	-1111	3.19502	-1111	5.44525	
11596	1633046400	2021	10	01	1	0.6	0.6	119446	-1111	3.19502	-1111	5.1241	
11627	1635724800	2021	11	01	1	0.6	0.6	119730	-1111	3.19502	-1111	5.19984	
11657	1638316800	2021	12	01	1	0.6	0.6	119996	-1111	3.19502	-1111	5.12345	
11688	1640995200	2022	01	01	1	0.6	0.6	120251	-1111	3.19502	-1111	5.15919	
11719	1643673600	2022	02	01	1	0.6	0.6	120552	-1111	3.05635	-1111	5.21127	
11747	1646092800	2022	03	01	1	0.6	0.6	120791	-1111	3.05635	-1111	5.31082	
11778	1648771200	2022	04	01	1	0.6	0.6	121075	-1111	3.05635	-1111	5.38206	
11808	1651363200	2022	05	01	1	0.6	0.6	121343	-1111	3.05635	-1111	5.18302	
11839	1654041600	2022	06	01	1	0.6	0.6	121605	-1111	3.05635	-1111	5.42441	
11869	1656633600	2022	07	01	1	0.6	0.6	121869	-1111	3.05635	-1111	5.42852	
11900	1659312000	2022	08	01	1	0.6	0.6	122145	-1111	3.05635	-1111	5.47814	
11931	1661990400	2022	09	01	1	0.6	0.6	122459	-1111	3.05635	-1111	5.28865	
11961	1664582400	2022	10	01	1	0.6	0.6	122712	-1111	3.05635	-1111	5.13791	
11992	1667260800	2022	11	01	1	0.6	0.6	123026	-1111	3.05635	-1111	5.03748	
12022	1669852800	2022	12	01	1	0.6	0.6	123293	-1111	3.05635	-1111	4.92938	
12053	1672531200	2023	01	01	1	0.6	0.6	123608	-1111	3.05635	-1111	4.78483	
12084	1675209600	2023	02	01	1	0.6	0.6	123907	-1111	2.84485	-1111	4.86751	
12112	1677628800	2023	03	01	1	0.6	0.6	124200	-1111	2.84485	-1111	4.81829	
12143	1680307200	2023	04	01	1	0.6	0.6	124429	-1111	2.84485	-1111	4.93106	
12173	1682899200	2023	05	01	1	0.6	0.6	124725	-1111	2.84485	-1111	5.14123	
12204	1685577600	2023	06	01	1	0.6	0.6	125065	-1111	2.84485	-1111	5.19086	
12234	1688169600	2023	07	01	1	0.6	0.6	125374	-1111	2.84485	-1111	5.22011	
12265	1690848000	2023	08	01	1	0.6	0.6	125673	-1111	2.84485	-1111	5.22825	
12296	1693526400	2023	09	01	1	0.6	0.6	125967	-1111	2.84485	-1111	5.39147	
12326	1696118400	2023	10	01	1	0.6	0.6	126270	-1111	2.84485	-1111	5.49627	
12357	1698796800	2023	11	01	1	0.6	0.6	126563	-1111	2.84485	-1111	5.53858	
12387	1701388800	2023	12	01	1	0.6	0.6	126860	-1111	2.84485	-1111	5.39317	
12418	1704067200	2024	01	01	1	0.6	0.6	127159	-1111	2.84485	-1111	5.54309	
12449	1706745600	2024	02	01	1	0.6	0.6	127457	-1111	2.92248	-1111	5.56816	
12478	1709251200	2024	03	01	1	0.6	0.6	127755	-1111	2.92248	-1111	5.44842	
12509	1711929600	2024	04	01	1	0.6	0.6	128101	-1111	2.92248	-1111	5.45016	
12539	1714521600	2024	05	01	1	0.6	0.6	128371	-1111	2.92248	-1111	5.48842	
12570	1717200000	2024	06	01	1	0.6	0.6	128694	-1111	2.92248	-1111	5.62995	
12600	1719792000	2024	07	01	1	0.6	0.6	128982	-1111	2.92248	-1111	5.66106	
12631	1722470400	2024	08	01	1	0.6	0.6	129258	-1111	2.92248	-1111	5.50606	
12662	1725148800	2024	09	01	1	0.6	0.6	129560	-1111	2.92248	-1111	5.2733	
12692	1727740800	2024	10	01	1	0.6	0.6	129855	-1111	2.92248	-1111	5.40857	
12723	1730419200	2024	11	01	1	0.6	0.6	130179	-1111	2.92248	-1111	5.4046	
12753	1733011200	2024	12	01	1	0.6	0.6	130436	-1111	2.92248	-1111	5.30063	
12784	1735689600	2025	01	01	1	0.6	0.6	130747	-1111	2.92248	-1111	5.16156	
12815	1738368000	2025	02	01	1	0.6	0.6	131041	-1111	2.99951	-1111	4.45119	
12843	1740787200	2025	03	01	1	0.6	0.6	131301	-1111	2.99951	-1111	3.98801	
12874	1743465600	2025	04	01	1	0.6	0.6	131650	-1111	2.99951	-1111	3.68601	
12904	1746057600	2025	05	01	1	0.6	0.6	132001	-1111	2.99951	-1111	3.37002	
12935	1748736000	2025	06	01	1	0.6	0.6	132274	-1111	2.99951	-1111	3.10011	
12965	1751328000	2025	07	01	1	0.6	0.6	132543	-1111	2.99951	-1111	2.76846	
12996	1754006400	2025	08	01	1	0.6	0.6	132850	-1111	2.99951	-1111	2.62633	
13027	1756684800	2025	09	01	1	0.6	0.6	133166	-1111	2.99951	-1111	2.59239	
13057	1759276800	2025	10	01	1	0.6	0.6	133456	-1111	2.99951	-1111	2.43177	
13088	1761955200	2025	11	01	1	0.6	0.6	133797	-1111	2.99951	-1111	2.28299	
13118	1764547200	2025	12	01	1	0.6	0.6	134085	-1111	2.99951	-1111	2.27128	
13149	1767225600	2026	01	01	1	0.6	0.6	134374	-1111	2.99951	-1111	2.38944	
13180	1769904000	2026	02	01	1	0.6	0.6	134696	-1111	1.92305	-1111	2.29463	
13208	1772323200	2026	03	01	1	0.6	0.6	134971	-1111	1.92305	-1111	2.34927	
13239	1775001600	2026	04	01	1	0.6	0.6	135298	-1111	1.92305	-1111	2.18491	
13269	1777593600	2026	05	01	1	0.6	0.6	135641	-1111	1.92305	-1111	2.242	
13300	1780272000	2026	06	01	1	0.6	0.6	135994	-1111	1.92305	-1111	2.31926	
13330	1782864000	2026	07	01	1	0.6	0.6	136307	-1111	1.92305	-1111	2.37313	
13361	1785542400	2026	08	01	1	0.6	0.6	136588	-1111	1.92305	-1111	2.35415	
13392	1788220800	2026	09	01	1	0.6	0.6	136895	-1111	1.92305	-1111	2.29709	
13422	1790812800	2026	10	01	1	0.6	0.6	137176	-1111	1.92305	-1111	2.39914	
13453	1793491200	2026	11	01	1	0.6	0.6	137525	-1111	1.92305	-1111	2.45447	
13483	1796083200	2026	12	01	1	0.6	0.6	137863	-1111	1.92305	-1111	2.60415	
13514	1798761600	2027	01	01	1	0.6	0.6	138180	-1111	1.92305	-1111	2.58706	
13545	1801440000	2027	02	01	1	0.6	0.6	138490	-1111	1.53735	-1111	2.66824	
13573	1803859200	2027	03	01	1	0.6	0.6	138798	-1111	1.53735	-1111	2.70725	
13604	1806537600	2027	04	01	1	0.6	0.6	139124	-1111	1.53735	-1111	2.81237	
13634	1809129600	2027	05	01	1	0.6	0.6	139405	-1111	1.53735	-1111	2.87501	
13665	1811808000	2027	06	01	1	0.6	0.6	139757	-1111	1.53735	-1111	2.96059	
13695	1814400000	2027	07	01	1	0.6	0.6	140084	-1111	1.53735	-1111	3.08642	
13726	1817078400	2027	08	01	1	0.6	0.6	140429	-1111	1.53735	-1111	3.26781	
13757	1819756800	2027	09	01	1	0.6	0.6	140758	-1111	1.53735	-1111	3.22205	
13787	1822348800	2027	10	01	1	0.6	0.6	141064	-1111	1.53735	-1111	3.24338	
13818	1825027200	2027	11	01	1	0.6	0.6	141386	-1111	1.53735	-1111	3.25188	
13848	1827619200	2027	12	01	1	0.6	0.6	141705	-1111	1.53735	-1111	3.21497	
13879	1830297600	2028	01	01	1	0.6	0.6	142056	-1111	1.53735	-1111	3.26054	
13910	1832976000	2028	02	01	1	0.6	0.6	142411	-1111	1.99748	-1111	3.19647	
13939	1835481600	2028	03	01	1	0.6	0.6	142701	-1111	1.99748	-1111	3.28532	
13970	1838160000	2028	04	01	1	0.6	0.6	143053	-1111	1.99748	-1111	3.26815	
14000	1840752000	2028	05	01	1	0.6	0.6	143412	-1111	1.99748	-1111	3.36951	
14031	1843430400	2028	06	01	1	0.6	0.6	143711	-1111	1.99748	-1111	3.32567	
14061	1846022400	2028	07	01	1	0.6	0.6	144044	-1111	1.99748	-1111	3.27418	
14092	1848700800	2028	08	01	1	0.6	0.6	144384	-1111	1.99748	-1111	3.32875	
14123	1851379200	2028	09	01	1	0.6	0.6	144718	-1111	1.99748	-1111	3.44633	
14153	1853971200	2028	10	01	1	0.6	0.6	145062	-1111	1.99748	-1111	3.45189	
14184	1856649600	2028	11	01	1	0.6	0.6	145415	-1111	1.99748	-1111	3.37064	
14214	1859241600	2028	12	01	1	0.6	0.6	145741	-1111	1.99748	-1111	3.32229	
14245	1861920000	2029	01	01	1	0.6	0.6	146033	-1111	1.99748	-1111	3.28795	
14276	1864598400	2029	02	01	1	0.6	0.6	146379	-1111	2.20346	-1111	3.29796	
14304	1867017600	2029	03	01	1	0.6	0.6	146750	-1111	2.20346	-1111	3.40496	
14335	1869696000	2029	04	01	1	0.6	0.6	147131	-1111	2.20346	-1111	3.42114	
14365	1872288000	2029	05	01	1	0.6	0.6	147418	-1111	2.20346	-1111	3.44673	
14396	1874966400	2029	06	01	1	0.6	0.6	147730	-1111	2.20346	-1111	3.32333	
14426	1877558400	2029	07	01	1	0.6	0.6	148065	-1111	2.20346	-1111	3.24742	
14457	1880236800	2029	08	01	1	0.6	0.6	148410	-1111	2.20346	-1111	3.0983	
14488	1882915200	2029	09	01	1	0.6	0.6	148773	-1111	2.20346	-1111	3.12843	
14518	1885507200	2029	10	01	1	0.6	0.6	149095	-1111	2.20346	-1111	3.19965	
14549	1888185600	2029	11	01	1	0.6	0.6	149464	-1111	2.20346	-1111	3.20975	
14579	1890777600	2029	12	01	1	0.6	0.6	149811	-1111	2.20346	-1111	3.11492	
14610	1893456000	2030	01	01	1	0.6	0.6	150127	-1111	2.20346	-1111	3.25302	
