0	631152000	1990	01	01	1	0.6	0.5	50000	-1111	0	-1111	4.59331	
31	633830400	1990	02	01	1	0	0	50084	-1111	0	-1111	11.9561	
59	636249600	1990	03	01	1	0	0	50183	-1111	0	-1111	14.7676	
90	638928000	1990	04	01	1	0	0	50298	-1111	0	-1111	15.3458	
120	641520000	1990	05	01	1	0	0	50407	-1111	0	-1111	17.768	
151	644198400	1990	06	01	1	0	0	50527	-1111	0	-1111	19.4559	
181	646790400	1990	07	01	1	0	0	50634	-1111	0	-1111	20.4582	
212	649468800	1990	08	01	1	0	0	50736	-1111	0	-1111	20.926	
243	652147200	1990	09	01	1	0	0	50851	-1111	0	-1111	20.4891	
273	654739200	1990	10	01	1	0	0	50963	-1111	0	-1111	20.72	
304	657417600	1990	11	01	1	0	0	51065	-1111	0	-1111	19.7777	
334	660009600	1990	12	01	1	0	0	51159	-1111	0	-1111	18.6585	
365	662688000	1991	01	01	1	0	0	51272	-1111	0	-1111	17.1439	
396	665366400	1991	02	01	1	0	0	51375	-1111	0	-1111	15.9576	
424	667785600	1991	03	01	1	0	0	51450	-1111	0	-1111	15.0924	
455	670464000	1991	04	01	1	0	0	51543	-1111	0	-1111	13.8201	
485	673056000	1991	05	01	1	0	0	51659	-1111	0	-1111	12.5615	
516	675734400	1991	06	01	1	0	0	51762	-1111	0	-1111	11.1838	
546	678326400	1991	07	01	1	0	0	51876	-1111	0	-1111	9.88028	
577	681004800	1991	08	01	1	0	0	51990	-1111	0	-1111	9.01876	
608	683683200	1991	09	01	1	0	0	52093	-1111	0	-1111	8.27684	
638	686275200	1991	10	01	1	0	0	52230	-1111	0	-1111	7.86366	
669	688953600	1991	11	01	1	0	0	52345	-1111	0	-1111	6.96749	
699	691545600	1991	12	01	1	0	0	52457	-1111	0	-1111	6.45527	
730	694224000	1992	01	01	1	0	0	52571	-1111	0	-1111	6.0698	
761	696902400	1992	02	01	1	0	0	52719	-1111	5.17809	-1111	5.50326	
790	699408000	1992	03	01	1	0	0	52823	-1111	5.17809	-1111	5.19569	
821	702086400	1992	04	01	1	0	0	52962	-1111	5.17809	-1111	5.25559	
851	704678400	1992	05	01	1	0	0	53102	-1111	5.17809	-1111	5.23647	
882	707356800	1992	06	01	1	0	0	53221	-1111	5.17809	-1111	5.18569	
912	709948800	1992	07	01	1	0	0	53349	-1111	5.17809	-1111	5.54969	
943	712627200	1992	08	01	1	0	0	53475	-1111	5.17809	-1111	5.69296	
974	715305600	1992	09	01	1	0	0	53583	-1111	5.17809	-1111	5.93112	
1004	717897600	1992	10	01	1	0	0	53695	-1111	5.17809	-1111	6.33511	
1035	720576000	1992	11	01	1	0	0	53832	-1111	5.17809	-1111	6.4732	
1065	723168000	1992	12	01	1	0	0	53936	-1111	5.17809	-1111	6.69673	
1096	725846400	1993	01	01	1	0	0	54099	-1111	5.17809	-1111	6.97936	
1127	728524800	1993	02	01	1	0	0	54243	-1111	3.08637	-1111	7.09571	
1155	730944000	1993	03	01	1	0	0	54339	-1111	3.08637	-1111	7.16055	
1186	733622400	1993	04	01	1	0	0	54456	-1111	3.08637	-1111	7.51632	
1216	736214400	1993	05	01	1	0	0	54563	-1111	3.08637	-1111	7.94126	
1247	738892800	1993	06	01	1	0	0	54685	-1111	3.08637	-1111	8.53102	
1277	741484800	1993	07	01	1	0	0	54817	-1111	3.08637	-1111	8.95366	
1308	744163200	1993	08	01	1	0	0	54954	-1111	3.08637	-1111	9.03862	
1339	746841600	1993	09	01	1	0	0	55076	-1111	3.08637	-1111	8.87163	
1369	749433600	1993	10	01	1	0	0	55198	-1111	3.08637	-1111	8.87433	
1400	752112000	1993	11	01	1	0	0	55317	-1111	3.08637	-1111	8.7157	
1430	754704000	1993	12	01	1	0	0	55430	-1111	3.08637	-1111	8.66587	
1461	757382400	1994	01	01	1	0	0	55551	-1111	3.08637	-1111	8.80648	
1492	760060800	1994	02	01	1	0	0	55684	-1111	4.43357	-1111	8.97578	
1520	762480000	1994	03	01	1	0	0	55790	-1111	4.43357	-1111	8.77622	
1551	765158400	1994	04	01	1	0	0	55905	-1111	4.43357	-1111	8.91654	
1581	767750400	1994	05	01	1	0	0	56029	-1111	4.43357	-1111	8.78024	
1612	770428800	1994	06	01	1	0	0	56178	-1111	4.43357	-1111	8.43195	
1642	773020800	1994	07	01	1	0	0	56294	-1111	4.43357	-1111	8.79858	
1673	775699200	1994	08	01	1	0	0	56441	-1111	4.43357	-1111	8.76559	
1704	778377600	1994	09	01	1	0	0	56584	-1111	4.43357	-1111	8.58303	
1734	780969600	1994	10	01	1	0	0	56724	-1111	4.43357	-1111	8.61166	
1765	783648000	1994	11	01	1	0	0	56868	-1111	4.43357	-1111	8.29961	
1795	786240000	1994	12	01	1	0	0	56973	-1111	4.43357	-1111	8.27023	
1826	788918400	1995	01	01	1	0	0	57111	-1111	4.43357	-1111	8.04572	
1857	791596800	1995	02	01	1	0	0	57241	-1111	4.36047	-1111	8.20988	
1885	794016000	1995	03	01	1	0	0	57353	-1111	4.36047	-1111	8.11738	
1916	796694400	1995	04	01	1	0	0	57488	-1111	4.36047	-1111	8.2027	
1946	799286400	1995	05	01	1	0	0	57633	-1111	4.36047	-1111	7.9101	
1977	801964800	1995	06	01	1	0	0	57757	-1111	4.36047	-1111	7.81136	
2007	804556800	1995	07	01	1	0	0	57875	-1111	4.36047	-1111	8.2033	
2038	807235200	1995	08	01	1	0	0	57994	-1111	4.36047	-1111	8.2739	
2069	809913600	1995	09	01	1	0	0	58115	-1111	4.36047	-1111	8.20398	
2099	812505600	1995	10	01	1	0	0	58268	-1111	4.36047	-1111	8.14434	
2130	815184000	1995	11	01	1	0	0	58419	-1111	4.36047	-1111	7.7418	
2160	817776000	1995	12	01	1	0	0	58543	-1111	4.36047	-1111	7.21202	
2191	820454400	1996	01	01	1	0	0	58677	-1111	4.36047	-1111	7.22387	
2222	823132800	1996	02	01	1	0	0	58818	-1111	4.152	-1111	7.47077	
2251	825638400	1996	03	01	1	0	0	58941	-1111	4.152	-1111	7.72891	
2282	828316800	1996	04	01	1	0	0	59070	-1111	4.152	-1111	7.76538	
2312	830908800	1996	05	01	1	0	0	59181	-1111	4.152	-1111	7.64533	
2343	833587200	1996	06	01	1	0	0	59313	-1111	4.152	-1111	7.42865	
2373	836179200	1996	07	01	1	0	0	59439	-1111	4.152	-1111	7.57695	
2404	838857600	1996	08	01	1	0	0	59577	-1111	4.152	-1111	7.28928	
2435	841536000	1996	09	01	1	0	0	59715	-1111	4.152	-1111	7.37189	
2465	844128000	1996	10	01	1	0	0	59850	-1111	4.152	-1111	7.667	
2496	846806400	1996	11	01	1	0	0	59979	-1111	4.152	-1111	7.70548	
2526	849398400	1996	12	01	1	0	0	60107	-1111	4.152	-1111	7.86493	
2557	852076800	1997	01	01	1	0	0	60230	-1111	4.152	-1111	8.03521	
2588	854755200	1997	02	01	1	0	0	60357	-1111	3.8044	-1111	8.1611	
2616	857174400	1997	03	01	1	0	0	60470	-1111	3.8044	-1111	8.10753	
2647	859852800	1997	04	01	1	0	0	60589	-1111	3.8044	-1111	8.02822	
2677	862444800	1997	05	01	1	0	0	60747	-1111	3.8044	-1111	8.08891	
2708	865123200	1997	06	01	1	0	0	60876	-1111	3.8044	-1111	8.14851	
2738	867715200	1997	07	01	1	0	0	61023	-1111	3.8044	-1111	8.14867	
2769	870393600	1997	08	01	1	0	0	61161	-1111	3.8044	-1111	8.37531	
2800	873072000	1997	09	01	1	0	0	61304	-1111	3.8044	-1111	8.72178	
2830	875664000	1997	10	01	1	0	0	61444	-1111	3.8044	-1111	8.40652	
2861	878342400	1997	11	01	1	0	0	61578	-1111	3.8044	-1111	8.43122	
2891	880934400	1997	12	01	1	0	0	61721	-1111	3.8044	-1111	8.10736	
2922	883612800	1998	01	01	1	0	0	61865	-1111	3.8044	-1111	8.29646	
2953	886291200	1998	02	01	1	0	0	62005	-1111	4.1583	-1111	8.15862	
2981	888710400	1998	03	01	1	0	0	62122	-1111	4.1583	-1111	8.21635	
3012	891388800	1998	04	01	1	0	0	62256	-1111	4.1583	-1111	8.13377	
3042	893980800	1998	05	01	1	0	0	62394	-1111	4.1583	-1111	8.15079	
3073	896659200	1998	06	01	1	0	0	62512	-1111	4.1583	-1111	7.91692	
3103	899251200	1998	07	01	1	0	0	62649	-1111	4.1583	-1111	7.83133	
3134	901929600	1998	08	01	1	0	0	62794	-1111	4.1583	-1111	8.22067	
3165	904608000	1998	09	01	1	0	0	62940	-1111	4.1583	-1111	8.38894	
3195	907200000	1998	10	01	1	0	0	63073	-1111	4.1583	-1111	8.65457	
3226	909878400	1998	11	01	1	0	0	63200	-1111	4.1583	-1111	8.60711	
3256	912470400	1998	12	01	1	0	0	63341	-1111	4.1583	-1111	8.76313	
3287	915148800	1999	01	01	1	0	0	63479	-1111	4.1583	-1111	8.60891	
3318	917827200	1999	02	01	1	0	0	63630	-1111	4.14069	-1111	8.56026	
3346	920246400	1999	03	01	1	0	0	63774	-1111	4.14069	-1111	8.42417	
3377	922924800	1999	04	01	1	0	0	63925	-1111	4.14069	-1111	8.54265	
3407	925516800	1999	05	01	1	0	0	64098	-1111	4.14069	-1111	8.28157	
3438	928195200	1999	06	01	1	0	0	64268	-1111	4.14069	-1111	8.25896	
3468	930787200	1999	07	01	1	0	0	64448	-1111	4.14069	-1111	7.97005	
3499	933465600	1999	08	01	1	0	0	64593	-1111	4.14069	-1111	7.64861	
3530	936144000	1999	09	01	1	0	0	64702	-1111	4.14069	-1111	7.77383	
3560	938736000	1999	10	01	1	0	0	64840	-1111	4.14069	-1111	8.15764	
3591	941414400	1999	11	01	1	0	0	65004	-1111	4.14069	-1111	8.10032	
3621	944006400	1999	12	01	1	0	0	65137	-1111	4.14069	-1111	8.12732	
3652	946684800	2000	01	01	1	0	0	65270	-1111	4.14069	-1111	7.77532	
3683	949363200	2000	02	01	1	0.6	0.6	65397	-1111	4.08539	-1111	6.2032	
3712	951868800	2000	03	01	1	0.6	0.6	65588	-1111	4.08539	-1111	4.69803	
3743	954547200	2000	04	01	1	0.6	0.6	65757	-1111	4.08539	-1111	3.68458	
3773	957139200	2000	05	01	1	0.6	0.6	65914	-1111	4.08539	-1111	3.21191	
3804	959817600	2000	06	01	1	0.6	0.6	66085	-1111	4.08539	-1111	2.79178	
3834	962409600	2000	07	01	1	0.6	0.6	66232	-1111	4.08539	-1111	2.52911	
3865	965088000	2000	08	01	1	0.6	0.6	66405	-1111	4.08539	-1111	2.06288	
3896	967766400	2000	09	01	1	0.6	0.6	66536	-1111	4.08539	-1111	1.84557	
3926	970358400	2000	10	01	1	0.6	0.6	66683	-1111	4.08539	-1111	1.69939	
3957	973036800	2000	11	01	1	0.6	0.6	66876	-1111	4.08539	-1111	1.65073	
3987	975628800	2000	12	01	1	0.6	0.6	67030	-1111	4.08539	-1111	1.68138	
4018	978307200	2001	01	01	1	0.6	0.6	67184	-1111	4.08539	-1111	1.73501	
4049	980985600	2001	02	01	1	0.6	0.6	67300	-1111	1.75288	-1111	1.66308	
4077	983404800	2001	03	01	1	0.6	0.6	67471	-1111	1.75288	-1111	1.59346	
4108	986083200	2001	04	01	1	0.6	0.6	67618	-1111	1.75288	-1111	1.77966	
4138	988675200	2001	05	01	1	0.6	0.6	67755	-1111	1.75288	-1111	1.77343	
4169	991353600	2001	06	01	1	0.6	0.6	67890	-1111	1.75288	-1111	1.70152	
4199	993945600	2001	07	01	1	0.6	0.6	68067	-1111	1.75288	-1111	1.80556	
4230	996624000	2001	08	01	1	0.6	0.6	68236	-1111	1.75288	-1111	1.81253	
4261	999302400	2001	09	01	1	0.6	0.6	68379	-1111	1.75288	-1111	2.06893	
4291	1001894400	2001	10	01	1	0.6	0.6	68552	-1111	1.75288	-1111	2.31484	
4322	1004572800	2001	11	01	1	0.6	0.6	68702	-1111	1.75288	-1111	2.49782	
4352	1007164800	2001	12	01	1	0.6	0.6	68867	-1111	1.75288	-1111	2.47867	
4383	1009843200	2002	01	01	1	0.6	0.6	69052	-1111	1.75288	-1111	2.36992	
4414	1012521600	2002	02	01	1	0.6	0.6	69222	-1111	1.33809	-1111	2.73221	
4442	1014940800	2002	03	01	1	0.6	0.6	69367	-1111	1.33809	-1111	2.97838	
4473	1017619200	2002	04	01	1	0.6	0.6	69536	-1111	1.33809	-1111	2.87448	
4503	1020211200	2002	05	01	1	0.6	0.6	69681	-1111	1.33809	-1111	3.02874	
4534	1022889600	2002	06	01	1	0.6	0.6	69848	-1111	1.33809	-1111	3.06326	
4564	1025481600	2002	07	01	1	0.6	0.6	70037	-1111	1.33809	-1111	3.24598	
4595	1028160000	2002	08	01	1	0.6	0.6	70232	-1111	1.33809	-1111	3.56051	
4626	1030838400	2002	09	01	1	0.6	0.6	70403	-1111	1.33809	-1111	3.76453	
4656	1033430400	2002	10	01	1	0.6	0.6	70578	-1111	1.33809	-1111	3.91074	
4687	1036108800	2002	11	01	1	0.6	0.6	70745	-1111	1.33809	-1111	4.05276	
4717	1038700800	2002	12	01	1	0.6	0.6	70905	-1111	1.33809	-1111	4.26853	
4748	1041379200	2003	01	01	1	0.6	0.6	71086	-1111	1.33809	-1111	4.3675	
4779	1044057600	2003	02	01	1	0.6	0.6	71255	-1111	2.2634	-1111	4.58506	
4807	1046476800	2003	03	01	1	0.6	0.6	71377	-1111	2.2634	-1111	4.83862	
4838	1049155200	2003	04	01	1	0.6	0.6	71546	-1111	2.2634	-1111	5.01082	
4868	1051747200	2003	05	01	1	0.6	0.6	71721	-1111	2.2634	-1111	5.17911	
4899	1054425600	2003	06	01	1	0.6	0.6	71908	-1111	2.2634	-1111	5.25821	
4929	1057017600	2003	07	01	1	0.6	0.6	72077	-1111	2.2634	-1111	5.37113	
4960	1059696000	2003	08	01	1	0.6	0.6	72251	-1111	2.2634	-1111	5.42457	
4991	1062374400	2003	09	01	1	0.6	0.6	72410	-1111	2.2634	-1111	5.34745	
5021	1064966400	2003	10	01	1	0.6	0.6	72563	-1111	2.2634	-1111	5.03062	
5052	1067644800	2003	11	01	1	0.6	0.6	72749	-1111	2.2634	-1111	5.27035	
5082	1070236800	2003	12	01	1	0.6	0.6	72915	-1111	2.2634	-1111	5.28065	
5113	1072915200	2004	01	01	1	0.6	0.6	73078	-1111	2.2634	-1111	5.4491	
5144	1075593600	2004	02	01	1	0.6	0.6	73251	-1111	3.21354	-1111	5.67607	
5173	1078099200	2004	03	01	1	0.6	0.6	73403	-1111	3.21354	-1111	5.64953	
5204	1080777600	2004	04	01	1	0.6	0.6	73575	-1111	3.21354	-1111	5.73097	
5234	1083369600	2004	05	01	1	0.6	0.6	73740	-1111	3.21354	-1111	5.40439	
5265	1086048000	2004	06	01	1	0.6	0.6	73930	-1111	3.21354	-1111	5.38462	
5295	1088640000	2004	07	01	1	0.6	0.6	74087	-1111	3.21354	-1111	5.33369	
5326	1091318400	2004	08	01	1	0.6	0.6	74281	-1111	3.21354	-1111	5.45435	
5357	1093996800	2004	09	01	1	0.6	0.6	74452	-1111	3.21354	-1111	5.4031	
5387	1096588800	2004	10	01	1	0.6	0.6	74602	-1111	3.21354	-1111	5.23911	
5418	1099267200	2004	11	01	1	0.6	0.6	74751	-1111	3.21354	-1111	5.16949	
5448	1101859200	2004	12	01	1	0.6	0.6	74934	-1111	3.21354	-1111	5.07024	
5479	1104537600	2005	01	01	1	0.6	0.6	75133	-1111	3.21354	-1111	5.04551	
5510	1107216000	2005	02	01	1	0.6	0.6	75295	-1111	3.18272	-1111	4.47894	
5538	1109635200	2005	03	01	1	0.6	0.6	75479	-1111	3.18272	-1111	4.01613	
5569	1112313600	2005	04	01	1	0.6	0.6	75644	-1111	3.18272	-1111	3.76611	
5599	1114905600	2005	05	01	1	0.6	0.6	75817	-1111	3.18272	-1111	3.65822	
5630	1117584000	2005	06	01	1	0.6	0.6	75977	-1111	3.18272	-1111	3.48318	
5660	1120176000	2005	07	01	1	0.6	0.6	76149	-1111	3.18272	-1111	3.08568	
5691	1122854400	2005	08	01	1	0.6	0.6	76351	-1111	3.18272	-1111	2.91398	
5722	1125532800	2005	09	01	1	0.6	0.6	76549	-1111	3.18272	-1111	2.73796	
5752	1128124800	2005	10	01	1	0.6	0.6	76753	-1111	3.18272	-1111	2.66358	
5783	1130803200	2005	11	01	1	0.6	0.6	76942	-1111	3.18272	-1111	2.56845	
5813	1133395200	2005	12	01	1	0.6	0.6	77123	-1111	3.18272	-1111	2.51408	
5844	1136073600	2006	01	01	1	0.6	0.6	77302	-1111	3.18272	-1111	2.55152	
5875	1138752000	2006	02	01	1	0.6	0.6	77499	-1111	2.04789	-1111	2.61251	
5903	1141171200	2006	03	01	1	0.6	0.6	77629	-1111	2.04789	-1111	2.50509	
5934	1143849600	2006	04	01	1	0.6	0.6	77802	-1111	2.04789	-1111	2.57881	
5964	1146441600	2006	05	01	1	0.6	0.6	77968	-1111	2.04789	-1111	2.54787	
5995	1149120000	2006	06	01	1	0.6	0.6	78148	-1111	2.04789	-1111	2.74118	
6025	1151712000	2006	07	01	1	0.6	0.6	78319	-1111	2.04789	-1111	2.77512	
6056	1154390400	2006	08	01	1	0.6	0.6	78500	-1111	2.04789	-1111	3.11026	
6087	1157068800	2006	09	01	1	0.6	0.6	78708	-1111	2.04789	-1111	3.32083	
6117	1159660800	2006	10	01	1	0.6	0.6	78927	-1111	2.04789	-1111	3.25626	
6148	1162339200	2006	11	01	1	0.6	0.6	79132	-1111	2.04789	-1111	3.27763	
6178	1164931200	2006	12	01	1	0.6	0.6	79321	-1111	2.04789	-1111	3.23398	
6209	1167609600	2007	01	01	1	0.6	0.6	79515	-1111	2.04789	-1111	3.36522	
6240	1170288000	2007	02	01	1	0.6	0.6	79735	-1111	1.89507	-1111	3.72056	
6268	1172707200	2007	03	01	1	0.6	0.6	79913	-1111	1.89507	-1111	3.76614	
6299	1175385600	2007	04	01	1	0.6	0.6	80109	-1111	1.89507	-1111	3.76876	
6329	1177977600	2007	05	01	1	0.6	0.6	80280	-1111	1.89507	-1111	4.09575	
6360	1180656000	2007	06	01	1	0.6	0.6	80450	-1111	1.89507	-1111	4.20357	
6390	1183248000	2007	07	01	1	0.6	0.6	80646	-1111	1.89507	-1111	4.35781	
6421	1185926400	2007	08	01	1	0.6	0.6	80850	-1111	1.89507	-1111	4.44607	
6452	1188604800	2007	09	01	1	0.6	0.6	81022	-1111	1.89507	-1111	4.54501	
6482	1191196800	2007	10	01	1	0.6	0.6	81224	-1111	1.89507	-1111	4.82091	
6513	1193875200	2007	11	01	1	0.6	0.6	81408	-1111	1.89507	-1111	4.96139	
6543	1196467200	2007	12	01	1	0.6	0.6	81621	-1111	1.89507	-1111	5.00072	
6574	1199145600	2008	01	01	1	0.6	0.6	81807	-1111	1.89507	-1111	5.12771	
6605	1201824000	2008	02	01	1	0.6	0.6	82006	-1111	2.72535	-1111	5.20599	
6634	1204329600	2008	03	01	1	0.6	0.6	82198	-1111	2.72535	-1111	5.26089	
6665	1207008000	2008	04	01	1	0.6	0.6	82383	-1111	2.72535	-1111	5.40669	
6695	1209600000	2008	05	01	1	0.6	0.6	82581	-1111	2.72535	-1111	5.49466	
6726	1212278400	2008	06	01	1	0.6	0.6	82818	-1111	2.72535	-1111	5.69187	
6756	1214870400	2008	07	01	1	0.6	0.6	83016	-1111	2.72535	-1111	5.83401	
6787	1217548800	2008	08	01	1	0.6	0.6	83232	-1111	2.72535	-1111	6.01033	
6818	1220227200	2008	09	01	1	0.6	0.6	83449	-1111	2.72535	-1111	5.75196	
6848	1222819200	2008	10	01	1	0.6	0.6	83647	-1111	2.72535	-1111	5.90534	
6879	1225497600	2008	11	01	1	0.6	0.6	83829	-1111	2.72535	-1111	5.89449	
6909	1228089600	2008	12	01	1	0.6	0.6	84035	-1111	2.72535	-1111	6.16112	
6940	1230768000	2009	01	01	1	0.6	0.6	84218	-1111	2.72535	-1111	6.0954	
6971	1233446400	2009	02	01	1	0.6	0.6	84403	-1111	3.28951	-1111	6.26134	
6999	1235865600	2009	03	01	1	0.6	0.6	84563	-1111	3.28951	-1111	6.43769	
7030	1238544000	2009	04	01	1	0.6	0.6	84760	-1111	3.28951	-1111	6.2098	
7060	1241136000	2009	05	01	1	0.6	0.6	84913	-1111	3.28951	-1111	6.2076	
7091	1243814400	2009	06	01	1	0.6	0.6	85126	-1111	3.28951	-1111	6.28566	
7121	1246406400	2009	07	01	1	0.6	0.6	85311	-1111	3.28951	-1111	6.45664	
7152	1249084800	2009	08	01	1	0.6	0.6	85503	-1111	3.28951	-1111	6.04024	
7183	1251763200	2009	09	01	1	0.6	0.6	85710	-1111	3.28951	-1111	5.84022	
7213	1254355200	2009	10	01	1	0.6	0.6	85913	-1111	3.28951	-1111	5.72623	
7244	1257033600	2009	11	01	1	0.6	0.6	86081	-1111	3.28951	-1111	5.81812	
7274	1259625600	2009	12	01	1	0.6	0.6	86280	-1111	3.28951	-1111	5.56785	
7305	1262304000	2010	01	01	1	0.6	0.6	86498	-1111	3.28951	-1111	5.32313	
7336	1264982400	2010	02	01	1	0.6	0.6	86735	-1111	3.31332	-1111	4.57731	
7364	1267401600	2010	03	01	1	0.6	0.6	86921	-1111	3.31332	-1111	4.00502	
7395	1270080000	2010	04	01	1	0.6	0.6	87132	-1111	3.31332	-1111	3.81379	
7425	1272672000	2010	05	01	1	0.6	0.6	87315	-1111	3.31332	-1111	3.63669	
7456	1275350400	2010	06	01	1	0.6	0.6	87510	-1111	3.31332	-1111	3.40251	
7486	1277942400	2010	07	01	1	0.6	0.6	87704	-1111	3.31332	-1111	3.27978	
7517	1280620800	2010	08	01	1	0.6	0.6	87892	-1111	3.31332	-1111	3.22037	
7548	1283299200	2010	09	01	1	0.6	0.6	88086	-1111	3.31332	-1111	2.83002	
7578	1285891200	2010	10	01	1	0.6	0.6	88300	-1111	3.31332	-1111	2.71686	
7609	1288569600	2010	11	01	1	0.6	0.6	88509	-1111	3.31332	-1111	2.7801	
7639	1291161600	2010	12	01	1	0.6	0.6	88737	-1111	3.31332	-1111	2.67485	
7670	1293840000	2011	01	01	1	0.6	0.6	88987	-1111	3.31332	-1111	2.54211	
7701	1296518400	2011	02	01	1	0.6	0.6	89191	-1111	2.04162	-1111	2.55325	
7729	1298937600	2011	03	01	1	0.6	0.6	89381	-1111	2.04162	-1111	2.52574	
7760	1301616000	2011	04	01	1	0.6	0.6	89578	-1111	2.04162	-1111	2.43372	
7790	1304208000	2011	05	01	1	0.6	0.6	89767	-1111	2.04162	-1111	2.38323	
7821	1306886400	2011	06	01	1	0.6	0.6	89983	-1111	2.04162	-1111	2.34446	
7851	1309478400	2011	07	01	1	0.6	0.6	90224	-1111	2.04162	-1111	2.3591	
7882	1312156800	2011	08	01	1	0.6	0.6	90445	-1111	2.04162	-1111	2.39958	
7913	1314835200	2011	09	01	1	0.6	0.6	90656	-1111	2.04162	-1111	2.59041	
7943	1317427200	2011	10	01	1	0.6	0.6	90866	-1111	2.04162	-1111	2.52278	
7974	1320105600	2011	11	01	1	0.6	0.6	91097	-1111	2.04162	-1111	2.57413	
8004	1322697600	2011	12	01	1	0.6	0.6	91318	-1111	2.04162	-1111	2.67198	
8035	1325376000	2012	01	01	1	0.6	0.6	91515	-1111	2.04162	-1111	2.72995	
8066	1328054400	2012	02	01	1	0.6	0.6	91720	-1111	1.58892	-1111	2.70753	
8095	1330560000	2012	03	01	1	0.6	0.6	91911	-1111	1.58892	-1111	2.82354	
8126	1333238400	2012	04	01	1	0.6	0.6	92125	-1111	1.58892	-1111	2.92885	
8156	1335830400	2012	05	01	1	0.6	0.6	92333	-1111	1.58892	-1111	3.04579	
8187	1338508800	2012	06	01	1	0.6	0.6	92554	-1111	1.58892	-1111	3.18302	
8217	1341100800	2012	07	01	1	0.6	0.6	92716	-1111	1.58892	-1111	3.40828	
8248	1343779200	2012	08	01	1	0.6	0.6	92954	-1111	1.58892	-1111	3.38478	
8279	1346457600	2012	09	01	1	0.6	0.6	93188	-1111	1.58892	-1111	3.36792	
8309	1349049600	2012	10	01	1	0.6	0.6	93389	-1111	1.58892	-1111	3.36478	
8340	1351728000	2012	11	01	1	0.6	0.6	93583	-1111	1.58892	-1111	3.4665	
8370	1354320000	2012	12	01	1	0.6	0.6	93786	-1111	1.58892	-1111	3.7515	
8401	1356998400	2013	01	01	1	0.6	0.6	94012	-1111	1.58892	-1111	3.89959	
8432	1359676800	2013	02	01	1	0.6	0.6	94223	-1111	2.08644	-1111	3.94389	
8460	1362096000	2013	03	01	1	0.6	0.6	94394	-1111	2.08644	-1111	4.05962	
8491	1364774400	2013	04	01	1	0.6	0.6	94616	-1111	2.08644	-1111	3.8275	
8521	1367366400	2013	05	01	1	0.6	0.6	94831	-1111	2.08644	-1111	3.89206	
8552	1370044800	2013	06	01	1	0.6	0.6	95039	-1111	2.08644	-1111	3.62559	
8582	1372636800	2013	07	01	1	0.6	0.6	95259	-1111	2.08644	-1111	3.58075	
8613	1375315200	2013	08	01	1	0.6	0.6	95505	-1111	2.08644	-1111	3.33931	
8644	1377993600	2013	09	01	1	0.6	0.6	95752	-1111	2.08644	-1111	3.37508	
8674	1380585600	2013	10	01	1	0.6	0.6	95925	-1111	2.08644	-1111	3.4018	
8705	1383264000	2013	11	01	1	0.6	0.6	96159	-1111	2.08644	-1111	3.43892	
8735	1385856000	2013	12	01	1	0.6	0.6	96379	-1111	2.08644	-1111	3.23597	
8766	1388534400	2014	01	01	1	0.6	0.6	96609	-1111	2.08644	-1111	3.32769	
8797	1391212800	2014	02	01	1	0.6	0.6	96854	-1111	2.25814	-1111	3.12563	
8825	1393632000	2014	03	01	1	0.6	0.6	97041	-1111	2.25814	-1111	2.97932	
8856	1396310400	2014	04	01	1	0.6	0.6	97270	-1111	2.25814	-1111	2.94177	
8886	1398902400	2014	05	01	1	0.6	0.6	97519	-1111	2.25814	-1111	2.96563	
8917	1401580800	2014	06	01	1	0.6	0.6	97728	-1111	2.25814	-1111	2.9874	
8947	1404172800	2014	07	01	1	0.6	0.6	97943	-1111	2.25814	-1111	2.99263	
8978	1406851200	2014	08	01	1	0.6	0.6	98168	-1111	2.25814	-1111	3.00791	
9009	1409529600	2014	09	01	1	0.6	0.6	98395	-1111	2.25814	-1111	3.11189	
9039	1412121600	2014	10	01	1	0.6	0.6	98627	-1111	2.25814	-1111	2.99763	
9070	1414800000	2014	11	01	1	0.6	0.6	98840	-1111	2.25814	-1111	3.1922	
9100	1417392000	2014	12	01	1	0.6	0.6	99096	-1111	2.25814	-1111	3.28082	
9131	1420070400	2015	01	01	1	0.6	0.6	99355	-1111	2.25814	-1111	3.26608	
9162	1422748800	2015	02	01	1	0.6	0.6	99588	-1111	2.00923	-1111	3.83998	
9190	1425168000	2015	03	01	1	0.6	0.6	99803	-1111	2.00923	-1111	4.28359	
9221	1427846400	2015	04	01	1	0.6	0.6	100061	-1111	2.00923	-1111	4.49228	
9251	1430438400	2015	05	01	1	0.6	0.6	100294	-1111	2.00923	-1111	4.71632	
9282	1433116800	2015	06	01	1	0.6	0.6	100544	-1111	2.00923	-1111	4.90516	
9312	1435708800	2015	07	01	1	0.6	0.6	100767	-1111	2.00923	-1111	5.06182	
9343	1438387200	2015	08	01	1	0.6	0.6	100998	-1111	2.00923	-1111	5.42642	
9374	1441065600	2015	09	01	1	0.6	0.6	101224	-1111	2.00923	-1111	5.74646	
9404	1443657600	2015	10	01	1	0.6	0.6	101458	-1111	2.00923	-1111	5.95692	
9435	1446336000	2015	11	01	1	0.6	0.6	101699	-1111	2.00923	-1111	5.9158	
9465	1448928000	2015	12	01	1	0.6	0.6	101939	-1111	2.00923	-1111	6.21356	
9496	1451606400	2016	01	01	1	0.6	0.6	102157	-1111	2.00923	-1111	6.28948	
9527	1454284800	2016	02	01	1	0.6	0.6	102406	-1111	3.15053	-1111	6.31559	
9556	1456790400	2016	03	01	1	0.6	0.6	102643	-1111	3.15053	-1111	6.34316	
9587	1459468800	2016	04	01	1	0.6	0.6	102889	-1111	3.15053	-1111	6.42205	
9617	1462060800	2016	05	01	1	0.6	0.6	103132	-1111	3.15053	-1111	6.4872	
9648	1464739200	2016	06	01	1	0.6	0.6	103359	-1111	3.15053	-1111	6.42817	
9678	1467331200	2016	07	01	1	0.6	0.6	103578	-1111	3.15053	-1111	6.31015	
9709	1470009600	2016	08	01	1	0.6	0.6	103819	-1111	3.15053	-1111	6.06598	
9740	1472688000	2016	09	01	1	0.6	0.6	104082	-1111	3.15053	-1111	5.90316	
9770	1475280000	2016	10	01	1	0.6	0.6	104281	-1111	3.15053	-1111	5.96141	
9801	1477958400	2016	11	01	1	0.6	0.6	104533	-1111	3.15053	-1111	5.89227	
9831	1480550400	2016	12	01	1	0.6	0.6	104796	-1111	3.15053	-1111	5.9017	
9862	1483228800	2017	01	01	1	0.6	0.6	105042	-1111	3.15053	-1111	5.73886	
9893	1485907200	2017	02	01	1	0.6	0.6	105316	-1111	3.60588	-1111	5.70058	
9921	1488326400	2017	03	01	1	0.6	0.6	105546	-1111	3.60588	-1111	5.67555	
9952	1491004800	2017	04	01	1	0.6	0.6	105783	-1111	3.60588	-1111	5.51495	
9982	1493596800	2017	05	01	1	0.6	0.6	106028	-1111	3.60588	-1111	5.50077	
10013	1496275200	2017	06	01	1	0.6	0.6	106278	-1111	3.60588	-1111	5.34561	
10043	1498867200	2017	07	01	1	0.6	0.6	106495	-1111	3.60588	-1111	5.17304	
10074	1501545600	2017	08	01	1	0.6	0.6	106763	-1111	3.60588	-1111	5.26912	
10105	1504224000	2017	09	01	1	0.6	0.6	107003	-1111	3.60588	-1111	4.97211	
10135	1506816000	2017	10	01	1	0.6	0.6	107234	-1111	3.60588	-1111	4.82515	
10166	1509494400	2017	11	01	1	0.6	0.6	107482	-1111	3.60588	-1111	4.68233	
10196	1512086400	2017	12	01	1	0.6	0.6	107719	-1111	3.60588	-1111	4.78349	
10227	1514764800	2018	01	01	1	0.6	0.6	107982	-1111	3.60588	-1111	4.61756	
10258	1517443200	2018	02	01	1	0.6	0.6	108225	-1111	2.94942	-1111	4.66546	
10286	1519862400	2018	03	01	1	0.6	0.6	108428	-1111	2.94942	-1111	4.44934	
10317	1522540800	2018	04	01	1	0.6	0.6	108696	-1111	2.94942	-1111	4.38319	
10347	1525132800	2018	05	01	1	0.6	0.6	108904	-1111	2.94942	-1111	4.28997	
10378	1527811200	2018	06	01	1	0.6	0.6	109186	-1111	2.94942	-1111	4.2184	
10408	1530403200	2018	07	01	1	0.6	0.6	109428	-1111	2.94942	-1111	4.17724	
10439	1533081600	2018	08	01	1	0.6	0.6	109714	-1111	2.94942	-1111	4.08687	
10470	1535760000	2018	09	01	1	0.6	0.6	109959	-1111	2.94942	-1111	4.20918	
10500	1538352000	2018	10	01	1	0.6	0.6	110204	-1111	2.94942	-1111	4.31742	
10531	1541030400	2018	11	01	1	0.6	0.6	110429	-1111	2.94942	-1111	4.36231	
10561	1543622400	2018	12	01	1	0.6	0.6	110687	-1111	2.94942	-1111	4.36598	
10592	1546300800	2019	01	01	1	0.6	0.6	110927	-1111	2.94942	-1111	4.33033	
10623	1548979200	2019	02	01	1	0.6	0.6	111237	-1111	2.46198	-1111	4.24191	
10651	1551398400	2019	03	01	1	0.6	0.6	111445	-1111	2.46198	-1111	4.27242	
10682	1554076800	2019	04	01	1	0.6	0.6	111679	-1111	2.46198	-1111	4.39672	
10712	1556668800	2019	05	01	1	0.6	0.6	111936	-1111	2.46198	-1111	4.681	
10743	1559347200	2019	06	01	1	0.6	0.6	112197	-1111	2.46198	-1111	4.85206	
10773	1561939200	2019	07	01	1	0.6	0.6	112486	-1111	2.46198	-1111	4.85934	
10804	1564617600	2019	08	01	1	0.6	0.6	112766	-1111	2.46198	-1111	4.87601	
10835	1567296000	2019	09	01	1	0.6	0.6	113047	-1111	2.46198	-1111	4.68631	
10865	1569888000	2019	10	01	1	0.6	0.6	113309	-1111	2.46198	-1111	4.73449	
10896	1572566400	2019	11	01	1	0.6	0.6	113565	-1111	2.46198	-1111	4.7512	
10926	1575158400	2019	12	01	1	0.6	0.6	113805	-1111	2.46198	-1111	4.88175	
10957	1577836800	2020	01	01	1	0.6	0.6	114084	-1111	2.46198	-1111	4.96869	
10988	1580515200	2020	02	01	1	0.6	0.6	114406	-1111	2.7604	-1111	5.26442	
11017	1583020800	2020	03	01	1	0.6	0.6	114662	-1111	2.7604	-1111	5.60258	
11048	1585699200	2020	04	01	1	0.6	0.6	114969	-1111	2.7604	-1111	5.55746	
11078	1588291200	2020	05	01	1	0.6	0.6	115246	-1111	2.7604	-1111	5.74666	
11109	1590969600	2020	06	01	1	0.6	0.6	115542	-1111	2.7604	-1111	5.70204	
11139	1593561600	2020	07	01	1	0.6	0.6	115819	-1111	2.7604	-1111	5.75833	
11170	1596240000	2020	08	01	1	0.6	0.6	116121	-1111	2.7604	-1111	5.62094	
11201	1598918400	2020	09	01	1	0.6	0.6	116375	-1111	2.7604	-1111	5.68565	
11231	1601510400	2020	10	01	1	0.6	0.6	116654	-1111	2.7604	-1111	5.69196	
11262	1604188800	2020	11	01	1	0.6	0.6	116918	-1111	2.7604	-1111	5.81497	
11292	1606780800	2020	12	01	1	0.6	0.6	117139	-1111	2.7604	-1111	5.8934	
11323	1609459200	2021	01	01	1	0.6	0.6	117438	-1111	2.7604	-1111	5.90047	
11354	1612137600	2021	02	01	1	0.6	0.6	117687	-1111	3.24786	-1111	5.70913	
11382	1614556800	2021	03	01	1	0.6	0.6	117924	-1111	3.24786	-1111	5.72667	
11413	1617235200	2021	04	01	1	0.6	0.6	118236	-1111	3.24786	-1111	5.71257	
11443	1619827200	2021	05	01	1	0.6	0.6	118528	-1111	3.24786	-1111	5.64273	
11474	1622505600	2021	06	01	1	0.6	0.6	118770	-1111	3.24786	-1111	5.50501	
11504	1625097600	2021	07	01	1	0.6	0.6	119047	-1111	3.24786	-1111	5.53648	
11535	1627776000	2021	08	01	1	0.6	0.6	119332	-1111	3.24786	-1111	5.65119	
11566	1630454400	2021	09	01	1	0.6	0.6	119609	-1111	3.24786	-1111	5.52091	
11596	1633046400	2021	10	01	1	0.6	0.6	119858	-1111	3.24786	-1111	5.44126	
11627	1635724800	2021	11	01	1	0.6	0.6	120139	-1111	3.24786	-1111	5.26505	
11657	1638316800	2021	12	01	1	0.6	0.6	120412	-1111	3.24786	-1111	5.37754	
11688	1640995200	2022	01	01	1	0.6	0.6	120685	-1111	3.24786	-1111	5.1627	
11719	1643673600	2022	02	01	1	0.6	0.6	120976	-1111	3.07401	-1111	5.15809	
11747	1646092800	2022	03	01	1	0.6	0.6	121176	-1111	3.07401	-1111	5.15254	
11778	1648771200	2022	04	01	1	0.6	0.6	121449	-1111	3.07401	-1111	5.21374	
11808	1651363200	2022	05	01	1	0.6	0.6	121722	-1111	3.07401	-1111	5.30093	
11839	1654041600	2022	06	01	1	0.6	0.6	122027	-1111	3.07401	-1111	5.2684	
11869	1656633600	2022	07	01	1	0.6	0.6	122295	-1111	3.07401	-1111	5.10217	
11900	1659312000	2022	08	01	1	0.6	0.6	122524	-1111	3.07401	-1111	5.1658	
11931	1661990400	2022	09	01	1	0.6	0.6	122781	-1111	3.07401	-1111	5.13483	
11961	1664582400	2022	10	01	1	0.6	0.6	123018	-1111	3.07401	-1111	5.05895	
11992	1667260800	2022	11	01	1	0.6	0.6	123292	-1111	3.07401	-1111	5.14414	
12022	1669852800	2022	12	01	1	0.6	0.6	123615	-1111	3.07401	-1111	5.31467	
12053	1672531200	2023	01	01	1	0.6	0.6	123914	-1111	3.07401	-1111	5.49239	
12084	1675209600	2023	02	01	1	0.6	0.6	124187	-1111	2.86999	-1111	5.53139	
12112	1677628800	2023	03	01	1	0.6	0.6	124445	-1111	2.86999	-1111	5.5968	
12143	1680307200	2023	04	01	1	0.6	0.6	124744	-1111	2.86999	-1111	5.52769	
12173	1682899200	2023	05	01	1	0.6	0.6	125042	-1111	2.86999	-1111	5.59307	
12204	1685577600	2023	06	01	1	0.6	0.6	125346	-1111	2.86999	-1111	5.50178	
12234	1688169600	2023	07	01	1	0.6	0.6	125622	-1111	2.86999	-1111	5.52859	
12265	1690848000	2023	08	01	1	0.6	0.6	125900	-1111	2.86999	-1111	5.4195	
12296	1693526400	2023	09	01	1	0.6	0.6	126193	-1111	2.86999	-1111	5.33247	
12326	1696118400	2023	10	01	1	0.6	0.6	126494	-1111	2.86999	-1111	5.42295	
12357	1698796800	2023	11	01	1	0.6	0.6	126741	-1111	2.86999	-1111	5.14464	
12387	1701388800	2023	12	01	1	0.6	0.6	127041	-1111	2.86999	-1111	5.12923	
12418	1704067200	2024	01	01	1	0.6	0.6	127358	-1111	2.86999	-1111	5.34246	
12449	1706745600	2024	02	01	1	0.6	0.6	127630	-1111	3.04026	-1111	5.5916	
12478	1709251200	2024	03	01	1	0.6	0.6	127964	-1111	3.04026	-1111	5.58341	
12509	1711929600	2024	04	01	1	0.6	0.6	128268	-1111	3.04026	-1111	5.65537	
12539	1714521600	2024	05	01	1	0.6	0.6	128534	-1111	3.04026	-1111	5.76396	
12570	1717200000	2024	06	01	1	0.6	0.6	128846	-1111	3.04026	-1111	5.65299	
12600	1719792000	2024	07	01	1	0.6	0.6	129129	-1111	3.04026	-1111	5.53855	
12631	1722470400	2024	08	01	1	0.6	0.6	129433	-1111	3.04026	-1111	5.42441	
12662	1725148800	2024	09	01	1	0.6	0.6	129729	-1111	3.04026	-1111	5.63171	
12692	1727740800	2024	10	01	1	0.6	0.6	130015	-1111	3.04026	-1111	5.37644	
12723	1730419200	2024	11	01	1	0.6	0.6	130298	-1111	3.04026	-1111	5.3699	
12753	1733011200	2024	12	01	1	0.6	0.6	130601	-1111	3.04026	-1111	5.44575	
12784	1735689600	2025	01	01	1	0.6	0.6	130905	-1111	3.04026	-1111	5.26757	
12815	1738368000	2025	02	01	1	0.6	0.6	131214	-1111	3.06586	-1111	4.58109	
12843	1740787200	2025	03	01	1	0.6	0.6	131521	-1111	3.06586	-1111	3.84064	
12874	1743465600	2025	04	01	1	0.6	0.6	131874	-1111	3.06586	-1111	3.5119	
12904	1746057600	2025	05	01	1	0.6	0.6	132149	-1111	3.06586	-1111	3.20406	
12935	1748736000	2025	06	01	1	0.6	0.6	132447	-1111	3.06586	-1111	2.99042	
12965	1751328000	2025	07	01	1	0.6	0.6	132752	-1111	3.06586	-1111	2.8466	
12996	1754006400	2025	08	01	1	0.6	0.6	133110	-1111	3.06586	-1111	2.6988	
13027	1756684800	2025	09	01	1	0.6	0.6	133458	-1111	3.06586	-1111	2.49008	
13057	1759276800	2025	10	01	1	0.6	0.6	133751	-1111	3.06586	-1111	2.51561	
13088	1761955200	2025	11	01	1	0.6	0.6	134105	-1111	3.06586	-1111	2.23647	
13118	1764547200	2025	12	01	1	0.6	0.6	134377	-1111	3.06586	-1111	2.39696	
13149	1767225600	2026	01	01	1	0.6	0.6	134707	-1111	3.06586	-1111	2.26855	
13180	1769904000	2026	02	01	1	0.6	0.6	135006	-1111	1.87029	-1111	2.31062	
13208	1772323200	2026	03	01	1	0.6	0.6	135312	-1111	1.87029	-1111	2.29508	
13239	1775001600	2026	04	01	1	0.6	0.6	135631	-1111	1.87029	-1111	2.29858	
13269	1777593600	2026	05	01	1	0.6	0.6	135972	-1111	1.87029	-1111	2.21772	
13300	1780272000	2026	06	01	1	0.6	0.6	136305	-1111	1.87029	-1111	2.21786	
13330	1782864000	2026	07	01	1	0.6	0.6	136620	-1111	1.87029	-1111	2.25689	
13361	1785542400	2026	08	01	1	0.6	0.6	136960	-1111	1.87029	-1111	2.35868	
13392	1788220800	2026	09	01	1	0.6	0.6	137265	-1111	1.87029	-1111	2.45055	
13422	1790812800	2026	10	01	1	0.6	0.6	137596	-1111	1.87029	-1111	2.48687	
13453	1793491200	2026	11	01	1	0.6	0.6	137937	-1111	1.87029	-1111	2.53496	
13483	1796083200	2026	12	01	1	0.6	0.6	138284	-1111	1.87029	-1111	2.70685	
13514	1798761600	2027	01	01	1	0.6	0.6	138630	-1111	1.87029	-1111	2.74151	
13545	1801440000	2027	02	01	1	0.6	0.6	138942	-1111	1.56289	-1111	2.75071	
13573	1803859200	2027	03	01	1	0.6	0.6	139221	-1111	1.56289	-1111	2.83566	
13604	1806537600	2027	04	01	1	0.6	0.6	139550	-1111	1.56289	-1111	2.96982	
13634	1809129600	2027	05	01	1	0.6	0.6	139853	-1111	1.56289	-1111	3.15837	
13665	1811808000	2027	06	01	1	0.6	0.6	140145	-1111	1.56289	-1111	3.0737	
13695	1814400000	2027	07	01	1	0.6	0.6	140465	-1111	1.56289	-1111	3.24074	
13726	1817078400	2027	08	01	1	0.6	0.6	140818	-1111	1.56289	-1111	3.24114	
13757	1819756800	2027	09	01	1	0.6	0.6	141139	-1111	1.56289	-1111	3.19907	
13787	1822348800	2027	10	01	1	0.6	0.6	141464	-1111	1.56289	-1111	3.23027	
13818	1825027200	2027	11	01	1	0.6	0.6	141840	-1111	1.56289	-1111	3.3789	
13848	1827619200	2027	12	01	1	0.6	0.6	142172	-1111	1.56289	-1111	3.31095	
13879	1830297600	2028	01	01	1	0.6	0.6	142467	-1111	1.56289	-1111	3.39355	
13910	1832976000	2028	02	01	1	0.6	0.6	142804	-1111	2.06698	-1111	3.39345	
13939	1835481600	2028	03	01	1	0.6	0.6	143109	-1111	2.06698	-1111	3.4927	
13970	1838160000	2028	04	01	1	0.6	0.6	143486	-1111	2.06698	-1111	3.52065	
14000	1840752000	2028	05	01	1	0.6	0.6	143826	-1111	2.06698	-1111	3.62108	
14031	1843430400	2028	06	01	1	0.6	0.6	144198	-1111	2.06698	-1111	3.61684	
14061	1846022400	2028	07	01	1	0.6	0.6	144488	-1111	2.06698	-1111	3.5494	
14092	1848700800	2028	08	01	1	0.6	0.6	144862	-1111	2.06698	-1111	3.67631	
14123	1851379200	2028	09	01	1	0.6	0.6	145165	-1111	2.06698	-1111	3.58904	
14153	1853971200	2028	10	01	1	0.6	0.6	145477	-1111	2.06698	-1111	3.66519	
14184	1856649600	2028	11	01	1	0.6	0.6	145821	-1111	2.06698	-1111	3.5587	
14214	1859241600	2028	12	01	1	0.6	0.6	146161	-1111	2.06698	-1111	3.53344	
14245	1861920000	2029	01	01	1	0.6	0.6	146505	-1111	2.06698	-1111	3.64111	
14276	1864598400	2029	02	01	1	0.6	0.6	146815	-1111	2.32907	-1111	3.72557	
14304	1867017600	2029	03	01	1	0.6	0.6	147122	-1111	2.32907	-1111	3.59617	
14335	1869696000	2029	04	01	1	0.6	0.6	147470	-1111	2.32907	-1111	3.56406	
14365	1872288000	2029	05	01	1	0.6	0.6	147775	-1111	2.32907	-1111	3.56135	
14396	1874966400	2029	06	01	1	0.6	0.6	148151	-1111	2.32907	-1111	3.71746	
14426	1877558400	2029	07	01	1	0.6	0.6	148523	-1111	2.32907	-1111	3.82229	
14457	1880236800	2029	08	01	1	0.6	0.6	148906	-1111	2.32907	-1111	3.78873	
14488	1882915200	2029	09	01	1	0.6	0.6	149280	-1111	2.32907	-1111	3.63427	
14518	1885507200	2029	10	01	1	0.6	0.6	149623	-1111	2.32907	-1111	3.59577	
14549	1888185600	2029	11	01	1	0.6	0.6	149953	-1111	2.32907	-1111	3.60599	
14579	1890777600	2029	12	01	1	0.6	0.6	150291	-1111	2.32907	-1111	3.69832	
14610	1893456000	2030	01	01	1	0.6	0.6	150641	-1111	2.32907	-1111	3.80311	
