0	631152000	1990	01	01	1	0.6	0.5	50000	-1111	0	-1111	4.91436	
31	633830400	1990	02	01	1	0	0	50119	-1111	0	-1111	12.1131	
59	636249600	1990	03	01	1	0	0	50232	-1111	0	-1111	14.6694	
90	638928000	1990	04	01	1	0	0	50336	-1111	0	-1111	14.4723	
120	641520000	1990	05	01	1	0	0	50428	-1111	0	-1111	17.1873	
151	644198400	1990	06	01	1	0	0	50529	-1111	0	-1111	18.6495	
181	646790400	1990	07	01	1	0	0	50622	-1111	0	-1111	19.3927	
212	649468800	1990	08	01	1	0	0	50730	-1111	0	-1111	20.1144	
243	652147200	1990	09	01	1	0	0	50840	-1111	0	-1111	20.0058	
273	654739200	1990	10	01	1	0	0	50942	-1111	0	-1111	19.6101	
304	657417600	1990	11	01	1	0	0	51042	-1111	0	-1111	19.0686	
334	660009600	1990	12	01	1	0	0	51162	-1111	0	-1111	18.2173	
365	662688000	1991	01	01	1	0	0	51236	-1111	0	-1111	17.4899	
396	665366400	1991	02	01	1	0	0	51340	-1111	0	-1111	15.8253	
424	667785600	1991	03	01	1	0	0	51445	-1111	0	-1111	14.8563	
455	670464000	1991	04	01	1	0	0	51547	-1111	0	-1111	13.4194	
485	673056000	1991	05	01	1	0	0	51667	-1111	0	-1111	11.7229	
516	675734400	1991	06	01	1	0	0	51775	-1111	0	-1111	10.5918	
546	678326400	1991	07	01	1	0	0	51888	-1111	0	-1111	9.6107	
577	681004800	1991	08	01	1	0	0	51996	-1111	0	-1111	8.74406	
608	683683200	1991	09	01	1	0	0	52128	-1111	0	-1111	8.05489	
638	686275200	1991	10	01	1	0	0	52252	-1111	0	-1111	6.9982	
669	688953600	1991	11	01	1	0	0	52367	-1111	0	-1111	6.28347	
699	691545600	1991	12	01	1	0	0	52484	-1111	0	-1111	6.04869	
730	694224000	1992	01	01	1	0	0	52608	-1111	0	-1111	5.72707	
761	696902400	1992	02	01	1	0	0	52736	-1111	5.08606	-1111	5.66023	
790	699408000	1992	03	01	1	0	0	52858	-1111	5.08606	-1111	5.43174	
821	702086400	1992	04	01	1	0	0	52982	-1111	5.08606	-1111	5.27509	
851	704678400	1992	05	01	1	0	0	53123	-1111	5.08606	-1111	5.1844	
882	707356800	1992	06	01	1	0	0	53259	-1111	5.08606	-1111	5.36832	
912	709948800	1992	07	01	1	0	0	53370	-1111	5.08606	-1111	5.51953	
943	712627200	1992	08	01	1	0	0	53477	-1111	5.08606	-1111	5.57103	
974	715305600	1992	09	01	1	0	0	53595	-1111	5.08606	-1111	5.81911	
1004	717897600	1992	10	01	1	0	0	53702	-1111	5.08606	-1111	5.82261	
1035	720576000	1992	11	01	1	0	0	53811	-1111	5.08606	-1111	6.432	
1065	723168000	1992	12	01	1	0	0	53933	-1111	5.08606	-1111	7.09789	
1096	725846400	1993	01	01	1	0	0	54041	-1111	5.08606	-1111	7.40157	
1127	728524800	1993	02	01	1	0	0	54169	-1111	3.07571	-1111	7.65597	
1155	730944000	1993	03	01	1	0	0	54309	-1111	3.07571	-1111	7.97454	
1186	733622400	1993	04	01	1	0	0	54421	-1111	3.07571	-1111	8.12168	
1216	736214400	1993	05	01	1	0	0	54539	-1111	3.07571	-1111	8.40996	
1247	738892800	1993	06	01	1	0	0	54660	-1111	3.07571	-1111	8.82859	
1277	741484800	1993	07	01	1	0	0	54814	-1111	3.07571	-1111	9.10517	
1308	744163200	1993	08	01	1	0	0	54936	-1111	3.07571	-1111	9.40992	
1339	746841600	1993	09	01	1	0	0	55052	-1111	3.07571	-1111	9.18959	
1369	749433600	1993	10	01	1	0	0	55147	-1111	3.07571	-1111	9.29318	
1400	752112000	1993	11	01	1	0	0	55264	-1111	3.07571	-1111	8.98293	
1430	754704000	1993	12	01	1	0	0	55396	-1111	3.07571	-1111	9.1771	
1461	757382400	1994	01	01	1	0	0	55513	-1111	3.07571	-1111	9.43075	
1492	760060800	1994	02	01	1	0	0	55640	-1111	4.60078	-1111	9.31006	
1520	762480000	1994	03	01	1	0	0	55757	-1111	4.60078	-1111	9.15816	
1551	765158400	1994	04	01	1	0	0	55876	-1111	4.60078	-1111	8.56025	
1581	767750400	1994	05	01	1	0	0	56004	-1111	4.60078	-1111	8.58258	
1612	770428800	1994	06	01	1	0	0	56122	-1111	4.60078	-1111	8.49452	
1642	773020800	1994	07	01	1	0	0	56272	-1111	4.60078	-1111	8.5347	
1673	775699200	1994	08	01	1	0	0	56402	-1111	4.60078	-1111	8.29172	
1704	778377600	1994	09	01	1	0	0	56543	-1111	4.60078	-1111	8.14902	
1734	780969600	1994	10	01	1	0	0	56683	-1111	4.60078	-1111	8.09657	
1765	783648000	1994	11	01	1	0	0	56805	-1111	4.60078	-1111	8.3517	
1795	786240000	1994	12	01	1	0	0	56917	-1111	4.60078	-1111	8.31197	
1826	788918400	1995	01	01	1	0	0	57038	-1111	4.60078	-1111	8.15341	
1857	791596800	1995	02	01	1	0	0	57176	-1111	4.2957	-1111	7.83683	
1885	794016000	1995	03	01	1	0	0	57293	-1111	4.2957	-1111	7.81911	
1916	796694400	1995	04	01	1	0	0	57410	-1111	4.2957	-1111	7.49854	
1946	799286400	1995	05	01	1	0	0	57552	-1111	4.2957	-1111	7.77308	
1977	801964800	1995	06	01	1	0	0	57713	-1111	4.2957	-1111	7.50873	
2007	804556800	1995	07	01	1	0	0	57836	-1111	4.2957	-1111	7.45522	
2038	807235200	1995	08	01	1	0	0	57971	-1111	4.2957	-1111	7.71294	
2069	809913600	1995	09	01	1	0	0	58117	-1111	4.2957	-1111	7.62927	
2099	812505600	1995	10	01	1	0	0	58213	-1111	4.2957	-1111	7.72187	
2130	815184000	1995	11	01	1	0	0	58367	-1111	4.2957	-1111	8.0534	
2160	817776000	1995	12	01	1	0	0	58533	-1111	4.2957	-1111	8.29951	
2191	820454400	1996	01	01	1	0	0	58660	-1111	4.2957	-1111	8.10145	
2222	823132800	1996	02	01	1	0	0	58778	-1111	3.91232	-1111	8.05938	
2251	825638400	1996	03	01	1	0	0	58915	-1111	3.91232	-1111	7.90025	
2282	828316800	1996	04	01	1	0	0	59055	-1111	3.91232	-1111	8.01009	
2312	830908800	1996	05	01	1	0	0	59191	-1111	3.91232	-1111	7.66739	
2343	833587200	1996	06	01	1	0	0	59299	-1111	3.91232	-1111	7.73771	
2373	836179200	1996	07	01	1	0	0	59414	-1111	3.91232	-1111	7.77443	
2404	838857600	1996	08	01	1	0	0	59555	-1111	3.91232	-1111	7.81127	
2435	841536000	1996	09	01	1	0	0	59699	-1111	3.91232	-1111	7.83627	
2465	844128000	1996	10	01	1	0	0	59808	-1111	3.91232	-1111	7.7898	
2496	846806400	1996	11	01	1	0	0	59947	-1111	3.91232	-1111	7.97328	
2526	849398400	1996	12	01	1	0	0	60079	-1111	3.91232	-1111	7.92895	
2557	852076800	1997	01	01	1	0	0	60227	-1111	3.91232	-1111	8.1035	
2588	854755200	1997	02	01	1	0	0	60368	-1111	4.09965	-1111	8.4481	
2616	857174400	1997	03	01	1	0	0	60445	-1111	4.09965	-1111	8.29375	
2647	859852800	1997	04	01	1	0	0	60577	-1111	4.09965	-1111	8.01045	
2677	862444800	1997	05	01	1	0	0	60711	-1111	4.09965	-1111	7.8401	
2708	865123200	1997	06	01	1	0	0	60850	-1111	4.09965	-1111	7.65722	
2738	867715200	1997	07	01	1	0	0	60994	-1111	4.09965	-1111	7.70902	
2769	870393600	1997	08	01	1	0	0	61119	-1111	4.09965	-1111	7.94118	
2800	873072000	1997	09	01	1	0	0	61241	-1111	4.09965	-1111	8.24793	
2830	875664000	1997	10	01	1	0	0	61378	-1111	4.09965	-1111	8.50485	
2861	878342400	1997	11	01	1	0	0	61533	-1111	4.09965	-1111	8.26377	
2891	880934400	1997	12	01	1	0	0	61669	-1111	4.09965	-1111	8.50961	
2922	883612800	1998	01	01	1	0	0	61814	-1111	4.09965	-1111	8.30967	
2953	886291200	1998	02	01	1	0	0	61949	-1111	4.22869	-1111	8.50357	
2981	888710400	1998	03	01	1	0	0	62073	-1111	4.22869	-1111	8.43923	
3012	891388800	1998	04	01	1	0	0	62224	-1111	4.22869	-1111	8.4979	
3042	893980800	1998	05	01	1	0	0	62349	-1111	4.22869	-1111	8.22907	
3073	896659200	1998	06	01	1	0	0	62504	-1111	4.22869	-1111	8.02304	
3103	899251200	1998	07	01	1	0	0	62627	-1111	4.22869	-1111	7.53865	
3134	901929600	1998	08	01	1	0	0	62746	-1111	4.22869	-1111	7.3695	
3165	904608000	1998	09	01	1	0	0	62880	-1111	4.22869	-1111	7.29663	
3195	907200000	1998	10	01	1	0	0	63009	-1111	4.22869	-1111	7.45101	
3226	909878400	1998	11	01	1	0	0	63139	-1111	4.22869	-1111	7.66721	
3256	912470400	1998	12	01	1	0	0	63310	-1111	4.22869	-1111	7.69753	
3287	915148800	1999	01	01	1	0	0	63447	-1111	4.22869	-1111	7.64086	
3318	917827200	1999	02	01	1	0	0	63581	-1111	3.96853	-1111	7.30099	
3346	920246400	1999	03	01	1	0	0	63722	-1111	3.96853	-1111	7.41165	
3377	922924800	1999	04	01	1	0	0	63859	-1111	3.96853	-1111	7.45958	
3407	925516800	1999	05	01	1	0	0	63996	-1111	3.96853	-1111	7.50618	
3438	928195200	1999	06	01	1	0	0	64144	-1111	3.96853	-1111	7.57556	
3468	930787200	1999	07	01	1	0	0	64278	-1111	3.96853	-1111	7.74484	
3499	933465600	1999	08	01	1	0	0	64400	-1111	3.96853	-1111	7.64846	
3530	936144000	1999	09	01	1	0	0	64555	-1111	3.96853	-1111	7.76808	
3560	938736000	1999	10	01	1	0	0	64689	-1111	3.96853	-1111	7.5407	
3591	941414400	1999	11	01	1	0	0	64835	-1111	3.96853	-1111	7.55398	
3621	944006400	1999	12	01	1	0	0	64966	-1111	3.96853	-1111	7.83286	
3652	946684800	2000	01	01	1	0	0	65095	-1111	3.96853	-1111	8.17286	
3683	949363200	2000	02	01	1	0.6	0.6	65224	-1111	3.91847	-1111	6.57332	
3712	951868800	2000	03	01	1	0.6	0.6	65362	-1111	3.91847	-1111	5.27976	
3743	954547200	2000	04	01	1	0.6	0.6	65522	-1111	3.91847	-1111	4.12483	
3773	957139200	2000	05	01	1	0.6	0.6	65664	-1111	3.91847	-1111	3.56279	
3804	959817600	2000	06	01	1	0.6	0.6	65798	-1111	3.91847	-1111	3.15378	
3834	962409600	2000	07	01	1	0.6	0.6	65957	-1111	3.91847	-1111	2.68608	
3865	965088000	2000	08	01	1	0.6	0.6	66098	-1111	3.91847	-1111	2.4897	
3896	967766400	2000	09	01	1	0.6	0.6	66260	-1111	3.91847	-1111	2.23571	
3926	970358400	2000	10	01	1	0.6	0.6	66422	-1111	3.91847	-1111	2.19023	
3957	973036800	2000	11	01	1	0.6	0.6	66578	-1111	3.91847	-1111	1.96078	
3987	975628800	2000	12	01	1	0.6	0.6	66717	-1111	3.91847	-1111	1.80218	
4018	978307200	2001	01	01	1	0.6	0.6	66883	-1111	3.91847	-1111	1.66456	
4049	980985600	2001	02	01	1	0.6	0.6	67060	-1111	1.96547	-1111	1.55987	
4077	983404800	2001	03	01	1	0.6	0.6	67203	-1111	1.96547	-1111	1.50832	
4108	986083200	2001	04	01	1	0.6	0.6	67347	-1111	1.96547	-1111	1.47966	
4138	988675200	2001	05	01	1	0.6	0.6	67520	-1111	1.96547	-1111	1.71558	
4169	991353600	2001	06	01	1	0.6	0.6	67655	-1111	1.96547	-1111	1.68288	
4199	993945600	2001	07	01	1	0.6	0.6	67804	-1111	1.96547	-1111	1.76044	
4230	996624000	2001	08	01	1	0.6	0.6	67984	-1111	1.96547	-1111	1.85196	
4261	999302400	2001	09	01	1	0.6	0.6	68161	-1111	1.96547	-1111	1.83497	
4291	1001894400	2001	10	01	1	0.6	0.6	68307	-1111	1.96547	-1111	2.05516	
4322	1004572800	2001	11	01	1	0.6	0.6	68476	-1111	1.96547	-1111	2.22209	
4352	1007164800	2001	12	01	1	0.6	0.6	68658	-1111	1.96547	-1111	2.39187	
4383	1009843200	2002	01	01	1	0.6	0.6	68810	-1111	1.96547	-1111	2.6009	
4414	1012521600	2002	02	01	1	0.6	0.6	68968	-1111	1.27016	-1111	2.74741	
4442	1014940800	2002	03	01	1	0.6	0.6	69092	-1111	1.27016	-1111	2.95233	
4473	1017619200	2002	04	01	1	0.6	0.6	69279	-1111	1.27016	-1111	3.36935	
4503	1020211200	2002	05	01	1	0.6	0.6	69449	-1111	1.27016	-1111	3.34262	
4534	1022889600	2002	06	01	1	0.6	0.6	69614	-1111	1.27016	-1111	3.3758	
4564	1025481600	2002	07	01	1	0.6	0.6	69777	-1111	1.27016	-1111	3.58133	
4595	1028160000	2002	08	01	1	0.6	0.6	69951	-1111	1.27016	-1111	3.8109	
4626	1030838400	2002	09	01	1	0.6	0.6	70126	-1111	1.27016	-1111	4.21053	
4656	1033430400	2002	10	01	1	0.6	0.6	70251	-1111	1.27016	-1111	4.50347	
4687	1036108800	2002	11	01	1	0.6	0.6	70422	-1111	1.27016	-1111	4.58579	
4717	1038700800	2002	12	01	1	0.6	0.6	70585	-1111	1.27016	-1111	4.97828	
4748	1041379200	2003	01	01	1	0.6	0.6	70765	-1111	1.27016	-1111	5.32612	
4779	1044057600	2003	02	01	1	0.6	0.6	70928	-1111	2.53188	-1111	5.24732	
4807	1046476800	2003	03	01	1	0.6	0.6	71081	-1111	2.53188	-1111	5.36099	
4838	1049155200	2003	04	01	1	0.6	0.6	71249	-1111	2.53188	-1111	5.39945	
4868	1051747200	2003	05	01	1	0.6	0.6	71381	-1111	2.53188	-1111	5.38635	
4899	1054425600	2003	06	01	1	0.6	0.6	71549	-1111	2.53188	-1111	5.5352	
4929	1057017600	2003	07	01	1	0.6	0.6	71715	-1111	2.53188	-1111	5.52182	
4960	1059696000	2003	08	01	1	0.6	0.6	71907	-1111	2.53188	-1111	5.46901	
4991	1062374400	2003	09	01	1	0.6	0.6	72069	-1111	2.53188	-1111	5.69292	
5021	1064966400	2003	10	01	1	0.6	0.6	72267	-1111	2.53188	-1111	5.68296	
5052	1067644800	2003	11	01	1	0.6	0.6	72466	-1111	2.53188	-1111	5.64771	
5082	1070236800	2003	12	01	1	0.6	0.6	72614	-1111	2.53188	-1111	5.51129	
5113	1072915200	2004	01	01	1	0.6	0.6	72818	-1111	2.53188	-1111	5.29568	
5144	1075593600	2004	02	01	1	0.6	0.6	73029	-1111	3.35499	-1111	5.43191	
5173	1078099200	2004	03	01	1	0.6	0.6	73201	-1111	3.35499	-1111	5.38055	
5204	1080777600	2004	04	01	1	0.6	0.6	73382	-1111	3.35499	-1111	5.21467	
5234	1083369600	2004	05	01	1	0.6	0.6	73563	-1111	3.35499	-1111	4.91803	
5265	1086048000	2004	06	01	1	0.6	0.6	73722	-1111	3.35499	-1111	4.72428	
5295	1088640000	2004	07	01	1	0.6	0.6	73883	-1111	3.35499	-1111	4.94425	
5326	1091318400	2004	08	01	1	0.6	0.6	74078	-1111	3.35499	-1111	4.82254	
5357	1093996800	2004	09	01	1	0.6	0.6	74258	-1111	3.35499	-1111	4.58745	
5387	1096588800	2004	10	01	1	0.6	0.6	74443	-1111	3.35499	-1111	4.61879	
5418	1099267200	2004	11	01	1	0.6	0.6	74630	-1111	3.35499	-1111	4.52248	
5448	1101859200	2004	12	01	1	0.6	0.6	74781	-1111	3.35499	-1111	4.49523	
5479	1104537600	2005	01	01	1	0.6	0.6	74968	-1111	3.35499	-1111	4.69702	
5510	1107216000	2005	02	01	1	0.6	0.6	75129	-1111	2.88511	-1111	4.20087	
5538	1109635200	2005	03	01	1	0.6	0.6	75328	-1111	2.88511	-1111	4.03659	
5569	1112313600	2005	04	01	1	0.6	0.6	75516	-1111	2.88511	-1111	3.8174	
5599	1114905600	2005	05	01	1	0.6	0.6	75699	-1111	2.88511	-1111	3.48751	
5630	1117584000	2005	06	01	1	0.6	0.6	75875	-1111	2.88511	-1111	3.36445	
5660	1120176000	2005	07	01	1	0.6	0.6	76074	-1111	2.88511	-1111	3.13783	
5691	1122854400	2005	08	01	1	0.6	0.6	76242	-1111	2.88511	-1111	3.05271	
5722	1125532800	2005	09	01	1	0.6	0.6	76402	-1111	2.88511	-1111	2.99649	
5752	1128124800	2005	10	01	1	0.6	0.6	76558	-1111	2.88511	-1111	2.72134	
5783	1130803200	2005	11	01	1	0.6	0.6	76752	-1111	2.88511	-1111	2.59092	
5813	1133395200	2005	12	01	1	0.6	0.6	76926	-1111	2.88511	-1111	2.4865	
5844	1136073600	2006	01	01	1	0.6	0.6	77100	-1111	2.88511	-1111	2.48746	
5875	1138752000	2006	02	01	1	0.6	0.6	77279	-1111	2.04255	-1111	2.32139	
5903	1141171200	2006	03	01	1	0.6	0.6	77424	-1111	2.04255	-1111	2.28859	
5934	1143849600	2006	04	01	1	0.6	0.6	77587	-1111	2.04255	-1111	2.2187	
5964	1146441600	2006	05	01	1	0.6	0.6	77786	-1111	2.04255	-1111	2.56999	
5995	1149120000	2006	06	01	1	0.6	0.6	77981	-1111	2.04255	-1111	2.45443	
6025	1151712000	2006	07	01	1	0.6	0.6	78137	-1111	2.04255	-1111	2.38289	
6056	1154390400	2006	08	01	1	0.6	0.6	78338	-1111	2.04255	-1111	2.2311	
6087	1157068800	2006	09	01	1	0.6	0.6	78535	-1111	2.04255	-1111	2.42302	
6117	1159660800	2006	10	01	1	0.6	0.6	78700	-1111	2.04255	-1111	2.31821	
6148	1162339200	2006	11	01	1	0.6	0.6	78888	-1111	2.04255	-1111	2.72385	
6178	1164931200	2006	12	01	1	0.6	0.6	79061	-1111	2.04255	-1111	3.06844	
6209	1167609600	2007	01	01	1	0.6	0.6	79235	-1111	2.04255	-1111	3.46085	
6240	1170288000	2007	02	01	1	0.6	0.6	79423	-1111	1.65072	-1111	3.51471	
6268	1172707200	2007	03	01	1	0.6	0.6	79589	-1111	1.65072	-1111	3.71768	
6299	1175385600	2007	04	01	1	0.6	0.6	79749	-1111	1.65072	-1111	3.81452	
6329	1177977600	2007	05	01	1	0.6	0.6	79948	-1111	1.65072	-1111	3.9828	
6360	1180656000	2007	06	01	1	0.6	0.6	80153	-1111	1.65072	-1111	4.02777	
6390	1183248000	2007	07	01	1	0.6	0.6	80325	-1111	1.65072	-1111	3.81144	
6421	1185926400	2007	08	01	1	0.6	0.6	80496	-1111	1.65072	-1111	3.7385	
6452	1188604800	2007	09	01	1	0.6	0.6	80673	-1111	1.65072	-1111	4.2257	
6482	1191196800	2007	10	01	1	0.6	0.6	80837	-1111	1.65072	-1111	4.60414	
6513	1193875200	2007	11	01	1	0.6	0.6	81030	-1111	1.65072	-1111	4.7337	
6543	1196467200	2007	12	01	1	0.6	0.6	81213	-1111	1.65072	-1111	5.11193	
6574	1199145600	2008	01	01	1	0.6	0.6	81382	-1111	1.65072	-1111	5.32888	
6605	1201824000	2008	02	01	1	0.6	0.6	81589	-1111	2.53322	-1111	5.61082	
6634	1204329600	2008	03	01	1	0.6	0.6	81768	-1111	2.53322	-1111	5.7019	
6665	1207008000	2008	04	01	1	0.6	0.6	81958	-1111	2.53322	-1111	6.07897	
6695	1209600000	2008	05	01	1	0.6	0.6	82137	-1111	2.53322	-1111	5.99233	
6726	1212278400	2008	06	01	1	0.6	0.6	82326	-1111	2.53322	-1111	5.72495	
6756	1214870400	2008	07	01	1	0.6	0.6	82517	-1111	2.53322	-1111	5.7512	
6787	1217548800	2008	08	01	1	0.6	0.6	82706	-1111	2.53322	-1111	5.68772	
6818	1220227200	2008	09	01	1	0.6	0.6	82920	-1111	2.53322	-1111	5.81721	
6848	1222819200	2008	10	01	1	0.6	0.6	83103	-1111	2.53322	-1111	5.85331	
6879	1225497600	2008	11	01	1	0.6	0.6	83280	-1111	2.53322	-1111	5.69749	
6909	1228089600	2008	12	01	1	0.6	0.6	83446	-1111	2.53322	-1111	5.65565	
6940	1230768000	2009	01	01	1	0.6	0.6	83631	-1111	2.53322	-1111	5.85265	
6971	1233446400	2009	02	01	1	0.6	0.6	83846	-1111	3.33674	-1111	5.86905	
6999	1235865600	2009	03	01	1	0.6	0.6	84010	-1111	3.33674	-1111	5.76489	
7030	1238544000	2009	04	01	1	0.6	0.6	84245	-1111	3.33674	-1111	5.90084	
7060	1241136000	2009	05	01	1	0.6	0.6	84435	-1111	3.33674	-1111	5.98299	
7091	1243814400	2009	06	01	1	0.6	0.6	84596	-1111	3.33674	-1111	5.86205	
7121	1246406400	2009	07	01	1	0.6	0.6	84793	-1111	3.33674	-1111	5.9242	
7152	1249084800	2009	08	01	1	0.6	0.6	85002	-1111	3.33674	-1111	5.84934	
7183	1251763200	2009	09	01	1	0.6	0.6	85177	-1111	3.33674	-1111	6.03045	
7213	1254355200	2009	10	01	1	0.6	0.6	85388	-1111	3.33674	-1111	6.03723	
7244	1257033600	2009	11	01	1	0.6	0.6	85598	-1111	3.33674	-1111	5.85907	
7274	1259625600	2009	12	01	1	0.6	0.6	85794	-1111	3.33674	-1111	5.58467	
7305	1262304000	2010	01	01	1	0.6	0.6	86010	-1111	3.33674	-1111	5.57263	
7336	1264982400	2010	02	01	1	0.6	0.6	86226	-1111	3.17439	-1111	4.70577	
7364	1267401600	2010	03	01	1	0.6	0.6	86419	-1111	3.17439	-1111	4.02225	
7395	1270080000	2010	04	01	1	0.6	0.6	86597	-1111	3.17439	-1111	3.80259	
7425	1272672000	2010	05	01	1	0.6	0.6	86781	-1111	3.17439	-1111	3.2807	
7456	1275350400	2010	06	01	1	0.6	0.6	86995	-1111	3.17439	-1111	3.268	
7486	1277942400	2010	07	01	1	0.6	0.6	87216	-1111	3.17439	-1111	3.1298	
7517	1280620800	2010	08	01	1	0.6	0.6	87448	-1111	3.17439	-1111	3.02252	
7548	1283299200	2010	09	01	1	0.6	0.6	87635	-1111	3.17439	-1111	2.79375	
7578	1285891200	2010	10	01	1	0.6	0.6	87852	-1111	3.17439	-1111	2.88978	
7609	1288569600	2010	11	01	1	0.6	0.6	88072	-1111	3.17439	-1111	2.83504	
7639	1291161600	2010	12	01	1	0.6	0.6	88289	-1111	3.17439	-1111	2.7784	
7670	1293840000	2011	01	01	1	0.6	0.6	88482	-1111	3.17439	-1111	2.64225	
7701	1296518400	2011	02	01	1	0.6	0.6	88656	-1111	2.02462	-1111	2.48191	
7729	1298937600	2011	03	01	1	0.6	0.6	88843	-1111	2.02462	-1111	2.60172	
7760	1301616000	2011	04	01	1	0.6	0.6	89053	-1111	2.02462	-1111	2.47792	
7790	1304208000	2011	05	01	1	0.6	0.6	89257	-1111	2.02462	-1111	2.47147	
7821	1306886400	2011	06	01	1	0.6	0.6	89471	-1111	2.02462	-1111	2.38923	
7851	1309478400	2011	07	01	1	0.6	0.6	89690	-1111	2.02462	-1111	2.44812	
7882	1312156800	2011	08	01	1	0.6	0.6	89899	-1111	2.02462	-1111	2.41801	
7913	1314835200	2011	09	01	1	0.6	0.6	90097	-1111	2.02462	-1111	2.33706	
7943	1317427200	2011	10	01	1	0.6	0.6	90300	-1111	2.02462	-1111	2.4098	
7974	1320105600	2011	11	01	1	0.6	0.6	90499	-1111	2.02462	-1111	2.52021	
8004	1322697600	2011	12	01	1	0.6	0.6	90722	-1111	2.02462	-1111	2.56321	
8035	1325376000	2012	01	01	1	0.6	0.6	90931	-1111	2.02462	-1111	2.56554	
8066	1328054400	2012	02	01	1	0.6	0.6	91130	-1111	1.62175	-1111	2.6453	
8095	1330560000	2012	03	01	1	0.6	0.6	91337	-1111	1.62175	-1111	2.65779	
8126	1333238400	2012	04	01	1	0.6	0.6	91574	-1111	1.62175	-1111	2.83998	
8156	1335830400	2012	05	01	1	0.6	0.6	91796	-1111	1.62175	-1111	2.85555	
8187	1338508800	2012	06	01	1	0.6	0.6	92000	-1111	1.62175	-1111	2.97705	
8217	1341100800	2012	07	01	1	0.6	0.6	92197	-1111	1.62175	-1111	3.07581	
8248	1343779200	2012	08	01	1	0.6	0.6	92442	-1111	1.62175	-1111	2.9624	
8279	1346457600	2012	09	01	1	0.6	0.6	92653	-1111	1.62175	-1111	3.11202	
8309	1349049600	2012	10	01	1	0.6	0.6	92886	-1111	1.62175	-1111	3.18245	
8340	1351728000	2012	11	01	1	0.6	0.6	93123	-1111	1.62175	-1111	3.27136	
8370	1354320000	2012	12	01	1	0.6	0.6	93313	-1111	1.62175	-1111	3.33782	
8401	1356998400	2013	01	01	1	0.6	0.6	93538	-1111	1.62175	-1111	3.26361	
8432	1359676800	2013	02	01	1	0.6	0.6	93762	-1111	2.01425	-1111	3.31684	
8460	1362096000	2013	03	01	1	0.6	0.6	93955	-1111	2.01425	-1111	3.16956	
8491	1364774400	2013	04	01	1	0.6	0.6	94167	-1111	2.01425	-1111	3.17533	
8521	1367366400	2013	05	01	1	0.6	0.6	94377	-1111	2.01425	-1111	3.1973	
8552	1370044800	2013	06	01	1	0.6	0.6	94610	-1111	2.01425	-1111	3.20273	
8582	1372636800	2013	07	01	1	0.6	0.6	94817	-1111	2.01425	-1111	3.27039	
8613	1375315200	2013	08	01	1	0.6	0.6	95062	-1111	2.01425	-1111	3.26015	
8644	1377993600	2013	09	01	1	0.6	0.6	95273	-1111	2.01425	-1111	3.18045	
8674	1380585600	2013	10	01	1	0.6	0.6	95491	-1111	2.01425	-1111	3.11355	
8705	1383264000	2013	11	01	1	0.6	0.6	95701	-1111	2.01425	-1111	3.05061	
8735	1385856000	2013	12	01	1	0.6	0.6	95966	-1111	2.01425	-1111	3.35411	
8766	1388534400	2014	01	01	1	0.6	0.6	96195	-1111	2.01425	-1111	3.51545	
8797	1391212800	2014	02	01	1	0.6	0.6	96389	-1111	2.14269	-1111	3.57347	
8825	1393632000	2014	03	01	1	0.6	0.6	96583	-1111	2.14269	-1111	3.62487	
8856	1396310400	2014	04	01	1	0.6	0.6	96812	-1111	2.14269	-1111	3.56766	
8886	1398902400	2014	05	01	1	0.6	0.6	97019	-1111	2.14269	-1111	3.72545	
8917	1401580800	2014	06	01	1	0.6	0.6	97263	-1111	2.14269	-1111	3.89437	
8947	1404172800	2014	07	01	1	0.6	0.6	97476	-1111	2.14269	-1111	3.77381	
8978	1406851200	2014	08	01	1	0.6	0.6	97704	-1111	2.14269	-1111	3.67434	
9009	1409529600	2014	09	01	1	0.6	0.6	97932	-1111	2.14269	-1111	3.62403	
9039	1412121600	2014	10	01	1	0.6	0.6	98212	-1111	2.14269	-1111	3.86774	
9070	1414800000	2014	11	01	1	0.6	0.6	98458	-1111	2.14269	-1111	3.99472	
9100	1417392000	2014	12	01	1	0.6	0.6	98694	-1111	2.14269	-1111	4.10046	
9131	1420070400	2015	01	01	1	0.6	0.6	98945	-1111	2.14269	-1111	3.94947	
9162	1422748800	2015	02	01	1	0.6	0.6	99156	-1111	2.42888	-1111	4.25312	
9190	1425168000	2015	03	01	1	0.6	0.6	99351	-1111	2.42888	-1111	4.52267	
9221	1427846400	2015	04	01	1	0.6	0.6	99587	-1111	2.42888	-1111	4.87262	
9251	1430438400	2015	05	01	1	0.6	0.6	99829	-1111	2.42888	-1111	5.04698	
9282	1433116800	2015	06	01	1	0.6	0.6	100077	-1111	2.42888	-1111	5.1887	
9312	1435708800	2015	07	01	1	0.6	0.6	100304	-1111	2.42888	-1111	5.32108	
9343	1438387200	2015	08	01	1	0.6	0.6	100582	-1111	2.42888	-1111	5.42935	
9374	1441065600	2015	09	01	1	0.6	0.6	100824	-1111	2.42888	-1111	5.64792	
9404	1443657600	2015	10	01	1	0.6	0.6	101061	-1111	2.42888	-1111	5.86898	
9435	1446336000	2015	11	01	1	0.6	0.6	101306	-1111	2.42888	-1111	5.90651	
9465	1448928000	2015	12	01	1	0.6	0.6	101522	-1111	2.42888	-1111	6.02804	
9496	1451606400	2016	01	01	1	0.6	0.6	101784	-1111	2.42888	-1111	5.76691	
9527	1454284800	2016	02	01	1	0.6	0.6	102038	-1111	3.27379	-1111	6.05238	
9556	1456790400	2016	03	01	1	0.6	0.6	102274	-1111	3.27379	-1111	6.11675	
9587	1459468800	2016	04	01	1	0.6	0.6	102509	-1111	3.27379	-1111	6.25217	
9617	1462060800	2016	05	01	1	0.6	0.6	102760	-1111	3.27379	-1111	6.1163	
9648	1464739200	2016	06	01	1	0.6	0.6	103001	-1111	3.27379	-1111	5.95779	
9678	1467331200	2016	07	01	1	0.6	0.6	103239	-1111	3.27379	-1111	5.98254	
9709	1470009600	2016	08	01	1	0.6	0.6	103466	-1111	3.27379	-1111	5.93542	
9740	1472688000	2016	09	01	1	0.6	0.6	103716	-1111	3.27379	-1111	5.86367	
9770	1475280000	2016	10	01	1	0.6	0.6	103944	-1111	3.27379	-1111	5.70884	
9801	1477958400	2016	11	01	1	0.6	0.6	104193	-1111	3.27379	-1111	5.33759	
9831	1480550400	2016	12	01	1	0.6	0.6	104441	-1111	3.27379	-1111	5.19274	
9862	1483228800	2017	01	01	1	0.6	0.6	104666	-1111	3.27379	-1111	5.16531	
9893	1485907200	2017	02	01	1	0.6	0.6	104920	-1111	3.3976	-1111	5.00793	
9921	1488326400	2017	03	01	1	0.6	0.6	105132	-1111	3.3976	-1111	4.97082	
9952	1491004800	2017	04	01	1	0.6	0.6	105384	-1111	3.3976	-1111	4.91932	
9982	1493596800	2017	05	01	1	0.6	0.6	105644	-1111	3.3976	-1111	5.02228	
10013	1496275200	2017	06	01	1	0.6	0.6	105904	-1111	3.3976	-1111	4.68493	
10043	1498867200	2017	07	01	1	0.6	0.6	106135	-1111	3.3976	-1111	4.62036	
10074	1501545600	2017	08	01	1	0.6	0.6	106407	-1111	3.3976	-1111	4.56806	
10105	1504224000	2017	09	01	1	0.6	0.6	106673	-1111	3.3976	-1111	4.57422	
10135	1506816000	2017	10	01	1	0.6	0.6	106902	-1111	3.3976	-1111	4.39982	
10166	1509494400	2017	11	01	1	0.6	0.6	107118	-1111	3.3976	-1111	4.34991	
10196	1512086400	2017	12	01	1	0.6	0.6	107363	-1111	3.3976	-1111	4.4265	
10227	1514764800	2018	01	01	1	0.6	0.6	107595	-1111	3.3976	-1111	4.3674	
10258	1517443200	2018	02	01	1	0.6	0.6	107873	-1111	2.69355	-1111	4.40001	
10286	1519862400	2018	03	01	1	0.6	0.6	108095	-1111	2.69355	-1111	4.1251	
10317	1522540800	2018	04	01	1	0.6	0.6	108368	-1111	2.69355	-1111	4.2839	
10347	1525132800	2018	05	01	1	0.6	0.6	108612	-1111	2.69355	-1111	4.30092	
10378	1527811200	2018	06	01	1	0.6	0.6	108869	-1111	2.69355	-1111	4.65318	
10408	1530403200	2018	07	01	1	0.6	0.6	109109	-1111	2.69355	-1111	4.47133	
10439	1533081600	2018	08	01	1	0.6	0.6	109415	-1111	2.69355	-1111	4.54317	
10470	1535760000	2018	09	01	1	0.6	0.6	109671	-1111	2.69355	-1111	4.50412	
10500	1538352000	2018	10	01	1	0.6	0.6	109935	-1111	2.69355	-1111	4.54903	
10531	1541030400	2018	11	01	1	0.6	0.6	110181	-1111	2.69355	-1111	4.63283	
10561	1543622400	2018	12	01	1	0.6	0.6	110418	-1111	2.69355	-1111	4.87831	
10592	1546300800	2019	01	01	1	0.6	0.6	110654	-1111	2.69355	-1111	4.79955	
10623	1548979200	2019	02	01	1	0.6	0.6	110927	-1111	2.61943	-1111	4.84561	
10651	1551398400	2019	03	01	1	0.6	0.6	111191	-1111	2.61943	-1111	4.91179	
10682	1554076800	2019	04	01	1	0.6	0.6	111460	-1111	2.61943	-1111	4.75503	
10712	1556668800	2019	05	01	1	0.6	0.6	111689	-1111	2.61943	-1111	4.75907	
10743	1559347200	2019	06	01	1	0.6	0.6	111953	-1111	2.61943	-1111	4.88444	
10773	1561939200	2019	07	01	1	0.6	0.6	112199	-1111	2.61943	-1111	4.95605	
10804	1564617600	2019	08	01	1	0.6	0.6	112490	-1111	2.61943	-1111	4.92698	
10835	1567296000	2019	09	01	1	0.6	0.6	112765	-1111	2.61943	-1111	5.03295	
10865	1569888000	2019	10	01	1	0.6	0.6	112975	-1111	2.61943	-1111	4.98909	
10896	1572566400	2019	11	01	1	0.6	0.6	113270	-1111	2.61943	-1111	4.88496	
10926	1575158400	2019	12	01	1	0.6	0.6	113557	-1111	2.61943	-1111	4.81637	
10957	1577836800	2020	01	01	1	0.6	0.6	113817	-1111	2.61943	-1111	4.82868	
10988	1580515200	2020	02	01	1	0.6	0.6	114070	-1111	2.80769	-1111	5.18541	
11017	1583020800	2020	03	01	1	0.6	0.6	114332	-1111	2.80769	-1111	5.46269	
11048	1585699200	2020	04	01	1	0.6	0.6	114606	-1111	2.80769	-1111	5.75262	
11078	1588291200	2020	05	01	1	0.6	0.6	114888	-1111	2.80769	-1111	5.904	
11109	1590969600	2020	06	01	1	0.6	0.6	115179	-1111	2.80769	-1111	5.99477	
11139	1593561600	2020	07	01	1	0.6	0.6	115447	-1111	2.80769	-1111	6.10827	
11170	1596240000	2020	08	01	1	0.6	0.6	115736	-1111	2.80769	-1111	6.04873	
11201	1598918400	2020	09	01	1	0.6	0.6	115988	-1111	2.80769	-1111	5.8015	
11231	1601510400	2020	10	01	1	0.6	0.6	116265	-1111	2.80769	-1111	6.14097	
11262	1604188800	2020	11	01	1	0.6	0.6	116557	-1111	2.80769	-1111	6.16965	
11292	1606780800	2020	12	01	1	0.6	0.6	116864	-1111	2.80769	-1111	6.16473	
11323	1609459200	2021	01	01	1	0.6	0.6	117097	-1111	2.80769	-1111	6.00228	
11354	1612137600	2021	02	01	1	0.6	0.6	117385	-1111	3.26584	-1111	5.9562	
11382	1614556800	2021	03	01	1	0.6	0.6	117623	-1111	3.26584	-1111	5.90902	
11413	1617235200	2021	04	01	1	0.6	0.6	117918	-1111	3.26584	-1111	5.83444	
11443	1619827200	2021	05	01	1	0.6	0.6	118198	-1111	3.26584	-1111	5.69011	
11474	1622505600	2021	06	01	1	0.6	0.6	118443	-1111	3.26584	-1111	5.61478	
11504	1625097600	2021	07	01	1	0.6	0.6	118712	-1111	3.26584	-1111	5.65265	
11535	1627776000	2021	08	01	1	0.6	0.6	118999	-1111	3.26584	-1111	5.5821	
11566	1630454400	2021	09	01	1	0.6	0.6	119267	-1111	3.26584	-1111	5.47855	
11596	1633046400	2021	10	01	1	0.6	0.6	119518	-1111	3.26584	-1111	5.47608	
11627	1635724800	2021	11	01	1	0.6	0.6	119836	-1111	3.26584	-1111	5.32461	
11657	1638316800	2021	12	01	1	0.6	0.6	120104	-1111	3.26584	-1111	5.47856	
11688	1640995200	2022	01	01	1	0.6	0.6	120377	-1111	3.26584	-1111	5.3205	
11719	1643673600	2022	02	01	1	0.6	0.6	120642	-1111	3.03981	-1111	5.35905	
11747	1646092800	2022	03	01	1	0.6	0.6	120903	-1111	3.03981	-1111	5.27559	
11778	1648771200	2022	04	01	1	0.6	0.6	121224	-1111	3.03981	-1111	5.32714	
11808	1651363200	2022	05	01	1	0.6	0.6	121529	-1111	3.03981	-1111	5.17718	
11839	1654041600	2022	06	01	1	0.6	0.6	121771	-1111	3.03981	-1111	5.07486	
11869	1656633600	2022	07	01	1	0.6	0.6	122065	-1111	3.03981	-1111	4.9517	
11900	1659312000	2022	08	01	1	0.6	0.6	122373	-1111	3.03981	-1111	5.11387	
11931	1661990400	2022	09	01	1	0.6	0.6	122644	-1111	3.03981	-1111	5.31064	
11961	1664582400	2022	10	01	1	0.6	0.6	122920	-1111	3.03981	-1111	5.2871	
11992	1667260800	2022	11	01	1	0.6	0.6	123197	-1111	3.03981	-1111	5.34939	
12022	1669852800	2022	12	01	1	0.6	0.6	123508	-1111	3.03981	-1111	5.33582	
12053	1672531200	2023	01	01	1	0.6	0.6	123803	-1111	3.03981	-1111	5.21303	
12084	1675209600	2023	02	01	1	0.6	0.6	124077	-1111	2.83185	-1111	5.10974	
12112	1677628800	2023	03	01	1	0.6	0.6	124368	-1111	2.83185	-1111	5.17003	
12143	1680307200	2023	04	01	1	0.6	0.6	124668	-1111	2.83185	-1111	5.35446	
12173	1682899200	2023	05	01	1	0.6	0.6	124989	-1111	2.83185	-1111	5.2939	
12204	1685577600	2023	06	01	1	0.6	0.6	125275	-1111	2.83185	-1111	5.17891	
12234	1688169600	2023	07	01	1	0.6	0.6	125573	-1111	2.83185	-1111	5.21299	
12265	1690848000	2023	08	01	1	0.6	0.6	125848	-1111	2.83185	-1111	5.31654	
12296	1693526400	2023	09	01	1	0.6	0.6	126179	-1111	2.83185	-1111	5.26902	
12326	1696118400	2023	10	01	1	0.6	0.6	126514	-1111	2.83185	-1111	5.1541	
12357	1698796800	2023	11	01	1	0.6	0.6	126833	-1111	2.83185	-1111	5.23335	
12387	1701388800	2023	12	01	1	0.6	0.6	127095	-1111	2.83185	-1111	5.1793	
12418	1704067200	2024	01	01	1	0.6	0.6	127432	-1111	2.83185	-1111	5.4035	
12449	1706745600	2024	02	01	1	0.6	0.6	127746	-1111	2.86836	-1111	5.31301	
12478	1709251200	2024	03	01	1	0.6	0.6	128092	-1111	2.86836	-1111	5.32781	
12509	1711929600	2024	04	01	1	0.6	0.6	128429	-1111	2.86836	-1111	5.31524	
12539	1714521600	2024	05	01	1	0.6	0.6	128734	-1111	2.86836	-1111	5.32433	
12570	1717200000	2024	06	01	1	0.6	0.6	129061	-1111	2.86836	-1111	5.16543	
12600	1719792000	2024	07	01	1	0.6	0.6	129352	-1111	2.86836	-1111	5.24777	
12631	1722470400	2024	08	01	1	0.6	0.6	129631	-1111	2.86836	-1111	5.07776	
12662	1725148800	2024	09	01	1	0.6	0.6	129935	-1111	2.86836	-1111	5.20058	
12692	1727740800	2024	10	01	1	0.6	0.6	130241	-1111	2.86836	-1111	5.25086	
12723	1730419200	2024	11	01	1	0.6	0.6	130584	-1111	2.86836	-1111	5.35453	
12753	1733011200	2024	12	01	1	0.6	0.6	130868	-1111	2.86836	-1111	5.15129	
12784	1735689600	2025	01	01	1	0.6	0.6	131182	-1111	2.86836	-1111	5.12226	
12815	1738368000	2025	02	01	1	0.6	0.6	131492	-1111	2.97849	-1111	4.48301	
12843	1740787200	2025	03	01	1	0.6	0.6	131707	-1111	2.97849	-1111	3.98521	
12874	1743465600	2025	04	01	1	0.6	0.6	131993	-1111	2.97849	-1111	3.79709	
12904	1746057600	2025	05	01	1	0.6	0.6	132303	-1111	2.97849	-1111	3.48752	
12935	1748736000	2025	06	01	1	0.6	0.6	132619	-1111	2.97849	-1111	3.26585	
12965	1751328000	2025	07	01	1	0.6	0.6	132960	-1111	2.97849	-1111	3.08723	
12996	1754006400	2025	08	01	1	0.6	0.6	133276	-1111	2.97849	-1111	2.81296	
13027	1756684800	2025	09	01	1	0.6	0.6	133583	-1111	2.97849	-1111	2.73925	
13057	1759276800	2025	10	01	1	0.6	0.6	133883	-1111	2.97849	-1111	2.70404	
13088	1761955200	2025	11	01	1	0.6	0.6	134193	-1111	2.97849	-1111	2.4691	
13118	1764547200	2025	12	01	1	0.6	0.6	134488	-1111	2.97849	-1111	2.61789	
13149	1767225600	2026	01	01	1	0.6	0.6	134801	-1111	2.97849	-1111	2.61248	
13180	1769904000	2026	02	01	1	0.6	0.6	135126	-1111	1.97009	-1111	2.59826	
13208	1772323200	2026	03	01	1	0.6	0.6	135448	-1111	1.97009	-1111	2.73561	
13239	1775001600	2026	04	01	1	0.6	0.6	135784	-1111	1.97009	-1111	2.64516	
13269	1777593600	2026	05	01	1	0.6	0.6	136082	-1111	1.97009	-1111	2.46559	
13300	1780272000	2026	06	01	1	0.6	0.6	136390	-1111	1.97009	-1111	2.45569	
13330	1782864000	2026	07	01	1	0.6	0.6	136687	-1111	1.97009	-1111	2.44461	
13361	1785542400	2026	08	01	1	0.6	0.6	137035	-1111	1.97009	-1111	2.46314	
13392	1788220800	2026	09	01	1	0.6	0.6	137394	-1111	1.97009	-1111	2.42404	
13422	1790812800	2026	10	01	1	0.6	0.6	137694	-1111	1.97009	-1111	2.44862	
13453	1793491200	2026	11	01	1	0.6	0.6	138029	-1111	1.97009	-1111	2.49369	
13483	1796083200	2026	12	01	1	0.6	0.6	138338	-1111	1.97009	-1111	2.62075	
13514	1798761600	2027	01	01	1	0.6	0.6	138666	-1111	1.97009	-1111	2.67426	
13545	1801440000	2027	02	01	1	0.6	0.6	138991	-1111	1.65773	-1111	2.50167	
13573	1803859200	2027	03	01	1	0.6	0.6	139287	-1111	1.65773	-1111	2.56896	
13604	1806537600	2027	04	01	1	0.6	0.6	139586	-1111	1.65773	-1111	2.62595	
13634	1809129600	2027	05	01	1	0.6	0.6	139908	-1111	1.65773	-1111	2.82823	
13665	1811808000	2027	06	01	1	0.6	0.6	140203	-1111	1.65773	-1111	2.82364	
13695	1814400000	2027	07	01	1	0.6	0.6	140527	-1111	1.65773	-1111	2.77793	
13726	1817078400	2027	08	01	1	0.6	0.6	140851	-1111	1.65773	-1111	2.72857	
13757	1819756800	2027	09	01	1	0.6	0.6	141141	-1111	1.65773	-1111	2.90444	
13787	1822348800	2027	10	01	1	0.6	0.6	141458	-1111	1.65773	-1111	3.03628	
13818	1825027200	2027	11	01	1	0.6	0.6	141781	-1111	1.65773	-1111	3.08247	
13848	1827619200	2027	12	01	1	0.6	0.6	142117	-1111	1.65773	-1111	3.10479	
13879	1830297600	2028	01	01	1	0.6	0.6	142417	-1111	1.65773	-1111	3.25827	
13910	1832976000	2028	02	01	1	0.6	0.6	142703	-1111	1.85518	-1111	3.18929	
13939	1835481600	2028	03	01	1	0.6	0.6	143000	-1111	1.85518	-1111	3.27629	
13970	1838160000	2028	04	01	1	0.6	0.6	143331	-1111	1.85518	-1111	3.33693	
14000	1840752000	2028	05	01	1	0.6	0.6	143637	-1111	1.85518	-1111	3.40508	
14031	1843430400	2028	06	01	1	0.6	0.6	143930	-1111	1.85518	-1111	3.52755	
14061	1846022400	2028	07	01	1	0.6	0.6	144259	-1111	1.85518	-1111	3.2278	
14092	1848700800	2028	08	01	1	0.6	0.6	144568	-1111	1.85518	-1111	3.35333	
14123	1851379200	2028	09	01	1	0.6	0.6	144895	-1111	1.85518	-1111	3.44091	
14153	1853971200	2028	10	01	1	0.6	0.6	145203	-1111	1.85518	-1111	3.63292	
14184	1856649600	2028	11	01	1	0.6	0.6	145511	-1111	1.85518	-1111	3.66003	
14214	1859241600	2028	12	01	1	0.6	0.6	145873	-1111	1.85518	-1111	3.75083	
14245	1861920000	2029	01	01	1	0.6	0.6	146236	-1111	1.85518	-1111	3.74941	
14276	1864598400	2029	02	01	1	0.6	0.6	146626	-1111	2.29341	-1111	3.70536	
14304	1867017600	2029	03	01	1	0.6	0.6	146960	-1111	2.29341	-1111	3.65296	
14335	1869696000	2029	04	01	1	0.6	0.6	147319	-1111	2.29341	-1111	3.71635	
14365	1872288000	2029	05	01	1	0.6	0.6	147653	-1111	2.29341	-1111	3.70011	
14396	1874966400	2029	06	01	1	0.6	0.6	148023	-1111	2.29341	-1111	3.76233	
14426	1877558400	2029	07	01	1	0.6	0.6	148332	-1111	2.29341	-1111	3.56528	
14457	1880236800	2029	08	01	1	0.6	0.6	148703	-1111	2.29341	-1111	3.65739	
14488	1882915200	2029	09	01	1	0.6	0.6	149081	-1111	2.29341	-1111	3.69358	
14518	1885507200	2029	10	01	1	0.6	0.6	149442	-1111	2.29341	-1111	3.57273	
14549	1888185600	2029	11	01	1	0.6	0.6	149790	-1111	2.29341	-1111	3.59336	
14579	1890777600	2029	12	01	1	0.6	0.6	150140	-1111	2.29341	-1111	3.54531	
14610	1893456000	2030	01	01	1	0.6	0.6	150492	-1111	2.29341	-1111	3.60126	
