0	631152000	1990	01	01	1	0.6	0.5	50000	-1111	0	-1111	4.73532	
31	633830400	1990	02	01	1	0	0	50102	-1111	0	-1111	12.0626	
59	636249600	1990	03	01	1	0	0	50205	-1111	0	-1111	15.1173	
90	638928000	1990	04	01	1	0	0	50308	-1111	0	-1111	14.8087	
120	641520000	1990	05	01	1	0	0	50388	-1111	0	-1111	17.3904	
151	644198400	1990	06	01	1	0	0	50511	-1111	0	-1111	18.611	
181	646790400	1990	07	01	1	0	0	50602	-1111	0	-1111	19.7951	
212	649468800	1990	08	01	1	0	0	50721	-1111	0	-1111	20.8827	
243	652147200	1990	09	01	1	0	0	50824	-1111	0	-1111	20.6581	
273	654739200	1990	10	01	1	0	0	50928	-1111	0	-1111	20.3666	
304	657417600	1990	11	01	1	0	0	51046	-1111	0	-1111	19.4827	
334	660009600	1990	12	01	1	0	0	51147	-1111	0	-1111	18.3521	
365	662688000	1991	01	01	1	0	0	51272	-1111	0	-1111	17.0076	
396	665366400	1991	02	01	1	0	0	51385	-1111	0	-1111	16.1349	
424	667785600	1991	03	01	1	0	0	51499	-1111	0	-1111	15.2748	
455	670464000	1991	04	01	1	0	0	51643	-1111	0	-1111	13.7368	
485	673056000	1991	05	01	1	0	0	51760	-1111	0	-1111	12.6757	
516	675734400	1991	06	01	1	0	0	51885	-1111	0	-1111	11.1544	
546	678326400	1991	07	01	1	0	0	51984	-1111	0	-1111	10.0052	
577	681004800	1991	08	01	1	0	0	52119	-1111	0	-1111	8.99644	
608	683683200	1991	09	01	1	0	0	52217	-1111	0	-1111	8.19293	
638	686275200	1991	10	01	1	0	0	52350	-1111	0	-1111	7.44482	
669	688953600	1991	11	01	1	0	0	52460	-1111	0	-1111	6.48697	
699	691545600	1991	12	01	1	0	0	52593	-1111	0	-1111	6.14736	
730	694224000	1992	01	01	1	0	0	52706	-1111	0	-1111	5.72075	
761	696902400	1992	02	01	1	0	0	52819	-1111	5.13037	-1111	5.13208	
790	699408000	1992	03	01	1	0	0	52916	-1111	5.13037	-1111	4.79096	
821	702086400	1992	04	01	1	0	0	53049	-1111	5.13037	-1111	5.02903	
851	704678400	1992	05	01	1	0	0	53184	-1111	5.13037	-1111	5.1853	
882	707356800	1992	06	01	1	0	0	53311	-1111	5.13037	-1111	5.44248	
912	709948800	1992	07	01	1	0	0	53425	-1111	5.13037	-1111	5.26752	
943	712627200	1992	08	01	1	0	0	53560	-1111	5.13037	-1111	5.4588	
974	715305600	1992	09	01	1	0	0	53690	-1111	5.13037	-1111	5.65568	
1004	717897600	1992	10	01	1	0	0	53805	-1111	5.13037	-1111	6.18782	
1035	720576000	1992	11	01	1	0	0	53944	-1111	5.13037	-1111	6.20347	
1065	723168000	1992	12	01	1	0	0	54055	-1111	5.13037	-1111	6.59308	
1096	725846400	1993	01	01	1	0	0	54181	-1111	5.13037	-1111	7.15302	
1127	728524800	1993	02	01	1	0	0	54314	-1111	3.09516	-1111	7.59664	
1155	730944000	1993	03	01	1	0	0	54399	-1111	3.09516	-1111	8.01227	
1186	733622400	1993	04	01	1	0	0	54524	-1111	3.09516	-1111	8.3408	
1216	736214400	1993	05	01	1	0	0	54668	-1111	3.09516	-1111	8.28106	
1247	738892800	1993	06	01	1	0	0	54769	-1111	3.09516	-1111	8.4048	
1277	741484800	1993	07	01	1	0	0	54899	-1111	3.09516	-1111	8.30971	
1308	744163200	1993	08	01	1	0	0	55014	-1111	3.09516	-1111	8.38417	
1339	746841600	1993	09	01	1	0	0	55145	-1111	3.09516	-1111	8.66721	
1369	749433600	1993	10	01	1	0	0	55251	-1111	3.09516	-1111	9.01135	
1400	752112000	1993	11	01	1	0	0	55397	-1111	3.09516	-1111	9.02886	
1430	754704000	1993	12	01	1	0	0	55519	-1111	3.09516	-1111	8.95423	
1461	757382400	1994	01	01	1	0	0	55623	-1111	3.09516	-1111	8.91272	
1492	760060800	1994	02	01	1	0	0	55753	-1111	4.51566	-1111	8.84439	
1520	762480000	1994	03	01	1	0	0	55849	-1111	4.51566	-1111	8.53091	
1551	765158400	1994	04	01	1	0	0	55943	-1111	4.51566	-1111	8.46783	
1581	767750400	1994	05	01	1	0	0	56066	-1111	4.51566	-1111	8.49702	
1612	770428800	1994	06	01	1	0	0	56181	-1111	4.51566	-1111	8.36521	
1642	773020800	1994	07	01	1	0	0	56284	-1111	4.51566	-1111	8.15712	
1673	775699200	1994	08	01	1	0	0	56411	-1111	4.51566	-1111	8.15369	
1704	778377600	1994	09	01	1	0	0	56550	-1111	4.51566	-1111	7.96246	
1734	780969600	1994	10	01	1	0	0	56683	-1111	4.51566	-1111	8.03375	
1765	783648000	1994	11	01	1	0	0	56834	-1111	4.51566	-1111	7.93255	
1795	786240000	1994	12	01	1	0	0	56980	-1111	4.51566	-1111	7.68949	
1826	788918400	1995	01	01	1	0	0	57113	-1111	4.51566	-1111	7.80781	
1857	791596800	1995	02	01	1	0	0	57252	-1111	4.24121	-1111	8.05649	
1885	794016000	1995	03	01	1	0	0	57365	-1111	4.24121	-1111	7.76777	
1916	796694400	1995	04	01	1	0	0	57512	-1111	4.24121	-1111	7.38628	
1946	799286400	1995	05	01	1	0	0	57644	-1111	4.24121	-1111	6.94282	
1977	801964800	1995	06	01	1	0	0	57786	-1111	4.24121	-1111	7.18188	
2007	804556800	1995	07	01	1	0	0	57885	-1111	4.24121	-1111	7.15584	
2038	807235200	1995	08	01	1	0	0	57993	-1111	4.24121	-1111	7.22638	
2069	809913600	1995	09	01	1	0	0	58136	-1111	4.24121	-1111	7.24175	
2099	812505600	1995	10	01	1	0	0	58236	-1111	4.24121	-1111	7.42998	
2130	815184000	1995	11	01	1	0	0	58367	-1111	4.24121	-1111	7.07605	
2160	817776000	1995	12	01	1	0	0	58515	-1111	4.24121	-1111	7.12424	
2191	820454400	1996	01	01	1	0	0	58665	-1111	4.24121	-1111	7.15164	
2222	823132800	1996	02	01	1	0	0	58822	-1111	3.81938	-1111	7.19798	
2251	825638400	1996	03	01	1	0	0	58939	-1111	3.81938	-1111	7.80562	
2282	828316800	1996	04	01	1	0	0	59073	-1111	3.81938	-1111	8.14147	
2312	830908800	1996	05	01	1	0	0	59220	-1111	3.81938	-1111	7.98962	
2343	833587200	1996	06	01	1	0	0	59339	-1111	3.81938	-1111	7.85627	
2373	836179200	1996	07	01	1	0	0	59456	-1111	3.81938	-1111	7.90627	
2404	838857600	1996	08	01	1	0	0	59579	-1111	3.81938	-1111	7.76511	
2435	841536000	1996	09	01	1	0	0	59711	-1111	3.81938	-1111	8.14794	
2465	844128000	1996	10	01	1	0	0	59840	-1111	3.81938	-1111	8.01142	
2496	846806400	1996	11	01	1	0	0	59984	-1111	3.81938	-1111	8.14409	
2526	849398400	1996	12	01	1	0	0	60120	-1111	3.81938	-1111	8.1108	
2557	852076800	1997	01	01	1	0	0	60269	-1111	3.81938	-1111	7.91321	
2588	854755200	1997	02	01	1	0	0	60383	-1111	4.05795	-1111	7.98245	
2616	857174400	1997	03	01	1	0	0	60511	-1111	4.05795	-1111	7.88136	
2647	859852800	1997	04	01	1	0	0	60649	-1111	4.05795	-1111	7.96086	
2677	862444800	1997	05	01	1	0	0	60801	-1111	4.05795	-1111	8.18418	
2708	865123200	1997	06	01	1	0	0	60944	-1111	4.05795	-1111	8.24865	
2738	867715200	1997	07	01	1	0	0	61054	-1111	4.05795	-1111	8.19684	
2769	870393600	1997	08	01	1	0	0	61180	-1111	4.05795	-1111	8.09374	
2800	873072000	1997	09	01	1	0	0	61313	-1111	4.05795	-1111	8.17636	
2830	875664000	1997	10	01	1	0	0	61461	-1111	4.05795	-1111	8.47363	
2861	878342400	1997	11	01	1	0	0	61608	-1111	4.05795	-1111	8.4254	
2891	880934400	1997	12	01	1	0	0	61750	-1111	4.05795	-1111	8.35427	
2922	883612800	1998	01	01	1	0	0	61878	-1111	4.05795	-1111	8.0735	
2953	886291200	1998	02	01	1	0	0	62000	-1111	4.1763	-1111	8.07122	
2981	888710400	1998	03	01	1	0	0	62126	-1111	4.1763	-1111	7.93804	
3012	891388800	1998	04	01	1	0	0	62269	-1111	4.1763	-1111	7.85882	
3042	893980800	1998	05	01	1	0	0	62416	-1111	4.1763	-1111	7.89021	
3073	896659200	1998	06	01	1	0	0	62550	-1111	4.1763	-1111	7.90864	
3103	899251200	1998	07	01	1	0	0	62705	-1111	4.1763	-1111	7.79763	
3134	901929600	1998	08	01	1	0	0	62841	-1111	4.1763	-1111	7.51741	
3165	904608000	1998	09	01	1	0	0	62971	-1111	4.1763	-1111	7.52351	
3195	907200000	1998	10	01	1	0	0	63112	-1111	4.1763	-1111	7.67453	
3226	909878400	1998	11	01	1	0	0	63262	-1111	4.1763	-1111	8.02444	
3256	912470400	1998	12	01	1	0	0	63417	-1111	4.1763	-1111	8.01028	
3287	915148800	1999	01	01	1	0	0	63592	-1111	4.1763	-1111	8.16175	
3318	917827200	1999	02	01	1	0	0	63726	-1111	3.98896	-1111	7.67312	
3346	920246400	1999	03	01	1	0	0	63841	-1111	3.98896	-1111	7.62091	
3377	922924800	1999	04	01	1	0	0	63977	-1111	3.98896	-1111	7.57779	
3407	925516800	1999	05	01	1	0	0	64129	-1111	3.98896	-1111	7.62854	
3438	928195200	1999	06	01	1	0	0	64264	-1111	3.98896	-1111	7.72103	
3468	930787200	1999	07	01	1	0	0	64411	-1111	3.98896	-1111	7.72718	
3499	933465600	1999	08	01	1	0	0	64548	-1111	3.98896	-1111	7.7102	
3530	936144000	1999	09	01	1	0	0	64695	-1111	3.98896	-1111	7.53566	
3560	938736000	1999	10	01	1	0	0	64820	-1111	3.98896	-1111	7.27501	
3591	941414400	1999	11	01	1	0	0	64958	-1111	3.98896	-1111	7.5361	
3621	944006400	1999	12	01	1	0	0	65124	-1111	3.98896	-1111	7.50427	
3652	946684800	2000	01	01	1	0	0	65239	-1111	3.98896	-1111	7.84044	
3683	949363200	2000	02	01	1	0.6	0.6	65398	-1111	3.86323	-1111	6.73703	
3712	951868800	2000	03	01	1	0.6	0.6	65530	-1111	3.86323	-1111	5.11923	
3743	954547200	2000	04	01	1	0.6	0.6	65678	-1111	3.86323	-1111	4.23865	
3773	957139200	2000	05	01	1	0.6	0.6	65822	-1111	3.86323	-1111	3.59671	
3804	959817600	2000	06	01	1	0.6	0.6	65979	-1111	3.86323	-1111	3.23051	
3834	962409600	2000	07	01	1	0.6	0.6	66138	-1111	3.86323	-1111	2.74825	
3865	965088000	2000	08	01	1	0.6	0.6	66354	-1111	3.86323	-1111	2.55946	
3896	967766400	2000	09	01	1	0.6	0.6	66502	-1111	3.86323	-1111	2.2771	
3926	970358400	2000	10	01	1	0.6	0.6	66652	-1111	3.86323	-1111	2.09502	
3957	973036800	2000	11	01	1	0.6	0.6	66789	-1111	3.86323	-1111	1.81707	
3987	975628800	2000	12	01	1	0.6	0.6	66971	-1111	3.86323	-1111	1.76771	
4018	978307200	2001	01	01	1	0.6	0.6	67144	-1111	3.86323	-1111	1.81314	
4049	980985600	2001	02	01	1	0.6	0.6	67306	-1111	1.90139	-1111	1.65875	
4077	983404800	2001	03	01	1	0.6	0.6	67458	-1111	1.90139	-1111	1.75165	
4108	986083200	2001	04	01	1	0.6	0.6	67612	-1111	1.90139	-1111	1.71733	
4138	988675200	2001	05	01	1	0.6	0.6	67777	-1111	1.90139	-1111	1.64433	
4169	991353600	2001	06	01	1	0.6	0.6	67981	-1111	1.90139	-1111	1.80164	
4199	993945600	2001	07	01	1	0.6	0.6	68121	-1111	1.90139	-1111	2.01661	
4230	996624000	2001	08	01	1	0.6	0.6	68267	-1111	1.90139	-1111	2.00592	
4261	999302400	2001	09	01	1	0.6	0.6	68459	-1111	1.90139	-1111	2.17045	
4291	1001894400	2001	10	01	1	0.6	0.6	68609	-1111	1.90139	-1111	2.47088	
4322	1004572800	2001	11	01	1	0.6	0.6	68773	-1111	1.90139	-1111	2.4095	
4352	1007164800	2001	12	01	1	0.6	0.6	68961	-1111	1.90139	-1111	2.65839	
4383	1009843200	2002	01	01	1	0.6	0.6	69116	-1111	1.90139	-1111	2.79176	
4414	1012521600	2002	02	01	1	0.6	0.6	69271	-1111	1.36938	-1111	3.07611	
4442	1014940800	2002	03	01	1	0.6	0.6	69426	-1111	1.36938	-1111	3.31002	
4473	1017619200	2002	04	01	1	0.6	0.6	69594	-1111	1.36938	-1111	3.59574	
4503	1020211200	2002	05	01	1	0.6	0.6	69762	-1111	1.36938	-1111	3.71359	
4534	1022889600	2002	06	01	1	0.6	0.6	69945	-1111	1.36938	-1111	3.84415	
4564	1025481600	2002	07	01	1	0.6	0.6	70101	-1111	1.36938	-1111	4.10777	
4595	1028160000	2002	08	01	1	0.6	0.6	70258	-1111	1.36938	-1111	4.07261	
4626	1030838400	2002	09	01	1	0.6	0.6	70429	-1111	1.36938	-1111	4.26019	
4656	1033430400	2002	10	01	1	0.6	0.6	70574	-1111	1.36938	-1111	4.38612	
4687	1036108800	2002	11	01	1	0.6	0.6	70726	-1111	1.36938	-1111	4.59166	
4717	1038700800	2002	12	01	1	0.6	0.6	70915	-1111	1.36938	-1111	4.75377	
4748	1041379200	2003	01	01	1	0.6	0.6	71104	-1111	1.36938	-1111	5.22583	
4779	1044057600	2003	02	01	1	0.6	0.6	71282	-1111	2.63486	-1111	5.47348	
4807	1046476800	2003	03	01	1	0.6	0.6	71429	-1111	2.63486	-1111	5.18623	
4838	1049155200	2003	04	01	1	0.6	0.6	71606	-1111	2.63486	-1111	5.21279	
4868	1051747200	2003	05	01	1	0.6	0.6	71776	-1111	2.63486	-1111	5.46384	
4899	1054425600	2003	06	01	1	0.6	0.6	71942	-1111	2.63486	-1111	5.37262	
4929	1057017600	2003	07	01	1	0.6	0.6	72087	-1111	2.63486	-1111	5.37526	
4960	1059696000	2003	08	01	1	0.6	0.6	72238	-1111	2.63486	-1111	5.34879	
4991	1062374400	2003	09	01	1	0.6	0.6	72404	-1111	2.63486	-1111	5.42175	
5021	1064966400	2003	10	01	1	0.6	0.6	72564	-1111	2.63486	-1111	5.29867	
5052	1067644800	2003	11	01	1	0.6	0.6	72733	-1111	2.63486	-1111	5.20943	
5082	1070236800	2003	12	01	1	0.6	0.6	72890	-1111	2.63486	-1111	5.08605	
5113	1072915200	2004	01	01	1	0.6	0.6	73075	-1111	2.63486	-1111	5.01179	
5144	1075593600	2004	02	01	1	0.6	0.6	73246	-1111	3.22264	-1111	4.95537	
5173	1078099200	2004	03	01	1	0.6	0.6	73404	-1111	3.22264	-1111	5.06357	
5204	1080777600	2004	04	01	1	0.6	0.6	73598	-1111	3.22264	-1111	4.86836	
5234	1083369600	2004	05	01	1	0.6	0.6	73757	-1111	3.22264	-1111	5.06267	
5265	1086048000	2004	06	01	1	0.6	0.6	73931	-1111	3.22264	-1111	5.16952	
5295	1088640000	2004	07	01	1	0.6	0.6	74104	-1111	3.22264	-1111	5.01456	
5326	1091318400	2004	08	01	1	0.6	0.6	74298	-1111	3.22264	-1111	4.85693	
5357	1093996800	2004	09	01	1	0.6	0.6	74472	-1111	3.22264	-1111	4.69169	
5387	1096588800	2004	10	01	1	0.6	0.6	74656	-1111	3.22264	-1111	4.78635	
5418	1099267200	2004	11	01	1	0.6	0.6	74801	-1111	3.22264	-1111	4.705	
5448	1101859200	2004	12	01	1	0.6	0.6	74950	-1111	3.22264	-1111	4.68426	
5479	1104537600	2005	01	01	1	0.6	0.6	75145	-1111	3.22264	-1111	4.88024	
5510	1107216000	2005	02	01	1	0.6	0.6	75317	-1111	2.95526	-1111	4.34049	
5538	1109635200	2005	03	01	1	0.6	0.6	75462	-1111	2.95526	-1111	4.25151	
5569	1112313600	2005	04	01	1	0.6	0.6	75639	-1111	2.95526	-1111	3.80743	
5599	1114905600	2005	05	01	1	0.6	0.6	75804	-1111	2.95526	-1111	3.63864	
5630	1117584000	2005	06	01	1	0.6	0.6	76007	-1111	2.95526	-1111	3.20125	
5660	1120176000	2005	07	01	1	0.6	0.6	76183	-1111	2.95526	-1111	3.17948	
5691	1122854400	2005	08	01	1	0.6	0.6	76358	-1111	2.95526	-1111	3.05391	
5722	1125532800	2005	09	01	1	0.6	0.6	76541	-1111	2.95526	-1111	2.81836	
5752	1128124800	2005	10	01	1	0.6	0.6	76678	-1111	2.95526	-1111	2.55999	
5783	1130803200	2005	11	01	1	0.6	0.6	76836	-1111	2.95526	-1111	2.48659	
5813	1133395200	2005	12	01	1	0.6	0.6	77045	-1111	2.95526	-1111	2.57838	
5844	1136073600	2006	01	01	1	0.6	0.6	77248	-1111	2.95526	-1111	2.57478	
5875	1138752000	2006	02	01	1	0.6	0.6	77421	-1111	2.02779	-1111	2.63859	
5903	1141171200	2006	03	01	1	0.6	0.6	77626	-1111	2.02779	-1111	2.68446	
5934	1143849600	2006	04	01	1	0.6	0.6	77809	-1111	2.02779	-1111	2.5931	
5964	1146441600	2006	05	01	1	0.6	0.6	77982	-1111	2.02779	-1111	2.51742	
5995	1149120000	2006	06	01	1	0.6	0.6	78142	-1111	2.02779	-1111	2.61116	
6025	1151712000	2006	07	01	1	0.6	0.6	78295	-1111	2.02779	-1111	2.73412	
6056	1154390400	2006	08	01	1	0.6	0.6	78476	-1111	2.02779	-1111	2.89067	
6087	1157068800	2006	09	01	1	0.6	0.6	78667	-1111	2.02779	-1111	3.06502	
6117	1159660800	2006	10	01	1	0.6	0.6	78836	-1111	2.02779	-1111	2.85657	
6148	1162339200	2006	11	01	1	0.6	0.6	79020	-1111	2.02779	-1111	2.97084	
6178	1164931200	2006	12	01	1	0.6	0.6	79214	-1111	2.02779	-1111	3.29193	
6209	1167609600	2007	01	01	1	0.6	0.6	79420	-1111	2.02779	-1111	3.43627	
6240	1170288000	2007	02	01	1	0.6	0.6	79611	-1111	1.82651	-1111	3.78183	
6268	1172707200	2007	03	01	1	0.6	0.6	79772	-1111	1.82651	-1111	3.95382	
6299	1175385600	2007	04	01	1	0.6	0.6	79990	-1111	1.82651	-1111	4.12218	
6329	1177977600	2007	05	01	1	0.6	0.6	80171	-1111	1.82651	-1111	4.19915	
6360	1180656000	2007	06	01	1	0.6	0.6	80385	-1111	1.82651	-1111	4.48245	
6390	1183248000	2007	07	01	1	0.6	0.6	80593	-1111	1.82651	-1111	4.71268	
6421	1185926400	2007	08	01	1	0.6	0.6	80770	-1111	1.82651	-1111	4.96409	
6452	1188604800	2007	09	01	1	0.6	0.6	81005	-1111	1.82651	-1111	4.99196	
6482	1191196800	2007	10	01	1	0.6	0.6	81177	-1111	1.82651	-1111	5.14631	
6513	1193875200	2007	11	01	1	0.6	0.6	81357	-1111	1.82651	-1111	5.52481	
6543	1196467200	2007	12	01	1	0.6	0.6	81585	-1111	1.82651	-1111	5.51307	
6574	1199145600	2008	01	01	1	0.6	0.6	81771	-1111	1.82651	-1111	5.83353	
6605	1201824000	2008	02	01	1	0.6	0.6	81967	-1111	2.82121	-1111	5.98278	
6634	1204329600	2008	03	01	1	0.6	0.6	82144	-1111	2.82121	-1111	5.95198	
6665	1207008000	2008	04	01	1	0.6	0.6	82339	-1111	2.82121	-1111	6.04974	
6695	1209600000	2008	05	01	1	0.6	0.6	82516	-1111	2.82121	-1111	6.04585	
6726	1212278400	2008	06	01	1	0.6	0.6	82720	-1111	2.82121	-1111	6.15575	
6756	1214870400	2008	07	01	1	0.6	0.6	82926	-1111	2.82121	-1111	6.14807	
6787	1217548800	2008	08	01	1	0.6	0.6	83112	-1111	2.82121	-1111	6.15217	
6818	1220227200	2008	09	01	1	0.6	0.6	83301	-1111	2.82121	-1111	6.12177	
6848	1222819200	2008	10	01	1	0.6	0.6	83491	-1111	2.82121	-1111	6.29278	
6879	1225497600	2008	11	01	1	0.6	0.6	83703	-1111	2.82121	-1111	6.38568	
6909	1228089600	2008	12	01	1	0.6	0.6	83898	-1111	2.82121	-1111	6.26703	
6940	1230768000	2009	01	01	1	0.6	0.6	84082	-1111	2.82121	-1111	6.00243	
6971	1233446400	2009	02	01	1	0.6	0.6	84285	-1111	3.46709	-1111	5.78987	
6999	1235865600	2009	03	01	1	0.6	0.6	84450	-1111	3.46709	-1111	5.79036	
7030	1238544000	2009	04	01	1	0.6	0.6	84672	-1111	3.46709	-1111	5.92768	
7060	1241136000	2009	05	01	1	0.6	0.6	84867	-1111	3.46709	-1111	5.79784	
7091	1243814400	2009	06	01	1	0.6	0.6	85083	-1111	3.46709	-1111	5.67127	
7121	1246406400	2009	07	01	1	0.6	0.6	85254	-1111	3.46709	-1111	5.72639	
7152	1249084800	2009	08	01	1	0.6	0.6	85460	-1111	3.46709	-1111	5.88965	
7183	1251763200	2009	09	01	1	0.6	0.6	85691	-1111	3.46709	-1111	5.75569	
7213	1254355200	2009	10	01	1	0.6	0.6	85861	-1111	3.46709	-1111	5.52718	
7244	1257033600	2009	11	01	1	0.6	0.6	86070	-1111	3.46709	-1111	5.43577	
7274	1259625600	2009	12	01	1	0.6	0.6	86274	-1111	3.46709	-1111	5.86635	
7305	1262304000	2010	01	01	1	0.6	0.6	86486	-1111	3.46709	-1111	5.90394	
7336	1264982400	2010	02	01	1	0.6	0.6	86713	-1111	3.183	-1111	4.92566	
7364	1267401600	2010	03	01	1	0.6	0.6	86907	-1111	3.183	-1111	4.08816	
7395	1270080000	2010	04	01	1	0.6	0.6	87128	-1111	3.183	-1111	3.81765	
7425	1272672000	2010	05	01	1	0.6	0.6	87325	-1111	3.183	-1111	3.52693	
7456	1275350400	2010	06	01	1	0.6	0.6	87515	-1111	3.183	-1111	3.34823	
7486	1277942400	2010	07	01	1	0.6	0.6	87705	-1111	3.183	-1111	3.10786	
7517	1280620800	2010	08	01	1	0.6	0.6	87919	-1111	3.183	-1111	3.002	
7548	1283299200	2010	09	01	1	0.6	0.6	88113	-1111	3.183	-1111	3.05466	
7578	1285891200	2010	10	01	1	0.6	0.6	88345	-1111	3.183	-1111	2.8056	
7609	1288569600	2010	11	01	1	0.6	0.6	88534	-1111	3.183	-1111	2.68839	
7639	1291161600	2010	12	01	1	0.6	0.6	88727	-1111	3.183	-1111	2.68448	
7670	1293840000	2011	01	01	1	0.6	0.6	88958	-1111	3.183	-1111	2.74105	
7701	1296518400	2011	02	01	1	0.6	0.6	89196	-1111	2.06067	-1111	2.68174	
7729	1298937600	2011	03	01	1	0.6	0.6	89388	-1111	2.06067	-1111	2.69017	
7760	1301616000	2011	04	01	1	0.6	0.6	89597	-1111	2.06067	-1111	2.7739	
7790	1304208000	2011	05	01	1	0.6	0.6	89802	-1111	2.06067	-1111	2.5978	
7821	1306886400	2011	06	01	1	0.6	0.6	90039	-1111	2.06067	-1111	2.75584	
7851	1309478400	2011	07	01	1	0.6	0.6	90258	-1111	2.06067	-1111	2.57511	
7882	1312156800	2011	08	01	1	0.6	0.6	90458	-1111	2.06067	-1111	2.73196	
7913	1314835200	2011	09	01	1	0.6	0.6	90692	-1111	2.06067	-1111	2.78616	
7943	1317427200	2011	10	01	1	0.6	0.6	90901	-1111	2.06067	-1111	2.95713	
7974	1320105600	2011	11	01	1	0.6	0.6	91101	-1111	2.06067	-1111	2.91104	
8004	1322697600	2011	12	01	1	0.6	0.6	91307	-1111	2.06067	-1111	3.31236	
8035	1325376000	2012	01	01	1	0.6	0.6	91527	-1111	2.06067	-1111	3.36834	
8066	1328054400	2012	02	01	1	0.6	0.6	91713	-1111	1.80642	-1111	3.34936	
8095	1330560000	2012	03	01	1	0.6	0.6	91890	-1111	1.80642	-1111	3.29414	
8126	1333238400	2012	04	01	1	0.6	0.6	92108	-1111	1.80642	-1111	3.18334	
8156	1335830400	2012	05	01	1	0.6	0.6	92322	-1111	1.80642	-1111	3.29912	
8187	1338508800	2012	06	01	1	0.6	0.6	92576	-1111	1.80642	-1111	3.52077	
8217	1341100800	2012	07	01	1	0.6	0.6	92818	-1111	1.80642	-1111	3.54374	
8248	1343779200	2012	08	01	1	0.6	0.6	93052	-1111	1.80642	-1111	3.72968	
8279	1346457600	2012	09	01	1	0.6	0.6	93280	-1111	1.80642	-1111	3.55988	
8309	1349049600	2012	10	01	1	0.6	0.6	93471	-1111	1.80642	-1111	3.78851	
8340	1351728000	2012	11	01	1	0.6	0.6	93707	-1111	1.80642	-1111	3.83619	
8370	1354320000	2012	12	01	1	0.6	0.6	93914	-1111	1.80642	-1111	3.81246	
8401	1356998400	2013	01	01	1	0.6	0.6	94173	-1111	1.80642	-1111	3.98153	
8432	1359676800	2013	02	01	1	0.6	0.6	94380	-1111	2.29065	-1111	3.87231	
8460	1362096000	2013	03	01	1	0.6	0.6	94589	-1111	2.29065	-1111	4.18322	
8491	1364774400	2013	04	01	1	0.6	0.6	94836	-1111	2.29065	-1111	4.38676	
8521	1367366400	2013	05	01	1	0.6	0.6	95061	-1111	2.29065	-1111	4.31361	
8552	1370044800	2013	06	01	1	0.6	0.6	95302	-1111	2.29065	-1111	4.08004	
8582	1372636800	2013	07	01	1	0.6	0.6	95530	-1111	2.29065	-1111	4.07017	
8613	1375315200	2013	08	01	1	0.6	0.6	95792	-1111	2.29065	-1111	4.08656	
8644	1377993600	2013	09	01	1	0.6	0.6	96028	-1111	2.29065	-1111	4.26817	
8674	1380585600	2013	10	01	1	0.6	0.6	96266	-1111	2.29065	-1111	4.23618	
8705	1383264000	2013	11	01	1	0.6	0.6	96485	-1111	2.29065	-1111	4.02843	
8735	1385856000	2013	12	01	1	0.6	0.6	96700	-1111	2.29065	-1111	4.1261	
8766	1388534400	2014	01	01	1	0.6	0.6	96936	-1111	2.29065	-1111	4.17663	
8797	1391212800	2014	02	01	1	0.6	0.6	97135	-1111	2.61108	-1111	4.15403	
8825	1393632000	2014	03	01	1	0.6	0.6	97341	-1111	2.61108	-1111	4.17155	
8856	1396310400	2014	04	01	1	0.6	0.6	97558	-1111	2.61108	-1111	4.0404	
8886	1398902400	2014	05	01	1	0.6	0.6	97748	-1111	2.61108	-1111	4.04369	
8917	1401580800	2014	06	01	1	0.6	0.6	97971	-1111	2.61108	-1111	3.95053	
8947	1404172800	2014	07	01	1	0.6	0.6	98195	-1111	2.61108	-1111	3.91797	
8978	1406851200	2014	08	01	1	0.6	0.6	98440	-1111	2.61108	-1111	3.99857	
9009	1409529600	2014	09	01	1	0.6	0.6	98698	-1111	2.61108	-1111	4.11258	
9039	1412121600	2014	10	01	1	0.6	0.6	98914	-1111	2.61108	-1111	4.07654	
9070	1414800000	2014	11	01	1	0.6	0.6	99130	-1111	2.61108	-1111	4.08566	
9100	1417392000	2014	12	01	1	0.6	0.6	99359	-1111	2.61108	-1111	3.99149	
9131	1420070400	2015	01	01	1	0.6	0.6	99600	-1111	2.61108	-1111	4.00471	
9162	1422748800	2015	02	01	1	0.6	0.6	99828	-1111	2.56343	-1111	4.11018	
9190	1425168000	2015	03	01	1	0.6	0.6	100042	-1111	2.56343	-1111	4.12823	
9221	1427846400	2015	04	01	1	0.6	0.6	100317	-1111	2.56343	-1111	4.37344	
9251	1430438400	2015	05	01	1	0.6	0.6	100529	-1111	2.56343	-1111	4.3299	
9282	1433116800	2015	06	01	1	0.6	0.6	100770	-1111	2.56343	-1111	4.63944	
9312	1435708800	2015	07	01	1	0.6	0.6	100988	-1111	2.56343	-1111	4.68013	
9343	1438387200	2015	08	01	1	0.6	0.6	101210	-1111	2.56343	-1111	4.82777	
9374	1441065600	2015	09	01	1	0.6	0.6	101442	-1111	2.56343	-1111	4.93063	
9404	1443657600	2015	10	01	1	0.6	0.6	101710	-1111	2.56343	-1111	5.04501	
9435	1446336000	2015	11	01	1	0.6	0.6	101955	-1111	2.56343	-1111	4.97575	
9465	1448928000	2015	12	01	1	0.6	0.6	102194	-1111	2.56343	-1111	5.0019	
9496	1451606400	2016	01	01	1	0.6	0.6	102409	-1111	2.56343	-1111	5.22159	
9527	1454284800	2016	02	01	1	0.6	0.6	102644	-1111	2.80987	-1111	5.00247	
9556	1456790400	2016	03	01	1	0.6	0.6	102872	-1111	2.80987	-1111	5.00359	
9587	1459468800	2016	04	01	1	0.6	0.6	103069	-1111	2.80987	-1111	4.83956	
9617	1462060800	2016	05	01	1	0.6	0.6	103311	-1111	2.80987	-1111	4.85938	
9648	1464739200	2016	06	01	1	0.6	0.6	103539	-1111	2.80987	-1111	4.76155	
9678	1467331200	2016	07	01	1	0.6	0.6	103776	-1111	2.80987	-1111	4.75779	
9709	1470009600	2016	08	01	1	0.6	0.6	103971	-1111	2.80987	-1111	4.99362	
9740	1472688000	2016	09	01	1	0.6	0.6	104238	-1111	2.80987	-1111	4.94838	
9770	1475280000	2016	10	01	1	0.6	0.6	104474	-1111	2.80987	-1111	5.05371	
9801	1477958400	2016	11	01	1	0.6	0.6	104725	-1111	2.80987	-1111	4.85101	
9831	1480550400	2016	12	01	1	0.6	0.6	104977	-1111	2.80987	-1111	4.67078	
9862	1483228800	2017	01	01	1	0.6	0.6	105182	-1111	2.80987	-1111	4.57461	
9893	1485907200	2017	02	01	1	0.6	0.6	105409	-1111	2.94501	-1111	4.47601	
9921	1488326400	2017	03	01	1	0.6	0.6	105640	-1111	2.94501	-1111	4.27363	
9952	1491004800	2017	04	01	1	0.6	0.6	105864	-1111	2.94501	-1111	4.31549	
9982	1493596800	2017	05	01	1	0.6	0.6	106130	-1111	2.94501	-1111	4.41701	
10013	1496275200	2017	06	01	1	0.6	0.6	106386	-1111	2.94501	-1111	4.37251	
10043	1498867200	2017	07	01	1	0.6	0.6	106669	-1111	2.94501	-1111	4.45208	
10074	1501545600	2017	08	01	1	0.6	0.6	106911	-1111	2.94501	-1111	4.30516	
10105	1504224000	2017	09	01	1	0.6	0.6	107148	-1111	2.94501	-1111	4.41605	
10135	1506816000	2017	10	01	1	0.6	0.6	107387	-1111	2.94501	-1111	4.45696	
10166	1509494400	2017	11	01	1	0.6	0.6	107705	-1111	2.94501	-1111	4.60457	
10196	1512086400	2017	12	01	1	0.6	0.6	107948	-1111	2.94501	-1111	4.74263	
10227	1514764800	2018	01	01	1	0.6	0.6	108219	-1111	2.94501	-1111	4.71688	
10258	1517443200	2018	02	01	1	0.6	0.6	108489	-1111	2.69635	-1111	4.60702	
10286	1519862400	2018	03	01	1	0.6	0.6	108730	-1111	2.69635	-1111	4.76379	
10317	1522540800	2018	04	01	1	0.6	0.6	109005	-1111	2.69635	-1111	4.83524	
10347	1525132800	2018	05	01	1	0.6	0.6	109270	-1111	2.69635	-1111	4.75373	
10378	1527811200	2018	06	01	1	0.6	0.6	109477	-1111	2.69635	-1111	4.67874	
10408	1530403200	2018	07	01	1	0.6	0.6	109741	-1111	2.69635	-1111	4.6105	
10439	1533081600	2018	08	01	1	0.6	0.6	109998	-1111	2.69635	-1111	4.5461	
10470	1535760000	2018	09	01	1	0.6	0.6	110244	-1111	2.69635	-1111	4.67579	
10500	1538352000	2018	10	01	1	0.6	0.6	110501	-1111	2.69635	-1111	4.55319	
10531	1541030400	2018	11	01	1	0.6	0.6	110771	-1111	2.69635	-1111	4.68424	
10561	1543622400	2018	12	01	1	0.6	0.6	111013	-1111	2.69635	-1111	4.69915	
10592	1546300800	2019	01	01	1	0.6	0.6	111261	-1111	2.69635	-1111	4.92995	
10623	1548979200	2019	02	01	1	0.6	0.6	111536	-1111	2.80931	-1111	5.08068	
10651	1551398400	2019	03	01	1	0.6	0.6	111770	-1111	2.80931	-1111	5.13037	
10682	1554076800	2019	04	01	1	0.6	0.6	112016	-1111	2.80931	-1111	5.13018	
10712	1556668800	2019	05	01	1	0.6	0.6	112281	-1111	2.80931	-1111	4.97359	
10743	1559347200	2019	06	01	1	0.6	0.6	112568	-1111	2.80931	-1111	5.01867	
10773	1561939200	2019	07	01	1	0.6	0.6	112819	-1111	2.80931	-1111	5.04783	
10804	1564617600	2019	08	01	1	0.6	0.6	113116	-1111	2.80931	-1111	5.01614	
10835	1567296000	2019	09	01	1	0.6	0.6	113388	-1111	2.80931	-1111	5.0194	
10865	1569888000	2019	10	01	1	0.6	0.6	113660	-1111	2.80931	-1111	4.91027	
10896	1572566400	2019	11	01	1	0.6	0.6	113917	-1111	2.80931	-1111	5.00879	
10926	1575158400	2019	12	01	1	0.6	0.6	114193	-1111	2.80931	-1111	4.99931	
10957	1577836800	2020	01	01	1	0.6	0.6	114451	-1111	2.80931	-1111	5.01286	
10988	1580515200	2020	02	01	1	0.6	0.6	114732	-1111	2.91076	-1111	5.10403	
11017	1583020800	2020	03	01	1	0.6	0.6	114956	-1111	2.91076	-1111	5.35927	
11048	1585699200	2020	04	01	1	0.6	0.6	115244	-1111	2.91076	-1111	5.45467	
11078	1588291200	2020	05	01	1	0.6	0.6	115476	-1111	2.91076	-1111	5.62602	
11109	1590969600	2020	06	01	1	0.6	0.6	115793	-1111	2.91076	-1111	5.8947	
11139	1593561600	2020	07	01	1	0.6	0.6	116094	-1111	2.91076	-1111	5.81987	
11170	1596240000	2020	08	01	1	0.6	0.6	116373	-1111	2.91076	-1111	5.72554	
11201	1598918400	2020	09	01	1	0.6	0.6	116660	-1111	2.91076	-1111	6.05582	
11231	1601510400	2020	10	01	1	0.6	0.6	116918	-1111	2.91076	-1111	5.90543	
11262	1604188800	2020	11	01	1	0.6	0.6	117179	-1111	2.91076	-1111	6.06091	
11292	1606780800	2020	12	01	1	0.6	0.6	117439	-1111	2.91076	-1111	6.20531	
11323	1609459200	2021	01	01	1	0.6	0.6	117727	-1111	2.91076	-1111	6.16955	
11354	1612137600	2021	02	01	1	0.6	0.6	117993	-1111	3.23469	-1111	6.03529	
11382	1614556800	2021	03	01	1	0.6	0.6	118263	-1111	3.23469	-1111	5.7514	
11413	1617235200	2021	04	01	1	0.6	0.6	118554	-1111	3.23469	-1111	5.62792	
11443	1619827200	2021	05	01	1	0.6	0.6	118819	-1111	3.23469	-1111	5.66412	
11474	1622505600	2021	06	01	1	0.6	0.6	119077	-1111	3.23469	-1111	5.60717	
11504	1625097600	2021	07	01	1	0.6	0.6	119378	-1111	3.23469	-1111	5.56997	
11535	1627776000	2021	08	01	1	0.6	0.6	119682	-1111	3.23469	-1111	5.68052	
11566	1630454400	2021	09	01	1	0.6	0.6	119969	-1111	3.23469	-1111	5.54359	
11596	1633046400	2021	10	01	1	0.6	0.6	120259	-1111	3.23469	-1111	5.41306	
11627	1635724800	2021	11	01	1	0.6	0.6	120587	-1111	3.23469	-1111	5.31424	
11657	1638316800	2021	12	01	1	0.6	0.6	120837	-1111	3.23469	-1111	5.13742	
11688	1640995200	2022	01	01	1	0.6	0.6	121110	-1111	3.23469	-1111	5.31348	
11719	1643673600	2022	02	01	1	0.6	0.6	121419	-1111	3.05115	-1111	5.37673	
11747	1646092800	2022	03	01	1	0.6	0.6	121671	-1111	3.05115	-1111	5.59026	
11778	1648771200	2022	04	01	1	0.6	0.6	121966	-1111	3.05115	-1111	5.67733	
11808	1651363200	2022	05	01	1	0.6	0.6	122237	-1111	3.05115	-1111	5.35285	
11839	1654041600	2022	06	01	1	0.6	0.6	122514	-1111	3.05115	-1111	5.21326	
11869	1656633600	2022	07	01	1	0.6	0.6	122829	-1111	3.05115	-1111	5.20687	
11900	1659312000	2022	08	01	1	0.6	0.6	123151	-1111	3.05115	-1111	5.11567	
11931	1661990400	2022	09	01	1	0.6	0.6	123445	-1111	3.05115	-1111	5.29548	
11961	1664582400	2022	10	01	1	0.6	0.6	123724	-1111	3.05115	-1111	5.26067	
11992	1667260800	2022	11	01	1	0.6	0.6	124005	-1111	3.05115	-1111	5.41068	
12022	1669852800	2022	12	01	1	0.6	0.6	124298	-1111	3.05115	-1111	5.39003	
12053	1672531200	2023	01	01	1	0.6	0.6	124587	-1111	3.05115	-1111	5.40125	
12084	1675209600	2023	02	01	1	0.6	0.6	124874	-1111	2.93225	-1111	5.37127	
12112	1677628800	2023	03	01	1	0.6	0.6	125154	-1111	2.93225	-1111	5.40541	
12143	1680307200	2023	04	01	1	0.6	0.6	125467	-1111	2.93225	-1111	5.2625	
12173	1682899200	2023	05	01	1	0.6	0.6	125716	-1111	2.93225	-1111	5.2104	
12204	1685577600	2023	06	01	1	0.6	0.6	126019	-1111	2.93225	-1111	5.35537	
12234	1688169600	2023	07	01	1	0.6	0.6	126293	-1111	2.93225	-1111	5.24557	
12265	1690848000	2023	08	01	1	0.6	0.6	126574	-1111	2.93225	-1111	5.19805	
12296	1693526400	2023	09	01	1	0.6	0.6	126876	-1111	2.93225	-1111	5.27709	
12326	1696118400	2023	10	01	1	0.6	0.6	127186	-1111	2.93225	-1111	5.20939	
12357	1698796800	2023	11	01	1	0.6	0.6	127513	-1111	2.93225	-1111	5.14726	
12387	1701388800	2023	12	01	1	0.6	0.6	127794	-1111	2.93225	-1111	5.22654	
12418	1704067200	2024	01	01	1	0.6	0.6	128129	-1111	2.93225	-1111	5.33252	
12449	1706745600	2024	02	01	1	0.6	0.6	128448	-1111	2.90178	-1111	5.20472	
12478	1709251200	2024	03	01	1	0.6	0.6	128717	-1111	2.90178	-1111	5.29049	
12509	1711929600	2024	04	01	1	0.6	0.6	129034	-1111	2.90178	-1111	5.43169	
12539	1714521600	2024	05	01	1	0.6	0.6	129367	-1111	2.90178	-1111	5.40459	
12570	1717200000	2024	06	01	1	0.6	0.6	129670	-1111	2.90178	-1111	5.36447	
12600	1719792000	2024	07	01	1	0.6	0.6	129941	-1111	2.90178	-1111	5.35521	
12631	1722470400	2024	08	01	1	0.6	0.6	130256	-1111	2.90178	-1111	5.21791	
12662	1725148800	2024	09	01	1	0.6	0.6	130577	-1111	2.90178	-1111	5.1555	
12692	1727740800	2024	10	01	1	0.6	0.6	130883	-1111	2.90178	-1111	5.1375	
12723	1730419200	2024	11	01	1	0.6	0.6	131209	-1111	2.90178	-1111	5.26505	
12753	1733011200	2024	12	01	1	0.6	0.6	131515	-1111	2.90178	-1111	5.32626	
12784	1735689600	2025	01	01	1	0.6	0.6	131853	-1111	2.90178	-1111	5.21038	
12815	1738368000	2025	02	01	1	0.6	0.6	132154	-1111	2.94783	-1111	4.59265	
12843	1740787200	2025	03	01	1	0.6	0.6	132408	-1111	2.94783	-1111	3.97206	
12874	1743465600	2025	04	01	1	0.6	0.6	132741	-1111	2.94783	-1111	3.82369	
12904	1746057600	2025	05	01	1	0.6	0.6	133007	-1111	2.94783	-1111	3.54599	
12935	1748736000	2025	06	01	1	0.6	0.6	133318	-1111	2.94783	-1111	3.37497	
12965	1751328000	2025	07	01	1	0.6	0.6	133607	-1111	2.94783	-1111	3.18579	
12996	1754006400	2025	08	01	1	0.6	0.6	133900	-1111	2.94783	-1111	2.97047	
13027	1756684800	2025	09	01	1	0.6	0.6	134211	-1111	2.94783	-1111	2.82199	
13057	1759276800	2025	10	01	1	0.6	0.6	134541	-1111	2.94783	-1111	2.84127	
13088	1761955200	2025	11	01	1	0.6	0.6	134854	-1111	2.94783	-1111	2.83454	
13118	1764547200	2025	12	01	1	0.6	0.6	135137	-1111	2.94783	-1111	2.71412	
13149	1767225600	2026	01	01	1	0.6	0.6	135453	-1111	2.94783	-1111	2.75854	
13180	1769904000	2026	02	01	1	0.6	0.6	135747	-1111	2.06092	-1111	2.77922	
13208	1772323200	2026	03	01	1	0.6	0.6	136005	-1111	2.06092	-1111	2.74268	
13239	1775001600	2026	04	01	1	0.6	0.6	136303	-1111	2.06092	-1111	2.925	
13269	1777593600	2026	05	01	1	0.6	0.6	136628	-1111	2.06092	-1111	2.93673	
13300	1780272000	2026	06	01	1	0.6	0.6	136954	-1111	2.06092	-1111	3.0605	
13330	1782864000	2026	07	01	1	0.6	0.6	137264	-1111	2.06092	-1111	3.21325	
13361	1785542400	2026	08	01	1	0.6	0.6	137576	-1111	2.06092	-1111	3.15313	
13392	1788220800	2026	09	01	1	0.6	0.6	137899	-1111	2.06092	-1111	3.08009	
13422	1790812800	2026	10	01	1	0.6	0.6	138168	-1111	2.06092	-1111	3.20383	
13453	1793491200	2026	11	01	1	0.6	0.6	138545	-1111	2.06092	-1111	3.11131	
13483	1796083200	2026	12	01	1	0.6	0.6	138875	-1111	2.06092	-1111	3.14811	
13514	1798761600	2027	01	01	1	0.6	0.6	139223	-1111	2.06092	-1111	3.38628	
13545	1801440000	2027	02	01	1	0.6	0.6	139546	-1111	1.91833	-1111	3.45414	
13573	1803859200	2027	03	01	1	0.6	0.6	139831	-1111	1.91833	-1111	3.6699	
13604	1806537600	2027	04	01	1	0.6	0.6	140144	-1111	1.91833	-1111	3.54816	
13634	1809129600	2027	05	01	1	0.6	0.6	140471	-1111	1.91833	-1111	3.6666	
13665	1811808000	2027	06	01	1	0.6	0.6	140759	-1111	1.91833	-1111	3.69133	
13695	1814400000	2027	07	01	1	0.6	0.6	141090	-1111	1.91833	-1111	3.77442	
13726	1817078400	2027	08	01	1	0.6	0.6	141384	-1111	1.91833	-1111	3.715	
13757	1819756800	2027	09	01	1	0.6	0.6	141723	-1111	1.91833	-1111	3.78761	
13787	1822348800	2027	10	01	1	0.6	0.6	142072	-1111	1.91833	-1111	3.75751	
13818	1825027200	2027	11	01	1	0.6	0.6	142387	-1111	1.91833	-1111	3.92045	
13848	1827619200	2027	12	01	1	0.6	0.6	142689	-1111	1.91833	-1111	4.07869	
13879	1830297600	2028	01	01	1	0.6	0.6	143034	-1111	1.91833	-1111	4.17073	
13910	1832976000	2028	02	01	1	0.6	0.6	143332	-1111	2.41128	-1111	4.11537	
13939	1835481600	2028	03	01	1	0.6	0.6	143657	-1111	2.41128	-1111	4.10071	
13970	1838160000	2028	04	01	1	0.6	0.6	143957	-1111	2.41128	-1111	4.10516	
14000	1840752000	2028	05	01	1	0.6	0.6	144289	-1111	2.41128	-1111	4.18761	
14031	1843430400	2028	06	01	1	0.6	0.6	144669	-1111	2.41128	-1111	4.02456	
14061	1846022400	2028	07	01	1	0.6	0.6	144993	-1111	2.41128	-1111	4.22253	
14092	1848700800	2028	08	01	1	0.6	0.6	145362	-1111	2.41128	-1111	4.1343	
14123	1851379200	2028	09	01	1	0.6	0.6	145672	-1111	2.41128	-1111	4.25453	
14153	1853971200	2028	10	01	1	0.6	0.6	146017	-1111	2.41128	-1111	4.17032	
14184	1856649600	2028	11	01	1	0.6	0.6	146335	-1111	2.41128	-1111	4.26215	
14214	1859241600	2028	12	01	1	0.6	0.6	146644	-1111	2.41128	-1111	4.18365	
14245	1861920000	2029	01	01	1	0.6	0.6	146997	-1111	2.41128	-1111	4.05837	
14276	1864598400	2029	02	01	1	0.6	0.6	147309	-1111	2.64391	-1111	4.06588	
14304	1867017600	2029	03	01	1	0.6	0.6	147612	-1111	2.64391	-1111	3.96274	
14335	1869696000	2029	04	01	1	0.6	0.6	147965	-1111	2.64391	-1111	3.99727	
14365	1872288000	2029	05	01	1	0.6	0.6	148318	-1111	2.64391	-1111	3.95424	
14396	1874966400	2029	06	01	1	0.6	0.6	148682	-1111	2.64391	-1111	3.9556	
14426	1877558400	2029	07	01	1	0.6	0.6	149050	-1111	2.64391	-1111	3.9529	
14457	1880236800	2029	08	01	1	0.6	0.6	149386	-1111	2.64391	-1111	4.01376	
14488	1882915200	2029	09	01	1	0.6	0.6	149726	-1111	2.64391	-1111	3.88733	
14518	1885507200	2029	10	01	1	0.6	0.6	150052	-1111	2.64391	-1111	3.85044	
14549	1888185600	2029	11	01	1	0.6	0.6	150435	-1111	2.64391	-1111	3.78974	
14579	1890777600	2029	12	01	1	0.6	0.6	150815	-1111	2.64391	-1111	3.93012	
14610	1893456000	2030	01	01	1	0.6	0.6	151193	-1111	2.64391	-1111	4.01493	
