0	631152000	1990	01	01	1	0.6	0.5	50000	-1111	0	-1111	4.70614	
31	633830400	1990	02	01	1	0	0	50089	-1111	0	-1111	11.7289	
59	636249600	1990	03	01	1	0	0	50182	-1111	0	-1111	14.59	
90	638928000	1990	04	01	1	0	0	50286	-1111	0	-1111	14.7204	
120	641520000	1990	05	01	1	0	0	50386	-1111	0	-1111	17.0624	
151	644198400	1990	06	01	1	0	0	50496	-1111	0	-1111	18.2693	
181	646790400	1990	07	01	1	0	0	50592	-1111	0	-1111	19.2207	
212	649468800	1990	08	01	1	0	0	50701	-1111	0	-1111	19.8203	
243	652147200	1990	09	01	1	0	0	50796	-1111	0	-1111	20.1958	
273	654739200	1990	10	01	1	0	0	50891	-1111	0	-1111	20.2145	
304	657417600	1990	11	01	1	0	0	51004	-1111	0	-1111	19.6844	
334	660009600	1990	12	01	1	0	0	51120	-1111	0	-1111	18.7459	
365	662688000	1991	01	01	1	0	0	51232	-1111	0	-1111	17.2937	
396	665366400	1991	02	01	1	0	0	51337	-1111	0	-1111	15.8647	
424	667785600	1991	03	01	1	0	0	51452	-1111	0	-1111	14.5694	
455	670464000	1991	04	01	1	0	0	51571	-1111	0	-1111	13.0517	
485	673056000	1991	05	01	1	0	0	51680	-1111	0	-1111	11.9803	
516	675734400	1991	06	01	1	0	0	51801	-1111	0	-1111	10.9015	
546	678326400	1991	07	01	1	0	0	51908	-1111	0	-1111	10.0829	
577	681004800	1991	08	01	1	0	0	52016	-1111	0	-1111	9.03552	
608	683683200	1991	09	01	1	0	0	52149	-1111	0	-1111	8.38176	
638	686275200	1991	10	01	1	0	0	52267	-1111	0	-1111	7.46761	
669	688953600	1991	11	01	1	0	0	52394	-1111	0	-1111	6.99458	
699	691545600	1991	12	01	1	0	0	52514	-1111	0	-1111	6.41239	
730	694224000	1992	01	01	1	0	0	52617	-1111	0	-1111	6.14088	
761	696902400	1992	02	01	1	0	0	52751	-1111	5.12973	-1111	5.8886	
790	699408000	1992	03	01	1	0	0	52884	-1111	5.12973	-1111	5.95157	
821	702086400	1992	04	01	1	0	0	52984	-1111	5.12973	-1111	5.67871	
851	704678400	1992	05	01	1	0	0	53081	-1111	5.12973	-1111	5.79985	
882	707356800	1992	06	01	1	0	0	53191	-1111	5.12973	-1111	5.64052	
912	709948800	1992	07	01	1	0	0	53334	-1111	5.12973	-1111	5.64651	
943	712627200	1992	08	01	1	0	0	53498	-1111	5.12973	-1111	5.97308	
974	715305600	1992	09	01	1	0	0	53635	-1111	5.12973	-1111	6.07547	
1004	717897600	1992	10	01	1	0	0	53733	-1111	5.12973	-1111	6.1991	
1035	720576000	1992	11	01	1	0	0	53850	-1111	5.12973	-1111	6.7858	
1065	723168000	1992	12	01	1	0	0	53995	-1111	5.12973	-1111	6.97307	
1096	725846400	1993	01	01	1	0	0	54121	-1111	5.12973	-1111	7.43771	
1127	728524800	1993	02	01	1	0	0	54264	-1111	3.1738	-1111	7.53924	
1155	730944000	1993	03	01	1	0	0	54366	-1111	3.1738	-1111	7.78044	
1186	733622400	1993	04	01	1	0	0	54515	-1111	3.1738	-1111	7.85912	
1216	736214400	1993	05	01	1	0	0	54631	-1111	3.1738	-1111	8.36323	
1247	738892800	1993	06	01	1	0	0	54741	-1111	3.1738	-1111	8.67583	
1277	741484800	1993	07	01	1	0	0	54894	-1111	3.1738	-1111	8.74991	
1308	744163200	1993	08	01	1	0	0	55017	-1111	3.1738	-1111	8.68395	
1339	746841600	1993	09	01	1	0	0	55124	-1111	3.1738	-1111	8.64833	
1369	749433600	1993	10	01	1	0	0	55263	-1111	3.1738	-1111	8.93668	
1400	752112000	1993	11	01	1	0	0	55398	-1111	3.1738	-1111	8.96244	
1430	754704000	1993	12	01	1	0	0	55512	-1111	3.1738	-1111	8.88129	
1461	757382400	1994	01	01	1	0	0	55639	-1111	3.1738	-1111	8.70469	
1492	760060800	1994	02	01	1	0	0	55753	-1111	4.47145	-1111	8.70855	
1520	762480000	1994	03	01	1	0	0	55869	-1111	4.47145	-1111	8.77037	
1551	765158400	1994	04	01	1	0	0	56004	-1111	4.47145	-1111	8.74167	
1581	767750400	1994	05	01	1	0	0	56114	-1111	4.47145	-1111	8.2877	
1612	770428800	1994	06	01	1	0	0	56251	-1111	4.47145	-1111	8.45237	
1642	773020800	1994	07	01	1	0	0	56376	-1111	4.47145	-1111	8.1458	
1673	775699200	1994	08	01	1	0	0	56545	-1111	4.47145	-1111	8.3156	
1704	778377600	1994	09	01	1	0	0	56672	-1111	4.47145	-1111	8.34066	
1734	780969600	1994	10	01	1	0	0	56806	-1111	4.47145	-1111	8.23323	
1765	783648000	1994	11	01	1	0	0	56933	-1111	4.47145	-1111	8.30589	
1795	786240000	1994	12	01	1	0	0	57042	-1111	4.47145	-1111	7.92701	
1826	788918400	1995	01	01	1	0	0	57191	-1111	4.47145	-1111	7.76522	
1857	791596800	1995	02	01	1	0	0	57315	-1111	4.30448	-1111	7.64197	
1885	794016000	1995	03	01	1	0	0	57432	-1111	4.30448	-1111	7.98952	
1916	796694400	1995	04	01	1	0	0	57568	-1111	4.30448	-1111	8.15482	
1946	799286400	1995	05	01	1	0	0	57691	-1111	4.30448	-1111	8.23102	
1977	801964800	1995	06	01	1	0	0	57837	-1111	4.30448	-1111	7.84058	
2007	804556800	1995	07	01	1	0	0	57965	-1111	4.30448	-1111	7.70677	
2038	807235200	1995	08	01	1	0	0	58094	-1111	4.30448	-1111	7.93375	
2069	809913600	1995	09	01	1	0	0	58232	-1111	4.30448	-1111	7.78131	
2099	812505600	1995	10	01	1	0	0	58354	-1111	4.30448	-1111	7.79324	
2130	815184000	1995	11	01	1	0	0	58510	-1111	4.30448	-1111	7.80147	
2160	817776000	1995	12	01	1	0	0	58630	-1111	4.30448	-1111	7.82546	
2191	820454400	1996	01	01	1	0	0	58787	-1111	4.30448	-1111	7.84794	
2222	823132800	1996	02	01	1	0	0	58925	-1111	4.08318	-1111	7.57957	
2251	825638400	1996	03	01	1	0	0	59061	-1111	4.08318	-1111	7.4948	
2282	828316800	1996	04	01	1	0	0	59187	-1111	4.08318	-1111	7.55257	
2312	830908800	1996	05	01	1	0	0	59326	-1111	4.08318	-1111	7.85673	
2343	833587200	1996	06	01	1	0	0	59465	-1111	4.08318	-1111	8.13646	
2373	836179200	1996	07	01	1	0	0	59583	-1111	4.08318	-1111	8.04762	
2404	838857600	1996	08	01	1	0	0	59726	-1111	4.08318	-1111	7.96479	
2435	841536000	1996	09	01	1	0	0	59886	-1111	4.08318	-1111	7.95326	
2465	844128000	1996	10	01	1	0	0	60031	-1111	4.08318	-1111	7.92058	
2496	846806400	1996	11	01	1	0	0	60174	-1111	4.08318	-1111	7.62059	
2526	849398400	1996	12	01	1	0	0	60293	-1111	4.08318	-1111	7.59574	
2557	852076800	1997	01	01	1	0	0	60422	-1111	4.08318	-1111	7.81679	
2588	854755200	1997	02	01	1	0	0	60537	-1111	4.0022	-1111	7.70958	
2616	857174400	1997	03	01	1	0	0	60692	-1111	4.0022	-1111	7.9058	
2647	859852800	1997	04	01	1	0	0	60822	-1111	4.0022	-1111	7.92751	
2677	862444800	1997	05	01	1	0	0	60951	-1111	4.0022	-1111	8.02736	
2708	865123200	1997	06	01	1	0	0	61083	-1111	4.0022	-1111	8.06934	
2738	867715200	1997	07	01	1	0	0	61208	-1111	4.0022	-1111	8.18429	
2769	870393600	1997	08	01	1	0	0	61332	-1111	4.0022	-1111	8.19501	
2800	873072000	1997	09	01	1	0	0	61477	-1111	4.0022	-1111	8.02713	
2830	875664000	1997	10	01	1	0	0	61624	-1111	4.0022	-1111	7.88855	
2861	878342400	1997	11	01	1	0	0	61772	-1111	4.0022	-1111	7.9169	
2891	880934400	1997	12	01	1	0	0	61896	-1111	4.0022	-1111	7.94624	
2922	883612800	1998	01	01	1	0	0	62016	-1111	4.0022	-1111	8.23659	
2953	886291200	1998	02	01	1	0	0	62139	-1111	4.09632	-1111	8.08309	
2981	888710400	1998	03	01	1	0	0	62266	-1111	4.09632	-1111	7.82769	
3012	891388800	1998	04	01	1	0	0	62398	-1111	4.09632	-1111	7.85787	
3042	893980800	1998	05	01	1	0	0	62523	-1111	4.09632	-1111	7.63676	
3073	896659200	1998	06	01	1	0	0	62667	-1111	4.09632	-1111	7.75815	
3103	899251200	1998	07	01	1	0	0	62783	-1111	4.09632	-1111	7.87439	
3134	901929600	1998	08	01	1	0	0	62919	-1111	4.09632	-1111	7.94809	
3165	904608000	1998	09	01	1	0	0	63073	-1111	4.09632	-1111	8.24346	
3195	907200000	1998	10	01	1	0	0	63193	-1111	4.09632	-1111	8.29527	
3226	909878400	1998	11	01	1	0	0	63351	-1111	4.09632	-1111	8.34615	
3256	912470400	1998	12	01	1	0	0	63472	-1111	4.09632	-1111	8.07636	
3287	915148800	1999	01	01	1	0	0	63632	-1111	4.09632	-1111	8.03571	
3318	917827200	1999	02	01	1	0	0	63734	-1111	4.10151	-1111	8.09571	
3346	920246400	1999	03	01	1	0	0	63872	-1111	4.10151	-1111	8.18068	
3377	922924800	1999	04	01	1	0	0	64001	-1111	4.10151	-1111	8.42889	
3407	925516800	1999	05	01	1	0	0	64156	-1111	4.10151	-1111	8.5098	
3438	928195200	1999	06	01	1	0	0	64311	-1111	4.10151	-1111	8.32239	
3468	930787200	1999	07	01	1	0	0	64449	-1111	4.10151	-1111	8.08564	
3499	933465600	1999	08	01	1	0	0	64595	-1111	4.10151	-1111	8.14766	
3530	936144000	1999	09	01	1	0	0	64760	-1111	4.10151	-1111	7.96512	
3560	938736000	1999	10	01	1	0	0	64917	-1111	4.10151	-1111	8.2598	
3591	941414400	1999	11	01	1	0	0	65079	-1111	4.10151	-1111	7.90342	
3621	944006400	1999	12	01	1	0	0	65230	-1111	4.10151	-1111	7.84593	
3652	946684800	2000	01	01	1	0	0	65388	-1111	4.10151	-1111	7.7127	
3683	949363200	2000	02	01	1	0.6	0.6	65541	-1111	4.07425	-1111	6.18974	
3712	951868800	2000	03	01	1	0.6	0.6	65696	-1111	4.07425	-1111	4.691	
3743	954547200	2000	04	01	1	0.6	0.6	65871	-1111	4.07425	-1111	3.54331	
3773	957139200	2000	05	01	1	0.6	0.6	66023	-1111	4.07425	-1111	2.85084	
3804	959817600	2000	06	01	1	0.6	0.6	66156	-1111	4.07425	-1111	2.19801	
3834	962409600	2000	07	01	1	0.6	0.6	66286	-1111	4.07425	-1111	1.91912	
3865	965088000	2000	08	01	1	0.6	0.6	66431	-1111	4.07425	-1111	1.56037	
3896	967766400	2000	09	01	1	0.6	0.6	66610	-1111	4.07425	-1111	1.35774	
3926	970358400	2000	10	01	1	0.6	0.6	66750	-1111	4.07425	-1111	1.28182	
3957	973036800	2000	11	01	1	0.6	0.6	66927	-1111	4.07425	-1111	1.15075	
3987	975628800	2000	12	01	1	0.6	0.6	67061	-1111	4.07425	-1111	1.02938	
4018	978307200	2001	01	01	1	0.6	0.6	67242	-1111	4.07425	-1111	1.22483	
4049	980985600	2001	02	01	1	0.6	0.6	67393	-1111	1.55262	-1111	1.25276	
4077	983404800	2001	03	01	1	0.6	0.6	67523	-1111	1.55262	-1111	1.25543	
4108	986083200	2001	04	01	1	0.6	0.6	67717	-1111	1.55262	-1111	1.35889	
4138	988675200	2001	05	01	1	0.6	0.6	67868	-1111	1.55262	-1111	1.24202	
4169	991353600	2001	06	01	1	0.6	0.6	68028	-1111	1.55262	-1111	1.31424	
4199	993945600	2001	07	01	1	0.6	0.6	68207	-1111	1.55262	-1111	1.39191	
4230	996624000	2001	08	01	1	0.6	0.6	68379	-1111	1.55262	-1111	1.51134	
4261	999302400	2001	09	01	1	0.6	0.6	68545	-1111	1.55262	-1111	1.36555	
4291	1001894400	2001	10	01	1	0.6	0.6	68694	-1111	1.55262	-1111	1.2617	
4322	1004572800	2001	11	01	1	0.6	0.6	68874	-1111	1.55262	-1111	1.45364	
4352	1007164800	2001	12	01	1	0.6	0.6	69037	-1111	1.55262	-1111	1.46091	
4383	1009843200	2002	01	01	1	0.6	0.6	69214	-1111	1.55262	-1111	1.64918	
4414	1012521600	2002	02	01	1	0.6	0.6	69397	-1111	0.927326	-1111	1.85814	
4442	1014940800	2002	03	01	1	0.6	0.6	69570	-1111	0.927326	-1111	2.00918	
4473	1017619200	2002	04	01	1	0.6	0.6	69744	-1111	0.927326	-1111	2.19133	
4503	1020211200	2002	05	01	1	0.6	0.6	69892	-1111	0.927326	-1111	2.29839	
4534	1022889600	2002	06	01	1	0.6	0.6	70101	-1111	0.927326	-1111	2.18592	
4564	1025481600	2002	07	01	1	0.6	0.6	70266	-1111	0.927326	-1111	2.32479	
4595	1028160000	2002	08	01	1	0.6	0.6	70444	-1111	0.927326	-1111	2.55102	
4626	1030838400	2002	09	01	1	0.6	0.6	70643	-1111	0.927326	-1111	2.61804	
4656	1033430400	2002	10	01	1	0.6	0.6	70797	-1111	0.927326	-1111	2.64837	
4687	1036108800	2002	11	01	1	0.6	0.6	70966	-1111	0.927326	-1111	2.82642	
4717	1038700800	2002	12	01	1	0.6	0.6	71137	-1111	0.927326	-1111	3.09956	
4748	1041379200	2003	01	01	1	0.6	0.6	71294	-1111	0.927326	-1111	3.03623	
4779	1044057600	2003	02	01	1	0.6	0.6	71475	-1111	1.63332	-1111	3.17505	
4807	1046476800	2003	03	01	1	0.6	0.6	71624	-1111	1.63332	-1111	3.45058	
4838	1049155200	2003	04	01	1	0.6	0.6	71799	-1111	1.63332	-1111	3.64494	
4868	1051747200	2003	05	01	1	0.6	0.6	71994	-1111	1.63332	-1111	3.85658	
4899	1054425600	2003	06	01	1	0.6	0.6	72142	-1111	1.63332	-1111	4.02359	
4929	1057017600	2003	07	01	1	0.6	0.6	72301	-1111	1.63332	-1111	4.36122	
4960	1059696000	2003	08	01	1	0.6	0.6	72466	-1111	1.63332	-1111	4.75066	
4991	1062374400	2003	09	01	1	0.6	0.6	72634	-1111	1.63332	-1111	4.57484	
5021	1064966400	2003	10	01	1	0.6	0.6	72788	-1111	1.63332	-1111	4.57974	
5052	1067644800	2003	11	01	1	0.6	0.6	72942	-1111	1.63332	-1111	4.74114	
5082	1070236800	2003	12	01	1	0.6	0.6	73077	-1111	1.63332	-1111	4.71708	
5113	1072915200	2004	01	01	1	0.6	0.6	73230	-1111	1.63332	-1111	4.91946	
5144	1075593600	2004	02	01	1	0.6	0.6	73403	-1111	2.69617	-1111	4.62737	
5173	1078099200	2004	03	01	1	0.6	0.6	73574	-1111	2.69617	-1111	4.75574	
5204	1080777600	2004	04	01	1	0.6	0.6	73724	-1111	2.69617	-1111	4.55646	
5234	1083369600	2004	05	01	1	0.6	0.6	73887	-1111	2.69617	-1111	4.40103	
5265	1086048000	2004	06	01	1	0.6	0.6	74060	-1111	2.69617	-1111	4.44361	
5295	1088640000	2004	07	01	1	0.6	0.6	74234	-1111	2.69617	-1111	4.42889	
5326	1091318400	2004	08	01	1	0.6	0.6	74388	-1111	2.69617	-1111	4.60547	
5357	1093996800	2004	09	01	1	0.6	0.6	74561	-1111	2.69617	-1111	4.71623	
5387	1096588800	2004	10	01	1	0.6	0.6	74741	-1111	2.69617	-1111	4.91274	
5418	1099267200	2004	11	01	1	0.6	0.6	74920	-1111	2.69617	-1111	4.80987	
5448	1101859200	2004	12	01	1	0.6	0.6	75092	-1111	2.69617	-1111	4.67024	
5479	1104537600	2005	01	01	1	0.6	0.6	75256	-1111	2.69617	-1111	4.72243	
5510	1107216000	2005	02	01	1	0.6	0.6	75427	-1111	3.00868	-1111	4.57588	
5538	1109635200	2005	03	01	1	0.6	0.6	75609	-1111	3.00868	-1111	4.41292	
5569	1112313600	2005	04	01	1	0.6	0.6	75799	-1111	3.00868	-1111	4.291	
5599	1114905600	2005	05	01	1	0.6	0.6	75978	-1111	3.00868	-1111	4.06428	
5630	1117584000	2005	06	01	1	0.6	0.6	76161	-1111	3.00868	-1111	4.20355	
5660	1120176000	2005	07	01	1	0.6	0.6	76362	-1111	3.00868	-1111	4.32089	
5691	1122854400	2005	08	01	1	0.6	0.6	76528	-1111	3.00868	-1111	4.14409	
5722	1125532800	2005	09	01	1	0.6	0.6	76689	-1111	3.00868	-1111	3.99218	
5752	1128124800	2005	10	01	1	0.6	0.6	76880	-1111	3.00868	-1111	3.87876	
5783	1130803200	2005	11	01	1	0.6	0.6	77089	-1111	3.00868	-1111	3.84201	
5813	1133395200	2005	12	01	1	0.6	0.6	77273	-1111	3.00868	-1111	3.86132	
5844	1136073600	2006	01	01	1	0.6	0.6	77403	-1111	3.00868	-1111	3.87037	
5875	1138752000	2006	02	01	1	0.6	0.6	77608	-1111	2.6236	-1111	3.73588	
5903	1141171200	2006	03	01	1	0.6	0.6	77770	-1111	2.6236	-1111	3.88651	
5934	1143849600	2006	04	01	1	0.6	0.6	78003	-1111	2.6236	-1111	3.89643	
5964	1146441600	2006	05	01	1	0.6	0.6	78191	-1111	2.6236	-1111	3.82372	
5995	1149120000	2006	06	01	1	0.6	0.6	78358	-1111	2.6236	-1111	3.84129	
6025	1151712000	2006	07	01	1	0.6	0.6	78530	-1111	2.6236	-1111	3.79025	
6056	1154390400	2006	08	01	1	0.6	0.6	78712	-1111	2.6236	-1111	3.85894	
6087	1157068800	2006	09	01	1	0.6	0.6	78863	-1111	2.6236	-1111	3.80866	
6117	1159660800	2006	10	01	1	0.6	0.6	79070	-1111	2.6236	-1111	3.8816	
6148	1162339200	2006	11	01	1	0.6	0.6	79233	-1111	2.6236	-1111	3.85039	
6178	1164931200	2006	12	01	1	0.6	0.6	79408	-1111	2.6236	-1111	4.08835	
6209	1167609600	2007	01	01	1	0.6	0.6	79592	-1111	2.6236	-1111	4.07594	
6240	1170288000	2007	02	01	1	0.6	0.6	79763	-1111	2.41598	-1111	4.05412	
6268	1172707200	2007	03	01	1	0.6	0.6	79938	-1111	2.41598	-1111	4.12887	
6299	1175385600	2007	04	01	1	0.6	0.6	80101	-1111	2.41598	-1111	4.3302	
6329	1177977600	2007	05	01	1	0.6	0.6	80267	-1111	2.41598	-1111	4.51091	
6360	1180656000	2007	06	01	1	0.6	0.6	80408	-1111	2.41598	-1111	4.51209	
6390	1183248000	2007	07	01	1	0.6	0.6	80591	-1111	2.41598	-1111	4.57667	
6421	1185926400	2007	08	01	1	0.6	0.6	80825	-1111	2.41598	-1111	4.71689	
6452	1188604800	2007	09	01	1	0.6	0.6	81031	-1111	2.41598	-1111	4.69408	
6482	1191196800	2007	10	01	1	0.6	0.6	81230	-1111	2.41598	-1111	4.85769	
6513	1193875200	2007	11	01	1	0.6	0.6	81434	-1111	2.41598	-1111	4.73433	
6543	1196467200	2007	12	01	1	0.6	0.6	81645	-1111	2.41598	-1111	4.87651	
6574	1199145600	2008	01	01	1	0.6	0.6	81848	-1111	2.41598	-1111	4.89402	
6605	1201824000	2008	02	01	1	0.6	0.6	82038	-1111	2.79132	-1111	5.24281	
6634	1204329600	2008	03	01	1	0.6	0.6	82210	-1111	2.79132	-1111	5.2779	
6665	1207008000	2008	04	01	1	0.6	0.6	82428	-1111	2.79132	-1111	5.39397	
6695	1209600000	2008	05	01	1	0.6	0.6	82572	-1111	2.79132	-1111	5.55582	
6726	1212278400	2008	06	01	1	0.6	0.6	82733	-1111	2.79132	-1111	5.52894	
6756	1214870400	2008	07	01	1	0.6	0.6	82898	-1111	2.79132	-1111	5.34972	
6787	1217548800	2008	08	01	1	0.6	0.6	83096	-1111	2.79132	-1111	5.42846	
6818	1220227200	2008	09	01	1	0.6	0.6	83305	-1111	2.79132	-1111	5.39846	
6848	1222819200	2008	10	01	1	0.6	0.6	83489	-1111	2.79132	-1111	5.59165	
6879	1225497600	2008	11	01	1	0.6	0.6	83705	-1111	2.79132	-1111	5.77542	
6909	1228089600	2008	12	01	1	0.6	0.6	83908	-1111	2.79132	-1111	5.85099	
6940	1230768000	2009	01	01	1	0.6	0.6	84101	-1111	2.79132	-1111	5.71724	
6971	1233446400	2009	02	01	1	0.6	0.6	84296	-1111	3.07778	-1111	5.77203	
6999	1235865600	2009	03	01	1	0.6	0.6	84474	-1111	3.07778	-1111	5.54984	
7030	1238544000	2009	04	01	1	0.6	0.6	84675	-1111	3.07778	-1111	5.49486	
7060	1241136000	2009	05	01	1	0.6	0.6	84865	-1111	3.07778	-1111	5.5364	
7091	1243814400	2009	06	01	1	0.6	0.6	85085	-1111	3.07778	-1111	5.73755	
7121	1246406400	2009	07	01	1	0.6	0.6	85303	-1111	3.07778	-1111	5.74899	
7152	1249084800	2009	08	01	1	0.6	0.6	85530	-1111	3.07778	-1111	5.45094	
7183	1251763200	2009	09	01	1	0.6	0.6	85732	-1111	3.07778	-1111	4.60802	
7213	1254355200	2009	10	01	1	0.6	0.6	85937	-1111	3.07778	-1111	4.30615	
7244	1257033600	2009	11	01	1	0.6	0.6	86137	-1111	3.07778	-1111	3.79897	
7274	1259625600	2009	12	01	1	0.6	0.6	86309	-1111	3.07778	-1111	3.45912	
7305	1262304000	2010	01	01	1	0.6	0.6	86486	-1111	3.07778	-1111	3.39199	
7336	1264982400	2010	02	01	1	0.6	0.6	86751	-1111	2.79757	-1111	3.21251	
7364	1267401600	2010	03	01	1	0.6	0.6	86962	-1111	2.79757	-1111	3.20011	
7395	1270080000	2010	04	01	1	0.6	0.6	87161	-1111	2.79757	-1111	3.1374	
7425	1272672000	2010	05	01	1	0.6	0.6	87352	-1111	2.79757	-1111	2.88249	
7456	1275350400	2010	06	01	1	0.6	0.6	87561	-1111	2.79757	-1111	2.61855	
7486	1277942400	2010	07	01	1	0.6	0.6	87767	-1111	2.79757	-1111	2.59093	
7517	1280620800	2010	08	01	1	0.6	0.6	88005	-1111	2.79757	-1111	2.6258	
7548	1283299200	2010	09	01	1	0.6	0.6	88220	-1111	2.79757	-1111	2.58945	
7578	1285891200	2010	10	01	1	0.6	0.6	88430	-1111	2.79757	-1111	2.63487	
7609	1288569600	2010	11	01	1	0.6	0.6	88678	-1111	2.79757	-1111	2.63263	
7639	1291161600	2010	12	01	1	0.6	0.6	88863	-1111	2.79757	-1111	2.70463	
7670	1293840000	2011	01	01	1	0.6	0.6	89104	-1111	2.79757	-1111	2.66531	
7701	1296518400	2011	02	01	1	0.6	0.6	89316	-1111	1.78094	-1111	2.76463	
7729	1298937600	2011	03	01	1	0.6	0.6	89506	-1111	1.78094	-1111	2.83848	
7760	1301616000	2011	04	01	1	0.6	0.6	89711	-1111	1.78094	-1111	2.92315	
7790	1304208000	2011	05	01	1	0.6	0.6	89945	-1111	1.78094	-1111	2.9004	
7821	1306886400	2011	06	01	1	0.6	0.6	90165	-1111	1.78094	-1111	2.93292	
7851	1309478400	2011	07	01	1	0.6	0.6	90355	-1111	1.78094	-1111	3.1972	
7882	1312156800	2011	08	01	1	0.6	0.6	90571	-1111	1.78094	-1111	3.32477	
7913	1314835200	2011	09	01	1	0.6	0.6	90789	-1111	1.78094	-1111	3.64142	
7943	1317427200	2011	10	01	1	0.6	0.6	91024	-1111	1.78094	-1111	3.83833	
7974	1320105600	2011	11	01	1	0.6	0.6	91218	-1111	1.78094	-1111	3.88236	
8004	1322697600	2011	12	01	1	0.6	0.6	91417	-1111	1.78094	-1111	4.20313	
8035	1325376000	2012	01	01	1	0.6	0.6	91622	-1111	1.78094	-1111	4.46798	
8066	1328054400	2012	02	01	1	0.6	0.6	91832	-1111	2.10782	-1111	4.51508	
8095	1330560000	2012	03	01	1	0.6	0.6	92025	-1111	2.10782	-1111	4.8383	
8126	1333238400	2012	04	01	1	0.6	0.6	92259	-1111	2.10782	-1111	5.28986	
8156	1335830400	2012	05	01	1	0.6	0.6	92463	-1111	2.10782	-1111	5.16244	
8187	1338508800	2012	06	01	1	0.6	0.6	92674	-1111	2.10782	-1111	5.23009	
8217	1341100800	2012	07	01	1	0.6	0.6	92896	-1111	2.10782	-1111	5.45154	
8248	1343779200	2012	08	01	1	0.6	0.6	93128	-1111	2.10782	-1111	5.6642	
8279	1346457600	2012	09	01	1	0.6	0.6	93362	-1111	2.10782	-1111	5.40734	
8309	1349049600	2012	10	01	1	0.6	0.6	93563	-1111	2.10782	-1111	5.50208	
8340	1351728000	2012	11	01	1	0.6	0.6	93765	-1111	2.10782	-1111	5.74409	
8370	1354320000	2012	12	01	1	0.6	0.6	94000	-1111	2.10782	-1111	5.7266	
8401	1356998400	2013	01	01	1	0.6	0.6	94248	-1111	2.10782	-1111	5.78574	
8432	1359676800	2013	02	01	1	0.6	0.6	94463	-1111	3.27145	-1111	5.72724	
8460	1362096000	2013	03	01	1	0.6	0.6	94627	-1111	3.27145	-1111	5.78128	
8491	1364774400	2013	04	01	1	0.6	0.6	94853	-1111	3.27145	-1111	5.94256	
8521	1367366400	2013	05	01	1	0.6	0.6	95081	-1111	3.27145	-1111	6.03131	
8552	1370044800	2013	06	01	1	0.6	0.6	95317	-1111	3.27145	-1111	5.71028	
8582	1372636800	2013	07	01	1	0.6	0.6	95532	-1111	3.27145	-1111	5.47866	
8613	1375315200	2013	08	01	1	0.6	0.6	95758	-1111	3.27145	-1111	5.81295	
8644	1377993600	2013	09	01	1	0.6	0.6	96000	-1111	3.27145	-1111	6.21564	
8674	1380585600	2013	10	01	1	0.6	0.6	96239	-1111	3.27145	-1111	6.1692	
8705	1383264000	2013	11	01	1	0.6	0.6	96452	-1111	3.27145	-1111	6.0871	
8735	1385856000	2013	12	01	1	0.6	0.6	96691	-1111	3.27145	-1111	6.00302	
8766	1388534400	2014	01	01	1	0.6	0.6	96932	-1111	3.27145	-1111	5.96328	
8797	1391212800	2014	02	01	1	0.6	0.6	97132	-1111	3.39403	-1111	6.11416	
8825	1393632000	2014	03	01	1	0.6	0.6	97366	-1111	3.39403	-1111	6.09528	
8856	1396310400	2014	04	01	1	0.6	0.6	97613	-1111	3.39403	-1111	6.10792	
8886	1398902400	2014	05	01	1	0.6	0.6	97834	-1111	3.39403	-1111	6.10702	
8917	1401580800	2014	06	01	1	0.6	0.6	98060	-1111	3.39403	-1111	6.02701	
8947	1404172800	2014	07	01	1	0.6	0.6	98320	-1111	3.39403	-1111	5.94573	
8978	1406851200	2014	08	01	1	0.6	0.6	98516	-1111	3.39403	-1111	5.88754	
9009	1409529600	2014	09	01	1	0.6	0.6	98720	-1111	3.39403	-1111	5.83107	
9039	1412121600	2014	10	01	1	0.6	0.6	98946	-1111	3.39403	-1111	5.75419	
9070	1414800000	2014	11	01	1	0.6	0.6	99196	-1111	3.39403	-1111	5.6199	
9100	1417392000	2014	12	01	1	0.6	0.6	99422	-1111	3.39403	-1111	5.23145	
9131	1420070400	2015	01	01	1	0.6	0.6	99635	-1111	3.39403	-1111	5.08722	
9162	1422748800	2015	02	01	1	0.6	0.6	99860	-1111	3.15909	-1111	5.20989	
9190	1425168000	2015	03	01	1	0.6	0.6	100092	-1111	3.15909	-1111	5.05392	
9221	1427846400	2015	04	01	1	0.6	0.6	100318	-1111	3.15909	-1111	5.12539	
9251	1430438400	2015	05	01	1	0.6	0.6	100535	-1111	3.15909	-1111	5.28129	
9282	1433116800	2015	06	01	1	0.6	0.6	100789	-1111	3.15909	-1111	5.2087	
9312	1435708800	2015	07	01	1	0.6	0.6	101013	-1111	3.15909	-1111	4.96418	
9343	1438387200	2015	08	01	1	0.6	0.6	101192	-1111	3.15909	-1111	4.76745	
9374	1441065600	2015	09	01	1	0.6	0.6	101450	-1111	3.15909	-1111	4.04134	
9404	1443657600	2015	10	01	1	0.6	0.6	101690	-1111	3.15909	-1111	3.72829	
9435	1446336000	2015	11	01	1	0.6	0.6	101911	-1111	3.15909	-1111	3.35772	
9465	1448928000	2015	12	01	1	0.6	0.6	102176	-1111	3.15909	-1111	3.35075	
9496	1451606400	2016	01	01	1	0.6	0.6	102416	-1111	3.15909	-1111	3.09819	
9527	1454284800	2016	02	01	1	0.6	0.6	102684	-1111	2.54314	-1111	3.1244	
9556	1456790400	2016	03	01	1	0.6	0.6	102938	-1111	2.54314	-1111	2.90904	
9587	1459468800	2016	04	01	1	0.6	0.6	103189	-1111	2.54314	-1111	2.69675	
9617	1462060800	2016	05	01	1	0.6	0.6	103431	-1111	2.54314	-1111	2.59898	
9648	1464739200	2016	06	01	1	0.6	0.6	103660	-1111	2.54314	-1111	2.72576	
9678	1467331200	2016	07	01	1	0.6	0.6	103920	-1111	2.54314	-1111	2.80194	
9709	1470009600	2016	08	01	1	0.6	0.6	104164	-1111	2.54314	-1111	2.77527	
9740	1472688000	2016	09	01	1	0.6	0.6	104433	-1111	2.54314	-1111	2.77101	
9770	1475280000	2016	10	01	1	0.6	0.6	104651	-1111	2.54314	-1111	2.82828	
9801	1477958400	2016	11	01	1	0.6	0.6	104872	-1111	2.54314	-1111	2.82132	
9831	1480550400	2016	12	01	1	0.6	0.6	105097	-1111	2.54314	-1111	3.03414	
9862	1483228800	2017	01	01	1	0.6	0.6	105318	-1111	2.54314	-1111	3.22521	
9893	1485907200	2017	02	01	1	0.6	0.6	105565	-1111	1.78391	-1111	3.02233	
9921	1488326400	2017	03	01	1	0.6	0.6	105796	-1111	1.78391	-1111	3.14115	
9952	1491004800	2017	04	01	1	0.6	0.6	106051	-1111	1.78391	-1111	3.15832	
9982	1493596800	2017	05	01	1	0.6	0.6	106309	-1111	1.78391	-1111	3.30128	
10013	1496275200	2017	06	01	1	0.6	0.6	106558	-1111	1.78391	-1111	3.35292	
10043	1498867200	2017	07	01	1	0.6	0.6	106830	-1111	1.78391	-1111	3.48237	
10074	1501545600	2017	08	01	1	0.6	0.6	107063	-1111	1.78391	-1111	3.6353	
10105	1504224000	2017	09	01	1	0.6	0.6	107317	-1111	1.78391	-1111	3.98688	
10135	1506816000	2017	10	01	1	0.6	0.6	107545	-1111	1.78391	-1111	4.1236	
10166	1509494400	2017	11	01	1	0.6	0.6	107795	-1111	1.78391	-1111	4.19164	
10196	1512086400	2017	12	01	1	0.6	0.6	108059	-1111	1.78391	-1111	4.26286	
10227	1514764800	2018	01	01	1	0.6	0.6	108289	-1111	1.78391	-1111	4.53709	
10258	1517443200	2018	02	01	1	0.6	0.6	108513	-1111	2.26276	-1111	4.71155	
10286	1519862400	2018	03	01	1	0.6	0.6	108743	-1111	2.26276	-1111	4.65375	
10317	1522540800	2018	04	01	1	0.6	0.6	108984	-1111	2.26276	-1111	4.83254	
10347	1525132800	2018	05	01	1	0.6	0.6	109223	-1111	2.26276	-1111	4.87327	
10378	1527811200	2018	06	01	1	0.6	0.6	109474	-1111	2.26276	-1111	5.1139	
10408	1530403200	2018	07	01	1	0.6	0.6	109749	-1111	2.26276	-1111	5.12775	
10439	1533081600	2018	08	01	1	0.6	0.6	110003	-1111	2.26276	-1111	5.34103	
10470	1535760000	2018	09	01	1	0.6	0.6	110225	-1111	2.26276	-1111	5.32242	
10500	1538352000	2018	10	01	1	0.6	0.6	110470	-1111	2.26276	-1111	5.52439	
10531	1541030400	2018	11	01	1	0.6	0.6	110757	-1111	2.26276	-1111	5.56729	
10561	1543622400	2018	12	01	1	0.6	0.6	110996	-1111	2.26276	-1111	5.50475	
10592	1546300800	2019	01	01	1	0.6	0.6	111257	-1111	2.26276	-1111	5.49408	
10623	1548979200	2019	02	01	1	0.6	0.6	111552	-1111	3.14185	-1111	5.31132	
10651	1551398400	2019	03	01	1	0.6	0.6	111779	-1111	3.14185	-1111	5.4841	
10682	1554076800	2019	04	01	1	0.6	0.6	112042	-1111	3.14185	-1111	5.43577	
10712	1556668800	2019	05	01	1	0.6	0.6	112276	-1111	3.14185	-1111	5.36999	
10743	1559347200	2019	06	01	1	0.6	0.6	112568	-1111	3.14185	-1111	5.36766	
10773	1561939200	2019	07	01	1	0.6	0.6	112810	-1111	3.14185	-1111	5.30259	
10804	1564617600	2019	08	01	1	0.6	0.6	113078	-1111	3.14185	-1111	5.35235	
10835	1567296000	2019	09	01	1	0.6	0.6	113338	-1111	3.14185	-1111	5.7574	
10865	1569888000	2019	10	01	1	0.6	0.6	113639	-1111	3.14185	-1111	6.15501	
10896	1572566400	2019	11	01	1	0.6	0.6	113865	-1111	3.14185	-1111	6.24465	
10926	1575158400	2019	12	01	1	0.6	0.6	114112	-1111	3.14185	-1111	6.18338	
10957	1577836800	2020	01	01	1	0.6	0.6	114365	-1111	3.14185	-1111	6.08272	
10988	1580515200	2020	02	01	1	0.6	0.6	114641	-1111	3.23385	-1111	5.98645	
11017	1583020800	2020	03	01	1	0.6	0.6	114931	-1111	3.23385	-1111	5.89554	
11048	1585699200	2020	04	01	1	0.6	0.6	115223	-1111	3.23385	-1111	5.88076	
11078	1588291200	2020	05	01	1	0.6	0.6	115492	-1111	3.23385	-1111	5.79842	
11109	1590969600	2020	06	01	1	0.6	0.6	115737	-1111	3.23385	-1111	6.03882	
11139	1593561600	2020	07	01	1	0.6	0.6	115998	-1111	3.23385	-1111	5.76988	
11170	1596240000	2020	08	01	1	0.6	0.6	116334	-1111	3.23385	-1111	6.07854	
11201	1598918400	2020	09	01	1	0.6	0.6	116595	-1111	3.23385	-1111	6.16185	
11231	1601510400	2020	10	01	1	0.6	0.6	116875	-1111	3.23385	-1111	6.12259	
11262	1604188800	2020	11	01	1	0.6	0.6	117167	-1111	3.23385	-1111	5.95672	
11292	1606780800	2020	12	01	1	0.6	0.6	117460	-1111	3.23385	-1111	5.8749	
11323	1609459200	2021	01	01	1	0.6	0.6	117732	-1111	3.23385	-1111	5.52986	
11354	1612137600	2021	02	01	1	0.6	0.6	118018	-1111	3.19903	-1111	5.33134	
11382	1614556800	2021	03	01	1	0.6	0.6	118269	-1111	3.19903	-1111	5.10702	
11413	1617235200	2021	04	01	1	0.6	0.6	118562	-1111	3.19903	-1111	5.19768	
11443	1619827200	2021	05	01	1	0.6	0.6	118812	-1111	3.19903	-1111	5.25291	
11474	1622505600	2021	06	01	1	0.6	0.6	119084	-1111	3.19903	-1111	5.23041	
11504	1625097600	2021	07	01	1	0.6	0.6	119353	-1111	3.19903	-1111	5.33872	
11535	1627776000	2021	08	01	1	0.6	0.6	119661	-1111	3.19903	-1111	4.96524	
11566	1630454400	2021	09	01	1	0.6	0.6	119915	-1111	3.19903	-1111	4.10694	
11596	1633046400	2021	10	01	1	0.6	0.6	120225	-1111	3.19903	-1111	3.93685	
11627	1635724800	2021	11	01	1	0.6	0.6	120510	-1111	3.19903	-1111	3.68486	
11657	1638316800	2021	12	01	1	0.6	0.6	120803	-1111	3.19903	-1111	3.3782	
11688	1640995200	2022	01	01	1	0.6	0.6	121066	-1111	3.19903	-1111	3.1042	
11719	1643673600	2022	02	01	1	0.6	0.6	121362	-1111	2.60872	-1111	2.97309	
11747	1646092800	2022	03	01	1	0.6	0.6	121612	-1111	2.60872	-1111	2.84921	
11778	1648771200	2022	04	01	1	0.6	0.6	121884	-1111	2.60872	-1111	2.72967	
11808	1651363200	2022	05	01	1	0.6	0.6	122185	-1111	2.60872	-1111	2.82998	
11839	1654041600	2022	06	01	1	0.6	0.6	122444	-1111	2.60872	-1111	2.82169	
11869	1656633600	2022	07	01	1	0.6	0.6	122725	-1111	2.60872	-1111	2.82817	
11900	1659312000	2022	08	01	1	0.6	0.6	123037	-1111	2.60872	-1111	2.82211	
11931	1661990400	2022	09	01	1	0.6	0.6	123353	-1111	2.60872	-1111	2.85187	
11961	1664582400	2022	10	01	1	0.6	0.6	123652	-1111	2.60872	-1111	2.75637	
11992	1667260800	2022	11	01	1	0.6	0.6	123950	-1111	2.60872	-1111	2.81614	
12022	1669852800	2022	12	01	1	0.6	0.6	124228	-1111	2.60872	-1111	2.82546	
12053	1672531200	2023	01	01	1	0.6	0.6	124532	-1111	2.60872	-1111	2.78852	
12084	1675209600	2023	02	01	1	0.6	0.6	124826	-1111	1.81154	-1111	2.93463	
12112	1677628800	2023	03	01	1	0.6	0.6	125143	-1111	1.81154	-1111	2.9854	
12143	1680307200	2023	04	01	1	0.6	0.6	125444	-1111	1.81154	-1111	3.039	
12173	1682899200	2023	05	01	1	0.6	0.6	125709	-1111	1.81154	-1111	3.01239	
12204	1685577600	2023	06	01	1	0.6	0.6	125989	-1111	1.81154	-1111	2.93387	
12234	1688169600	2023	07	01	1	0.6	0.6	126273	-1111	1.81154	-1111	3.07206	
12265	1690848000	2023	08	01	1	0.6	0.6	126578	-1111	1.81154	-1111	3.3495	
12296	1693526400	2023	09	01	1	0.6	0.6	126872	-1111	1.81154	-1111	3.83464	
12326	1696118400	2023	10	01	1	0.6	0.6	127119	-1111	1.81154	-1111	4.01242	
12357	1698796800	2023	11	01	1	0.6	0.6	127428	-1111	1.81154	-1111	4.11711	
12387	1701388800	2023	12	01	1	0.6	0.6	127760	-1111	1.81154	-1111	4.31217	
12418	1704067200	2024	01	01	1	0.6	0.6	128080	-1111	1.81154	-1111	4.46407	
12449	1706745600	2024	02	01	1	0.6	0.6	128369	-1111	2.18123	-1111	4.87589	
12478	1709251200	2024	03	01	1	0.6	0.6	128645	-1111	2.18123	-1111	5.16613	
12509	1711929600	2024	04	01	1	0.6	0.6	128928	-1111	2.18123	-1111	5.2994	
12539	1714521600	2024	05	01	1	0.6	0.6	129239	-1111	2.18123	-1111	5.51017	
12570	1717200000	2024	06	01	1	0.6	0.6	129552	-1111	2.18123	-1111	5.52972	
12600	1719792000	2024	07	01	1	0.6	0.6	129887	-1111	2.18123	-1111	5.48874	
12631	1722470400	2024	08	01	1	0.6	0.6	130216	-1111	2.18123	-1111	5.44886	
12662	1725148800	2024	09	01	1	0.6	0.6	130502	-1111	2.18123	-1111	5.55156	
12692	1727740800	2024	10	01	1	0.6	0.6	130822	-1111	2.18123	-1111	5.71164	
12723	1730419200	2024	11	01	1	0.6	0.6	131177	-1111	2.18123	-1111	5.82652	
12753	1733011200	2024	12	01	1	0.6	0.6	131514	-1111	2.18123	-1111	5.8073	
12784	1735689600	2025	01	01	1	0.6	0.6	131817	-1111	2.18123	-1111	5.73061	
12815	1738368000	2025	02	01	1	0.6	0.6	132067	-1111	3.24776	-1111	5.48153	
12843	1740787200	2025	03	01	1	0.6	0.6	132298	-1111	3.24776	-1111	5.53351	
12874	1743465600	2025	04	01	1	0.6	0.6	132578	-1111	3.24776	-1111	5.35334	
12904	1746057600	2025	05	01	1	0.6	0.6	132848	-1111	3.24776	-1111	5.22993	
12935	1748736000	2025	06	01	1	0.6	0.6	133143	-1111	3.24776	-1111	5.14504	
12965	1751328000	2025	07	01	1	0.6	0.6	133467	-1111	3.24776	-1111	5.06281	
12996	1754006400	2025	08	01	1	0.6	0.6	133798	-1111	3.24776	-1111	5.21624	
13027	1756684800	2025	09	01	1	0.6	0.6	134113	-1111	3.24776	-1111	5.45354	
13057	1759276800	2025	10	01	1	0.6	0.6	134423	-1111	3.24776	-1111	5.57307	
13088	1761955200	2025	11	01	1	0.6	0.6	134753	-1111	3.24776	-1111	5.69198	
13118	1764547200	2025	12	01	1	0.6	0.6	135050	-1111	3.24776	-1111	5.87535	
13149	1767225600	2026	01	01	1	0.6	0.6	135360	-1111	3.24776	-1111	5.81991	
13180	1769904000	2026	02	01	1	0.6	0.6	135678	-1111	3.12296	-1111	6.02841	
13208	1772323200	2026	03	01	1	0.6	0.6	135950	-1111	3.12296	-1111	6.19701	
13239	1775001600	2026	04	01	1	0.6	0.6	136295	-1111	3.12296	-1111	6.34364	
13269	1777593600	2026	05	01	1	0.6	0.6	136623	-1111	3.12296	-1111	6.17493	
13300	1780272000	2026	06	01	1	0.6	0.6	136949	-1111	3.12296	-1111	6.018	
13330	1782864000	2026	07	01	1	0.6	0.6	137265	-1111	3.12296	-1111	6.01737	
13361	1785542400	2026	08	01	1	0.6	0.6	137569	-1111	3.12296	-1111	5.68714	
13392	1788220800	2026	09	01	1	0.6	0.6	137872	-1111	3.12296	-1111	5.77228	
13422	1790812800	2026	10	01	1	0.6	0.6	138175	-1111	3.12296	-1111	5.60856	
13453	1793491200	2026	11	01	1	0.6	0.6	138513	-1111	3.12296	-1111	5.67996	
13483	1796083200	2026	12	01	1	0.6	0.6	138790	-1111	3.12296	-1111	5.4475	
13514	1798761600	2027	01	01	1	0.6	0.6	139120	-1111	3.12296	-1111	5.5078	
13545	1801440000	2027	02	01	1	0.6	0.6	139502	-1111	3.22936	-1111	5.31442	
13573	1803859200	2027	03	01	1	0.6	0.6	139805	-1111	3.22936	-1111	5.20988	
13604	1806537600	2027	04	01	1	0.6	0.6	140144	-1111	3.22936	-1111	5.14903	
13634	1809129600	2027	05	01	1	0.6	0.6	140474	-1111	3.22936	-1111	5.14013	
13665	1811808000	2027	06	01	1	0.6	0.6	140782	-1111	3.22936	-1111	5.35729	
13695	1814400000	2027	07	01	1	0.6	0.6	141136	-1111	3.22936	-1111	5.31575	
13726	1817078400	2027	08	01	1	0.6	0.6	141446	-1111	3.22936	-1111	5.04525	
13757	1819756800	2027	09	01	1	0.6	0.6	141829	-1111	3.22936	-1111	4.41693	
13787	1822348800	2027	10	01	1	0.6	0.6	142105	-1111	3.22936	-1111	4.03692	
13818	1825027200	2027	11	01	1	0.6	0.6	142432	-1111	3.22936	-1111	3.62263	
13848	1827619200	2027	12	01	1	0.6	0.6	142769	-1111	3.22936	-1111	3.21051	
13879	1830297600	2028	01	01	1	0.6	0.6	143084	-1111	3.22936	-1111	2.93298	
13910	1832976000	2028	02	01	1	0.6	0.6	143443	-1111	2.67021	-1111	2.87287	
13939	1835481600	2028	03	01	1	0.6	0.6	143774	-1111	2.67021	-1111	2.78904	
13970	1838160000	2028	04	01	1	0.6	0.6	144150	-1111	2.67021	-1111	2.68041	
14000	1840752000	2028	05	01	1	0.6	0.6	144518	-1111	2.67021	-1111	2.50839	
14031	1843430400	2028	06	01	1	0.6	0.6	144897	-1111	2.67021	-1111	2.56846	
14061	1846022400	2028	07	01	1	0.6	0.6	145209	-1111	2.67021	-1111	2.4717	
14092	1848700800	2028	08	01	1	0.6	0.6	145552	-1111	2.67021	-1111	2.48521	
14123	1851379200	2028	09	01	1	0.6	0.6	145868	-1111	2.67021	-1111	2.37923	
14153	1853971200	2028	10	01	1	0.6	0.6	146196	-1111	2.67021	-1111	2.23703	
14184	1856649600	2028	11	01	1	0.6	0.6	146564	-1111	2.67021	-1111	2.36366	
14214	1859241600	2028	12	01	1	0.6	0.6	146937	-1111	2.67021	-1111	2.41009	
14245	1861920000	2029	01	01	1	0.6	0.6	147210	-1111	2.67021	-1111	2.46756	
14276	1864598400	2029	02	01	1	0.6	0.6	147578	-1111	1.59649	-1111	2.4524	
14304	1867017600	2029	03	01	1	0.6	0.6	147858	-1111	1.59649	-1111	2.40448	
14335	1869696000	2029	04	01	1	0.6	0.6	148232	-1111	1.59649	-1111	2.62208	
14365	1872288000	2029	05	01	1	0.6	0.6	148560	-1111	1.59649	-1111	2.81123	
14396	1874966400	2029	06	01	1	0.6	0.6	148960	-1111	1.59649	-1111	2.90429	
14426	1877558400	2029	07	01	1	0.6	0.6	149301	-1111	1.59649	-1111	2.98605	
14457	1880236800	2029	08	01	1	0.6	0.6	149698	-1111	1.59649	-1111	3.08447	
14488	1882915200	2029	09	01	1	0.6	0.6	150059	-1111	1.59649	-1111	3.18837	
14518	1885507200	2029	10	01	1	0.6	0.6	150432	-1111	1.59649	-1111	3.63438	
14549	1888185600	2029	11	01	1	0.6	0.6	150786	-1111	1.59649	-1111	3.85083	
14579	1890777600	2029	12	01	1	0.6	0.6	151132	-1111	1.59649	-1111	4.17527	
14610	1893456000	2030	01	01	1	0.6	0.6	151495	-1111	1.59649	-1111	4.27115	
