0	631152000	1990	01	01	1	0.6	0.5	50000	-1111	0	-1111	4.65402	
31	633830400	1990	02	01	1	0	0	50102	-1111	0	-1111	11.8771	
59	636249600	1990	03	01	1	0	0	50190	-1111	0	-1111	14.7074	
90	638928000	1990	04	01	1	0	0	50312	-1111	0	-1111	14.9235	
120	641520000	1990	05	01	1	0	0	50430	-1111	0	-1111	17.9213	
151	644198400	1990	06	01	1	0	0	50546	-1111	0	-1111	19.1951	
181	646790400	1990	07	01	1	0	0	50651	-1111	0	-1111	19.9667	
212	649468800	1990	08	01	1	0	0	50777	-1111	0	-1111	20.2709	
243	652147200	1990	09	01	1	0	0	50890	-1111	0	-1111	20.3637	
273	654739200	1990	10	01	1	0	0	50998	-1111	0	-1111	20.1405	
304	657417600	1990	11	01	1	0	0	51138	-1111	0	-1111	19.5041	
334	660009600	1990	12	01	1	0	0	51248	-1111	0	-1111	18.7323	
365	662688000	1991	01	01	1	0	0	51369	-1111	0	-1111	17.9364	
396	665366400	1991	02	01	1	0	0	51489	-1111	0	-1111	16.7834	
424	667785600	1991	03	01	1	0	0	51603	-1111	0	-1111	15.7282	
455	670464000	1991	04	01	1	0	0	51724	-1111	0	-1111	14.2363	
485	673056000	1991	05	01	1	0	0	51824	-1111	0	-1111	13.0229	
516	675734400	1991	06	01	1	0	0	51932	-1111	0	-1111	11.3135	
546	678326400	1991	07	01	1	0	0	52057	-1111	0	-1111	10.3018	
577	681004800	1991	08	01	1	0	0	52191	-1111	0	-1111	9.11258	
608	683683200	1991	09	01	1	0	0	52323	-1111	0	-1111	8.32025	
638	686275200	1991	10	01	1	0	0	52441	-1111	0	-1111	7.3059	
669	688953600	1991	11	01	1	0	0	52575	-1111	0	-1111	6.97464	
699	691545600	1991	12	01	1	0	0	52685	-1111	0	-1111	6.49449	
730	694224000	1992	01	01	1	0	0	52809	-1111	0	-1111	6.28221	
761	696902400	1992	02	01	1	0	0	52936	-1111	5.32836	-1111	5.89614	
790	699408000	1992	03	01	1	0	0	53039	-1111	5.32836	-1111	5.86056	
821	702086400	1992	04	01	1	0	0	53174	-1111	5.32836	-1111	5.75295	
851	704678400	1992	05	01	1	0	0	53288	-1111	5.32836	-1111	5.84283	
882	707356800	1992	06	01	1	0	0	53403	-1111	5.32836	-1111	6.06564	
912	709948800	1992	07	01	1	0	0	53522	-1111	5.32836	-1111	5.93022	
943	712627200	1992	08	01	1	0	0	53635	-1111	5.32836	-1111	6.08316	
974	715305600	1992	09	01	1	0	0	53790	-1111	5.32836	-1111	5.80679	
1004	717897600	1992	10	01	1	0	0	53905	-1111	5.32836	-1111	6.06015	
1035	720576000	1992	11	01	1	0	0	54034	-1111	5.32836	-1111	6.15718	
1065	723168000	1992	12	01	1	0	0	54169	-1111	5.32836	-1111	6.76411	
1096	725846400	1993	01	01	1	0	0	54285	-1111	5.32836	-1111	7.17099	
1127	728524800	1993	02	01	1	0	0	54408	-1111	3.18618	-1111	7.30983	
1155	730944000	1993	03	01	1	0	0	54533	-1111	3.18618	-1111	7.69345	
1186	733622400	1993	04	01	1	0	0	54636	-1111	3.18618	-1111	7.62229	
1216	736214400	1993	05	01	1	0	0	54767	-1111	3.18618	-1111	7.8817	
1247	738892800	1993	06	01	1	0	0	54912	-1111	3.18618	-1111	8.16991	
1277	741484800	1993	07	01	1	0	0	55053	-1111	3.18618	-1111	8.64837	
1308	744163200	1993	08	01	1	0	0	55207	-1111	3.18618	-1111	8.61191	
1339	746841600	1993	09	01	1	0	0	55324	-1111	3.18618	-1111	8.44209	
1369	749433600	1993	10	01	1	0	0	55437	-1111	3.18618	-1111	8.58511	
1400	752112000	1993	11	01	1	0	0	55551	-1111	3.18618	-1111	8.81575	
1430	754704000	1993	12	01	1	0	0	55662	-1111	3.18618	-1111	8.9881	
1461	757382400	1994	01	01	1	0	0	55771	-1111	3.18618	-1111	8.9481	
1492	760060800	1994	02	01	1	0	0	55889	-1111	4.35733	-1111	8.62613	
1520	762480000	1994	03	01	1	0	0	55999	-1111	4.35733	-1111	8.48849	
1551	765158400	1994	04	01	1	0	0	56102	-1111	4.35733	-1111	8.38512	
1581	767750400	1994	05	01	1	0	0	56225	-1111	4.35733	-1111	8.43743	
1612	770428800	1994	06	01	1	0	0	56344	-1111	4.35733	-1111	8.32968	
1642	773020800	1994	07	01	1	0	0	56485	-1111	4.35733	-1111	8.22716	
1673	775699200	1994	08	01	1	0	0	56614	-1111	4.35733	-1111	8.04196	
1704	778377600	1994	09	01	1	0	0	56742	-1111	4.35733	-1111	8.06124	
1734	780969600	1994	10	01	1	0	0	56879	-1111	4.35733	-1111	8.07408	
1765	783648000	1994	11	01	1	0	0	56963	-1111	4.35733	-1111	7.82728	
1795	786240000	1994	12	01	1	0	0	57091	-1111	4.35733	-1111	7.83324	
1826	788918400	1995	01	01	1	0	0	57219	-1111	4.35733	-1111	7.87027	
1857	791596800	1995	02	01	1	0	0	57378	-1111	4.25148	-1111	7.70393	
1885	794016000	1995	03	01	1	0	0	57503	-1111	4.25148	-1111	7.55083	
1916	796694400	1995	04	01	1	0	0	57630	-1111	4.25148	-1111	8.10247	
1946	799286400	1995	05	01	1	0	0	57745	-1111	4.25148	-1111	8.11646	
1977	801964800	1995	06	01	1	0	0	57869	-1111	4.25148	-1111	8.25142	
2007	804556800	1995	07	01	1	0	0	57975	-1111	4.25148	-1111	7.83318	
2038	807235200	1995	08	01	1	0	0	58142	-1111	4.25148	-1111	7.69779	
2069	809913600	1995	09	01	1	0	0	58279	-1111	4.25148	-1111	7.59151	
2099	812505600	1995	10	01	1	0	0	58410	-1111	4.25148	-1111	8.12176	
2130	815184000	1995	11	01	1	0	0	58557	-1111	4.25148	-1111	8.35821	
2160	817776000	1995	12	01	1	0	0	58665	-1111	4.25148	-1111	8.17878	
2191	820454400	1996	01	01	1	0	0	58793	-1111	4.25148	-1111	8.19137	
2222	823132800	1996	02	01	1	0	0	58961	-1111	4.00427	-1111	8.05569	
2251	825638400	1996	03	01	1	0	0	59064	-1111	4.00427	-1111	8.26001	
2282	828316800	1996	04	01	1	0	0	59174	-1111	4.00427	-1111	8.16312	
2312	830908800	1996	05	01	1	0	0	59306	-1111	4.00427	-1111	7.99802	
2343	833587200	1996	06	01	1	0	0	59436	-1111	4.00427	-1111	7.98189	
2373	836179200	1996	07	01	1	0	0	59589	-1111	4.00427	-1111	7.92149	
2404	838857600	1996	08	01	1	0	0	59757	-1111	4.00427	-1111	7.93942	
2435	841536000	1996	09	01	1	0	0	59924	-1111	4.00427	-1111	7.80436	
2465	844128000	1996	10	01	1	0	0	60037	-1111	4.00427	-1111	7.64474	
2496	846806400	1996	11	01	1	0	0	60150	-1111	4.00427	-1111	7.76706	
2526	849398400	1996	12	01	1	0	0	60295	-1111	4.00427	-1111	7.81404	
2557	852076800	1997	01	01	1	0	0	60411	-1111	4.00427	-1111	7.95343	
2588	854755200	1997	02	01	1	0	0	60551	-1111	4.0502	-1111	8.42363	
2616	857174400	1997	03	01	1	0	0	60678	-1111	4.0502	-1111	8.70233	
2647	859852800	1997	04	01	1	0	0	60815	-1111	4.0502	-1111	8.46428	
2677	862444800	1997	05	01	1	0	0	60929	-1111	4.0502	-1111	8.44982	
2708	865123200	1997	06	01	1	0	0	61066	-1111	4.0502	-1111	8.21478	
2738	867715200	1997	07	01	1	0	0	61206	-1111	4.0502	-1111	8.69868	
2769	870393600	1997	08	01	1	0	0	61347	-1111	4.0502	-1111	8.67726	
2800	873072000	1997	09	01	1	0	0	61487	-1111	4.0502	-1111	8.4666	
2830	875664000	1997	10	01	1	0	0	61633	-1111	4.0502	-1111	8.327	
2861	878342400	1997	11	01	1	0	0	61769	-1111	4.0502	-1111	8.05651	
2891	880934400	1997	12	01	1	0	0	61905	-1111	4.0502	-1111	8.09881	
2922	883612800	1998	01	01	1	0	0	62056	-1111	4.0502	-1111	8.13131	
2953	886291200	1998	02	01	1	0	0	62168	-1111	4.29554	-1111	8.06727	
2981	888710400	1998	03	01	1	0	0	62265	-1111	4.29554	-1111	8.32082	
3012	891388800	1998	04	01	1	0	0	62434	-1111	4.29554	-1111	8.28459	
3042	893980800	1998	05	01	1	0	0	62580	-1111	4.29554	-1111	8.4357	
3073	896659200	1998	06	01	1	0	0	62733	-1111	4.29554	-1111	8.39715	
3103	899251200	1998	07	01	1	0	0	62863	-1111	4.29554	-1111	8.20568	
3134	901929600	1998	08	01	1	0	0	63002	-1111	4.29554	-1111	7.93715	
3165	904608000	1998	09	01	1	0	0	63157	-1111	4.29554	-1111	7.77889	
3195	907200000	1998	10	01	1	0	0	63285	-1111	4.29554	-1111	7.73451	
3226	909878400	1998	11	01	1	0	0	63450	-1111	4.29554	-1111	7.82127	
3256	912470400	1998	12	01	1	0	0	63574	-1111	4.29554	-1111	7.79411	
3287	915148800	1999	01	01	1	0	0	63690	-1111	4.29554	-1111	8.06055	
3318	917827200	1999	02	01	1	0	0	63841	-1111	4.09944	-1111	7.7819	
3346	920246400	1999	03	01	1	0	0	63944	-1111	4.09944	-1111	7.65983	
3377	922924800	1999	04	01	1	0	0	64090	-1111	4.09944	-1111	7.995	
3407	925516800	1999	05	01	1	0	0	64204	-1111	4.09944	-1111	8.27369	
3438	928195200	1999	06	01	1	0	0	64357	-1111	4.09944	-1111	8.64295	
3468	930787200	1999	07	01	1	0	0	64501	-1111	4.09944	-1111	8.18045	
3499	933465600	1999	08	01	1	0	0	64649	-1111	4.09944	-1111	8.15995	
3530	936144000	1999	09	01	1	0	0	64792	-1111	4.09944	-1111	8.03531	
3560	938736000	1999	10	01	1	0	0	64937	-1111	4.09944	-1111	8.08381	
3591	941414400	1999	11	01	1	0	0	65075	-1111	4.09944	-1111	7.9719	
3621	944006400	1999	12	01	1	0	0	65223	-1111	4.09944	-1111	7.87832	
3652	946684800	2000	01	01	1	0	0	65363	-1111	4.09944	-1111	8.14914	
3683	949363200	2000	02	01	1	0.6	0.6	65507	-1111	4.09459	-1111	6.297	
3712	951868800	2000	03	01	1	0.6	0.6	65650	-1111	4.09459	-1111	4.78757	
3743	954547200	2000	04	01	1	0.6	0.6	65768	-1111	4.09459	-1111	3.57255	
3773	957139200	2000	05	01	1	0.6	0.6	65928	-1111	4.09459	-1111	3.08634	
3804	959817600	2000	06	01	1	0.6	0.6	66087	-1111	4.09459	-1111	2.69801	
3834	962409600	2000	07	01	1	0.6	0.6	66242	-1111	4.09459	-1111	2.17579	
3865	965088000	2000	08	01	1	0.6	0.6	66427	-1111	4.09459	-1111	2.05131	
3896	967766400	2000	09	01	1	0.6	0.6	66588	-1111	4.09459	-1111	1.87177	
3926	970358400	2000	10	01	1	0.6	0.6	66773	-1111	4.09459	-1111	1.59517	
3957	973036800	2000	11	01	1	0.6	0.6	66935	-1111	4.09459	-1111	1.4272	
3987	975628800	2000	12	01	1	0.6	0.6	67108	-1111	4.09459	-1111	1.3234	
4018	978307200	2001	01	01	1	0.6	0.6	67286	-1111	4.09459	-1111	1.36905	
4049	980985600	2001	02	01	1	0.6	0.6	67449	-1111	1.67181	-1111	1.38322	
4077	983404800	2001	03	01	1	0.6	0.6	67585	-1111	1.67181	-1111	1.2612	
4108	986083200	2001	04	01	1	0.6	0.6	67782	-1111	1.67181	-1111	1.32926	
4138	988675200	2001	05	01	1	0.6	0.6	67955	-1111	1.67181	-1111	1.27512	
4169	991353600	2001	06	01	1	0.6	0.6	68117	-1111	1.67181	-1111	1.17806	
4199	993945600	2001	07	01	1	0.6	0.6	68252	-1111	1.67181	-1111	1.36194	
4230	996624000	2001	08	01	1	0.6	0.6	68444	-1111	1.67181	-1111	1.38946	
4261	999302400	2001	09	01	1	0.6	0.6	68607	-1111	1.67181	-1111	1.59739	
4291	1001894400	2001	10	01	1	0.6	0.6	68739	-1111	1.67181	-1111	1.69837	
4322	1004572800	2001	11	01	1	0.6	0.6	68895	-1111	1.67181	-1111	1.57485	
4352	1007164800	2001	12	01	1	0.6	0.6	69057	-1111	1.67181	-1111	1.70906	
4383	1009843200	2002	01	01	1	0.6	0.6	69224	-1111	1.67181	-1111	1.62503	
4414	1012521600	2002	02	01	1	0.6	0.6	69403	-1111	0.97893	-1111	1.69247	
4442	1014940800	2002	03	01	1	0.6	0.6	69554	-1111	0.97893	-1111	1.82688	
4473	1017619200	2002	04	01	1	0.6	0.6	69722	-1111	0.97893	-1111	1.94566	
4503	1020211200	2002	05	01	1	0.6	0.6	69877	-1111	0.97893	-1111	2.04784	
4534	1022889600	2002	06	01	1	0.6	0.6	70040	-1111	0.97893	-1111	2.19045	
4564	1025481600	2002	07	01	1	0.6	0.6	70226	-1111	0.97893	-1111	2.48986	
4595	1028160000	2002	08	01	1	0.6	0.6	70397	-1111	0.97893	-1111	2.72764	
4626	1030838400	2002	09	01	1	0.6	0.6	70572	-1111	0.97893	-1111	2.81898	
4656	1033430400	2002	10	01	1	0.6	0.6	70751	-1111	0.97893	-1111	2.95034	
4687	1036108800	2002	11	01	1	0.6	0.6	70945	-1111	0.97893	-1111	3.0644	
4717	1038700800	2002	12	01	1	0.6	0.6	71096	-1111	0.97893	-1111	3.03525	
4748	1041379200	2003	01	01	1	0.6	0.6	71265	-1111	0.97893	-1111	3.25691	
4779	1044057600	2003	02	01	1	0.6	0.6	71452	-1111	1.70684	-1111	3.403	
4807	1046476800	2003	03	01	1	0.6	0.6	71599	-1111	1.70684	-1111	3.73983	
4838	1049155200	2003	04	01	1	0.6	0.6	71773	-1111	1.70684	-1111	3.93421	
4868	1051747200	2003	05	01	1	0.6	0.6	71918	-1111	1.70684	-1111	4.09745	
4899	1054425600	2003	06	01	1	0.6	0.6	72082	-1111	1.70684	-1111	4.16989	
4929	1057017600	2003	07	01	1	0.6	0.6	72218	-1111	1.70684	-1111	4.56525	
4960	1059696000	2003	08	01	1	0.6	0.6	72393	-1111	1.70684	-1111	4.35379	
4991	1062374400	2003	09	01	1	0.6	0.6	72539	-1111	1.70684	-1111	4.22064	
5021	1064966400	2003	10	01	1	0.6	0.6	72716	-1111	1.70684	-1111	4.36047	
5052	1067644800	2003	11	01	1	0.6	0.6	72888	-1111	1.70684	-1111	4.59424	
5082	1070236800	2003	12	01	1	0.6	0.6	73062	-1111	1.70684	-1111	4.37753	
5113	1072915200	2004	01	01	1	0.6	0.6	73249	-1111	1.70684	-1111	4.27723	
5144	1075593600	2004	02	01	1	0.6	0.6	73414	-1111	2.70727	-1111	4.75751	
5173	1078099200	2004	03	01	1	0.6	0.6	73570	-1111	2.70727	-1111	4.66996	
5204	1080777600	2004	04	01	1	0.6	0.6	73734	-1111	2.70727	-1111	4.75471	
5234	1083369600	2004	05	01	1	0.6	0.6	73880	-1111	2.70727	-1111	4.56601	
5265	1086048000	2004	06	01	1	0.6	0.6	74058	-1111	2.70727	-1111	4.71404	
5295	1088640000	2004	07	01	1	0.6	0.6	74254	-1111	2.70727	-1111	4.84312	
5326	1091318400	2004	08	01	1	0.6	0.6	74439	-1111	2.70727	-1111	5.00321	
5357	1093996800	2004	09	01	1	0.6	0.6	74615	-1111	2.70727	-1111	4.80359	
5387	1096588800	2004	10	01	1	0.6	0.6	74770	-1111	2.70727	-1111	4.77759	
5418	1099267200	2004	11	01	1	0.6	0.6	74954	-1111	2.70727	-1111	4.76493	
5448	1101859200	2004	12	01	1	0.6	0.6	75113	-1111	2.70727	-1111	4.70725	
5479	1104537600	2005	01	01	1	0.6	0.6	75278	-1111	2.70727	-1111	4.79405	
5510	1107216000	2005	02	01	1	0.6	0.6	75459	-1111	3.01211	-1111	4.58128	
5538	1109635200	2005	03	01	1	0.6	0.6	75627	-1111	3.01211	-1111	4.43314	
5569	1112313600	2005	04	01	1	0.6	0.6	75824	-1111	3.01211	-1111	4.39308	
5599	1114905600	2005	05	01	1	0.6	0.6	76003	-1111	3.01211	-1111	4.35214	
5630	1117584000	2005	06	01	1	0.6	0.6	76194	-1111	3.01211	-1111	4.45867	
5660	1120176000	2005	07	01	1	0.6	0.6	76365	-1111	3.01211	-1111	4.52063	
5691	1122854400	2005	08	01	1	0.6	0.6	76549	-1111	3.01211	-1111	4.45021	
5722	1125532800	2005	09	01	1	0.6	0.6	76733	-1111	3.01211	-1111	4.22593	
5752	1128124800	2005	10	01	1	0.6	0.6	76893	-1111	3.01211	-1111	4.1028	
5783	1130803200	2005	11	01	1	0.6	0.6	77075	-1111	3.01211	-1111	4.00699	
5813	1133395200	2005	12	01	1	0.6	0.6	77269	-1111	3.01211	-1111	3.9828	
5844	1136073600	2006	01	01	1	0.6	0.6	77487	-1111	3.01211	-1111	4.01736	
5875	1138752000	2006	02	01	1	0.6	0.6	77667	-1111	2.64137	-1111	3.84635	
5903	1141171200	2006	03	01	1	0.6	0.6	77857	-1111	2.64137	-1111	3.75064	
5934	1143849600	2006	04	01	1	0.6	0.6	78041	-1111	2.64137	-1111	3.46052	
5964	1146441600	2006	05	01	1	0.6	0.6	78235	-1111	2.64137	-1111	3.50486	
5995	1149120000	2006	06	01	1	0.6	0.6	78424	-1111	2.64137	-1111	3.62066	
6025	1151712000	2006	07	01	1	0.6	0.6	78626	-1111	2.64137	-1111	3.90492	
6056	1154390400	2006	08	01	1	0.6	0.6	78777	-1111	2.64137	-1111	3.76449	
6087	1157068800	2006	09	01	1	0.6	0.6	78957	-1111	2.64137	-1111	3.62435	
6117	1159660800	2006	10	01	1	0.6	0.6	79113	-1111	2.64137	-1111	3.71758	
6148	1162339200	2006	11	01	1	0.6	0.6	79304	-1111	2.64137	-1111	3.71312	
6178	1164931200	2006	12	01	1	0.6	0.6	79501	-1111	2.64137	-1111	3.73205	
6209	1167609600	2007	01	01	1	0.6	0.6	79680	-1111	2.64137	-1111	3.83814	
6240	1170288000	2007	02	01	1	0.6	0.6	79896	-1111	2.31331	-1111	4.01427	
6268	1172707200	2007	03	01	1	0.6	0.6	80054	-1111	2.31331	-1111	4.10966	
6299	1175385600	2007	04	01	1	0.6	0.6	80221	-1111	2.31331	-1111	4.00591	
6329	1177977600	2007	05	01	1	0.6	0.6	80384	-1111	2.31331	-1111	4.20866	
6360	1180656000	2007	06	01	1	0.6	0.6	80593	-1111	2.31331	-1111	3.96297	
6390	1183248000	2007	07	01	1	0.6	0.6	80778	-1111	2.31331	-1111	4.00489	
6421	1185926400	2007	08	01	1	0.6	0.6	80961	-1111	2.31331	-1111	4.20225	
6452	1188604800	2007	09	01	1	0.6	0.6	81154	-1111	2.31331	-1111	4.48227	
6482	1191196800	2007	10	01	1	0.6	0.6	81320	-1111	2.31331	-1111	4.6878	
6513	1193875200	2007	11	01	1	0.6	0.6	81529	-1111	2.31331	-1111	4.60533	
6543	1196467200	2007	12	01	1	0.6	0.6	81694	-1111	2.31331	-1111	4.81317	
6574	1199145600	2008	01	01	1	0.6	0.6	81883	-1111	2.31331	-1111	4.98943	
6605	1201824000	2008	02	01	1	0.6	0.6	82065	-1111	2.55821	-1111	5.0139	
6634	1204329600	2008	03	01	1	0.6	0.6	82269	-1111	2.55821	-1111	5.06208	
6665	1207008000	2008	04	01	1	0.6	0.6	82443	-1111	2.55821	-1111	5.36063	
6695	1209600000	2008	05	01	1	0.6	0.6	82648	-1111	2.55821	-1111	5.58429	
6726	1212278400	2008	06	01	1	0.6	0.6	82803	-1111	2.55821	-1111	5.62707	
6756	1214870400	2008	07	01	1	0.6	0.6	82998	-1111	2.55821	-1111	5.71981	
6787	1217548800	2008	08	01	1	0.6	0.6	83208	-1111	2.55821	-1111	5.87071	
6818	1220227200	2008	09	01	1	0.6	0.6	83402	-1111	2.55821	-1111	5.86301	
6848	1222819200	2008	10	01	1	0.6	0.6	83576	-1111	2.55821	-1111	5.7854	
6879	1225497600	2008	11	01	1	0.6	0.6	83778	-1111	2.55821	-1111	5.82615	
6909	1228089600	2008	12	01	1	0.6	0.6	83975	-1111	2.55821	-1111	5.76107	
6940	1230768000	2009	01	01	1	0.6	0.6	84147	-1111	2.55821	-1111	5.87578	
6971	1233446400	2009	02	01	1	0.6	0.6	84350	-1111	3.24586	-1111	6.14279	
6999	1235865600	2009	03	01	1	0.6	0.6	84520	-1111	3.24586	-1111	6.14303	
7030	1238544000	2009	04	01	1	0.6	0.6	84703	-1111	3.24586	-1111	6.01212	
7060	1241136000	2009	05	01	1	0.6	0.6	84917	-1111	3.24586	-1111	5.80058	
7091	1243814400	2009	06	01	1	0.6	0.6	85125	-1111	3.24586	-1111	5.80137	
7121	1246406400	2009	07	01	1	0.6	0.6	85330	-1111	3.24586	-1111	5.75546	
7152	1249084800	2009	08	01	1	0.6	0.6	85500	-1111	3.24586	-1111	5.15369	
7183	1251763200	2009	09	01	1	0.6	0.6	85721	-1111	3.24586	-1111	4.51471	
7213	1254355200	2009	10	01	1	0.6	0.6	85925	-1111	3.24586	-1111	4.10665	
7244	1257033600	2009	11	01	1	0.6	0.6	86106	-1111	3.24586	-1111	3.91399	
7274	1259625600	2009	12	01	1	0.6	0.6	86290	-1111	3.24586	-1111	3.81981	
7305	1262304000	2010	01	01	1	0.6	0.6	86508	-1111	3.24586	-1111	3.84319	
7336	1264982400	2010	02	01	1	0.6	0.6	86730	-1111	2.93424	-1111	3.6893	
7364	1267401600	2010	03	01	1	0.6	0.6	86916	-1111	2.93424	-1111	3.46568	
7395	1270080000	2010	04	01	1	0.6	0.6	87099	-1111	2.93424	-1111	3.29151	
7425	1272672000	2010	05	01	1	0.6	0.6	87315	-1111	2.93424	-1111	2.91049	
7456	1275350400	2010	06	01	1	0.6	0.6	87558	-1111	2.93424	-1111	2.71793	
7486	1277942400	2010	07	01	1	0.6	0.6	87751	-1111	2.93424	-1111	2.83229	
7517	1280620800	2010	08	01	1	0.6	0.6	87946	-1111	2.93424	-1111	2.84902	
7548	1283299200	2010	09	01	1	0.6	0.6	88170	-1111	2.93424	-1111	2.87196	
7578	1285891200	2010	10	01	1	0.6	0.6	88375	-1111	2.93424	-1111	2.82843	
7609	1288569600	2010	11	01	1	0.6	0.6	88597	-1111	2.93424	-1111	2.95597	
7639	1291161600	2010	12	01	1	0.6	0.6	88795	-1111	2.93424	-1111	2.97514	
7670	1293840000	2011	01	01	1	0.6	0.6	89010	-1111	2.93424	-1111	2.87111	
7701	1296518400	2011	02	01	1	0.6	0.6	89244	-1111	1.86035	-1111	3.06848	
7729	1298937600	2011	03	01	1	0.6	0.6	89452	-1111	1.86035	-1111	3.11487	
7760	1301616000	2011	04	01	1	0.6	0.6	89632	-1111	1.86035	-1111	3.04659	
7790	1304208000	2011	05	01	1	0.6	0.6	89821	-1111	1.86035	-1111	3.23411	
7821	1306886400	2011	06	01	1	0.6	0.6	90055	-1111	1.86035	-1111	3.25164	
7851	1309478400	2011	07	01	1	0.6	0.6	90291	-1111	1.86035	-1111	3.32639	
7882	1312156800	2011	08	01	1	0.6	0.6	90535	-1111	1.86035	-1111	3.63763	
7913	1314835200	2011	09	01	1	0.6	0.6	90774	-1111	1.86035	-1111	3.75016	
7943	1317427200	2011	10	01	1	0.6	0.6	90966	-1111	1.86035	-1111	3.76609	
7974	1320105600	2011	11	01	1	0.6	0.6	91192	-1111	1.86035	-1111	3.71806	
8004	1322697600	2011	12	01	1	0.6	0.6	91398	-1111	1.86035	-1111	4.02479	
8035	1325376000	2012	01	01	1	0.6	0.6	91600	-1111	1.86035	-1111	4.21161	
8066	1328054400	2012	02	01	1	0.6	0.6	91853	-1111	2.19063	-1111	4.38957	
8095	1330560000	2012	03	01	1	0.6	0.6	92095	-1111	2.19063	-1111	4.52448	
8126	1333238400	2012	04	01	1	0.6	0.6	92277	-1111	2.19063	-1111	4.72206	
8156	1335830400	2012	05	01	1	0.6	0.6	92492	-1111	2.19063	-1111	4.98084	
8187	1338508800	2012	06	01	1	0.6	0.6	92703	-1111	2.19063	-1111	4.82153	
8217	1341100800	2012	07	01	1	0.6	0.6	92940	-1111	2.19063	-1111	4.85338	
8248	1343779200	2012	08	01	1	0.6	0.6	93160	-1111	2.19063	-1111	4.84526	
8279	1346457600	2012	09	01	1	0.6	0.6	93368	-1111	2.19063	-1111	5.05229	
8309	1349049600	2012	10	01	1	0.6	0.6	93551	-1111	2.19063	-1111	5.08346	
8340	1351728000	2012	11	01	1	0.6	0.6	93778	-1111	2.19063	-1111	5.0467	
8370	1354320000	2012	12	01	1	0.6	0.6	93978	-1111	2.19063	-1111	5.01903	
8401	1356998400	2013	01	01	1	0.6	0.6	94165	-1111	2.19063	-1111	5.31413	
8432	1359676800	2013	02	01	1	0.6	0.6	94377	-1111	2.9683	-1111	5.21471	
8460	1362096000	2013	03	01	1	0.6	0.6	94563	-1111	2.9683	-1111	5.08052	
8491	1364774400	2013	04	01	1	0.6	0.6	94789	-1111	2.9683	-1111	4.99212	
8521	1367366400	2013	05	01	1	0.6	0.6	94987	-1111	2.9683	-1111	4.99213	
8552	1370044800	2013	06	01	1	0.6	0.6	95165	-1111	2.9683	-1111	5.10904	
8582	1372636800	2013	07	01	1	0.6	0.6	95381	-1111	2.9683	-1111	4.96004	
8613	1375315200	2013	08	01	1	0.6	0.6	95558	-1111	2.9683	-1111	5.37188	
8644	1377993600	2013	09	01	1	0.6	0.6	95796	-1111	2.9683	-1111	5.60878	
8674	1380585600	2013	10	01	1	0.6	0.6	96009	-1111	2.9683	-1111	5.89653	
8705	1383264000	2013	11	01	1	0.6	0.6	96203	-1111	2.9683	-1111	6.03279	
8735	1385856000	2013	12	01	1	0.6	0.6	96430	-1111	2.9683	-1111	6.07133	
8766	1388534400	2014	01	01	1	0.6	0.6	96653	-1111	2.9683	-1111	6.0125	
8797	1391212800	2014	02	01	1	0.6	0.6	96896	-1111	3.15838	-1111	5.97734	
8825	1393632000	2014	03	01	1	0.6	0.6	97109	-1111	3.15838	-1111	6.08026	
8856	1396310400	2014	04	01	1	0.6	0.6	97366	-1111	3.15838	-1111	5.902	
8886	1398902400	2014	05	01	1	0.6	0.6	97622	-1111	3.15838	-1111	6.05513	
8917	1401580800	2014	06	01	1	0.6	0.6	97857	-1111	3.15838	-1111	5.9956	
8947	1404172800	2014	07	01	1	0.6	0.6	98086	-1111	3.15838	-1111	5.82517	
8978	1406851200	2014	08	01	1	0.6	0.6	98334	-1111	3.15838	-1111	5.64882	
9009	1409529600	2014	09	01	1	0.6	0.6	98508	-1111	3.15838	-1111	5.57827	
9039	1412121600	2014	10	01	1	0.6	0.6	98736	-1111	3.15838	-1111	5.48	
9070	1414800000	2014	11	01	1	0.6	0.6	98991	-1111	3.15838	-1111	5.6553	
9100	1417392000	2014	12	01	1	0.6	0.6	99222	-1111	3.15838	-1111	5.57772	
9131	1420070400	2015	01	01	1	0.6	0.6	99480	-1111	3.15838	-1111	5.75071	
9162	1422748800	2015	02	01	1	0.6	0.6	99717	-1111	3.1752	-1111	5.63757	
9190	1425168000	2015	03	01	1	0.6	0.6	99934	-1111	3.1752	-1111	5.70374	
9221	1427846400	2015	04	01	1	0.6	0.6	100173	-1111	3.1752	-1111	5.70174	
9251	1430438400	2015	05	01	1	0.6	0.6	100390	-1111	3.1752	-1111	5.46172	
9282	1433116800	2015	06	01	1	0.6	0.6	100626	-1111	3.1752	-1111	5.43181	
9312	1435708800	2015	07	01	1	0.6	0.6	100877	-1111	3.1752	-1111	5.36244	
9343	1438387200	2015	08	01	1	0.6	0.6	101135	-1111	3.1752	-1111	4.76618	
9374	1441065600	2015	09	01	1	0.6	0.6	101364	-1111	3.1752	-1111	3.94368	
9404	1443657600	2015	10	01	1	0.6	0.6	101584	-1111	3.1752	-1111	3.63474	
9435	1446336000	2015	11	01	1	0.6	0.6	101849	-1111	3.1752	-1111	3.49864	
9465	1448928000	2015	12	01	1	0.6	0.6	102081	-1111	3.1752	-1111	3.27869	
9496	1451606400	2016	01	01	1	0.6	0.6	102316	-1111	3.1752	-1111	3.03054	
9527	1454284800	2016	02	01	1	0.6	0.6	102593	-1111	2.64646	-1111	2.77522	
9556	1456790400	2016	03	01	1	0.6	0.6	102812	-1111	2.64646	-1111	2.74687	
9587	1459468800	2016	04	01	1	0.6	0.6	102990	-1111	2.64646	-1111	2.87976	
9617	1462060800	2016	05	01	1	0.6	0.6	103249	-1111	2.64646	-1111	2.89099	
9648	1464739200	2016	06	01	1	0.6	0.6	103522	-1111	2.64646	-1111	2.78189	
9678	1467331200	2016	07	01	1	0.6	0.6	103768	-1111	2.64646	-1111	2.67668	
9709	1470009600	2016	08	01	1	0.6	0.6	104012	-1111	2.64646	-1111	2.66273	
9740	1472688000	2016	09	01	1	0.6	0.6	104249	-1111	2.64646	-1111	2.76287	
9770	1475280000	2016	10	01	1	0.6	0.6	104479	-1111	2.64646	-1111	2.72693	
9801	1477958400	2016	11	01	1	0.6	0.6	104726	-1111	2.64646	-1111	2.81034	
9831	1480550400	2016	12	01	1	0.6	0.6	104999	-1111	2.64646	-1111	2.7983	
9862	1483228800	2017	01	01	1	0.6	0.6	105276	-1111	2.64646	-1111	2.8178	
9893	1485907200	2017	02	01	1	0.6	0.6	105508	-1111	1.69104	-1111	2.72561	
9921	1488326400	2017	03	01	1	0.6	0.6	105722	-1111	1.69104	-1111	2.72347	
9952	1491004800	2017	04	01	1	0.6	0.6	105969	-1111	1.69104	-1111	2.75947	
9982	1493596800	2017	05	01	1	0.6	0.6	106179	-1111	1.69104	-1111	2.92345	
10013	1496275200	2017	06	01	1	0.6	0.6	106455	-1111	1.69104	-1111	2.85386	
10043	1498867200	2017	07	01	1	0.6	0.6	106700	-1111	1.69104	-1111	3.00393	
10074	1501545600	2017	08	01	1	0.6	0.6	106979	-1111	1.69104	-1111	3.1431	
10105	1504224000	2017	09	01	1	0.6	0.6	107256	-1111	1.69104	-1111	3.42198	
10135	1506816000	2017	10	01	1	0.6	0.6	107532	-1111	1.69104	-1111	3.60853	
10166	1509494400	2017	11	01	1	0.6	0.6	107769	-1111	1.69104	-1111	3.6713	
10196	1512086400	2017	12	01	1	0.6	0.6	108018	-1111	1.69104	-1111	3.89088	
10227	1514764800	2018	01	01	1	0.6	0.6	108285	-1111	1.69104	-1111	4.31689	
10258	1517443200	2018	02	01	1	0.6	0.6	108590	-1111	2.01735	-1111	4.35842	
10286	1519862400	2018	03	01	1	0.6	0.6	108830	-1111	2.01735	-1111	4.61092	
10317	1522540800	2018	04	01	1	0.6	0.6	109115	-1111	2.01735	-1111	4.72136	
10347	1525132800	2018	05	01	1	0.6	0.6	109324	-1111	2.01735	-1111	4.95883	
10378	1527811200	2018	06	01	1	0.6	0.6	109598	-1111	2.01735	-1111	5.0346	
10408	1530403200	2018	07	01	1	0.6	0.6	109865	-1111	2.01735	-1111	5.09955	
10439	1533081600	2018	08	01	1	0.6	0.6	110110	-1111	2.01735	-1111	5.17489	
10470	1535760000	2018	09	01	1	0.6	0.6	110349	-1111	2.01735	-1111	5.15434	
10500	1538352000	2018	10	01	1	0.6	0.6	110605	-1111	2.01735	-1111	5.17807	
10531	1541030400	2018	11	01	1	0.6	0.6	110877	-1111	2.01735	-1111	5.36351	
10561	1543622400	2018	12	01	1	0.6	0.6	111147	-1111	2.01735	-1111	5.32444	
10592	1546300800	2019	01	01	1	0.6	0.6	111399	-1111	2.01735	-1111	5.5361	
10623	1548979200	2019	02	01	1	0.6	0.6	111682	-1111	3.05397	-1111	5.48675	
10651	1551398400	2019	03	01	1	0.6	0.6	111931	-1111	3.05397	-1111	5.70644	
10682	1554076800	2019	04	01	1	0.6	0.6	112243	-1111	3.05397	-1111	5.43852	
10712	1556668800	2019	05	01	1	0.6	0.6	112517	-1111	3.05397	-1111	5.56413	
10743	1559347200	2019	06	01	1	0.6	0.6	112781	-1111	3.05397	-1111	5.47012	
10773	1561939200	2019	07	01	1	0.6	0.6	113039	-1111	3.05397	-1111	5.55071	
10804	1564617600	2019	08	01	1	0.6	0.6	113282	-1111	3.05397	-1111	5.78073	
10835	1567296000	2019	09	01	1	0.6	0.6	113537	-1111	3.05397	-1111	6.0009	
10865	1569888000	2019	10	01	1	0.6	0.6	113762	-1111	3.05397	-1111	5.98382	
10896	1572566400	2019	11	01	1	0.6	0.6	114027	-1111	3.05397	-1111	6.02755	
10926	1575158400	2019	12	01	1	0.6	0.6	114272	-1111	3.05397	-1111	6.14866	
10957	1577836800	2020	01	01	1	0.6	0.6	114529	-1111	3.05397	-1111	6.22451	
10988	1580515200	2020	02	01	1	0.6	0.6	114824	-1111	3.35635	-1111	6.30824	
11017	1583020800	2020	03	01	1	0.6	0.6	115105	-1111	3.35635	-1111	6.09515	
11048	1585699200	2020	04	01	1	0.6	0.6	115380	-1111	3.35635	-1111	6.19298	
11078	1588291200	2020	05	01	1	0.6	0.6	115657	-1111	3.35635	-1111	6.48854	
11109	1590969600	2020	06	01	1	0.6	0.6	115940	-1111	3.35635	-1111	6.43549	
11139	1593561600	2020	07	01	1	0.6	0.6	116213	-1111	3.35635	-1111	6.32008	
11170	1596240000	2020	08	01	1	0.6	0.6	116451	-1111	3.35635	-1111	6.08115	
11201	1598918400	2020	09	01	1	0.6	0.6	116716	-1111	3.35635	-1111	6.0732	
11231	1601510400	2020	10	01	1	0.6	0.6	116996	-1111	3.35635	-1111	5.91993	
11262	1604188800	2020	11	01	1	0.6	0.6	117260	-1111	3.35635	-1111	6.09537	
11292	1606780800	2020	12	01	1	0.6	0.6	117541	-1111	3.35635	-1111	6.03322	
11323	1609459200	2021	01	01	1	0.6	0.6	117816	-1111	3.35635	-1111	6.04031	
11354	1612137600	2021	02	01	1	0.6	0.6	118088	-1111	3.37249	-1111	5.99769	
11382	1614556800	2021	03	01	1	0.6	0.6	118389	-1111	3.37249	-1111	5.80164	
11413	1617235200	2021	04	01	1	0.6	0.6	118652	-1111	3.37249	-1111	5.64222	
11443	1619827200	2021	05	01	1	0.6	0.6	118932	-1111	3.37249	-1111	5.42552	
11474	1622505600	2021	06	01	1	0.6	0.6	119208	-1111	3.37249	-1111	5.35638	
11504	1625097600	2021	07	01	1	0.6	0.6	119449	-1111	3.37249	-1111	5.3729	
11535	1627776000	2021	08	01	1	0.6	0.6	119708	-1111	3.37249	-1111	4.76315	
11566	1630454400	2021	09	01	1	0.6	0.6	119986	-1111	3.37249	-1111	4.05401	
11596	1633046400	2021	10	01	1	0.6	0.6	120283	-1111	3.37249	-1111	3.91998	
11627	1635724800	2021	11	01	1	0.6	0.6	120570	-1111	3.37249	-1111	3.60372	
11657	1638316800	2021	12	01	1	0.6	0.6	120859	-1111	3.37249	-1111	3.3385	
11688	1640995200	2022	01	01	1	0.6	0.6	121154	-1111	3.37249	-1111	3.09348	
11719	1643673600	2022	02	01	1	0.6	0.6	121432	-1111	2.66533	-1111	2.82979	
11747	1646092800	2022	03	01	1	0.6	0.6	121686	-1111	2.66533	-1111	2.76371	
11778	1648771200	2022	04	01	1	0.6	0.6	121991	-1111	2.66533	-1111	2.83251	
11808	1651363200	2022	05	01	1	0.6	0.6	122242	-1111	2.66533	-1111	2.75886	
11839	1654041600	2022	06	01	1	0.6	0.6	122519	-1111	2.66533	-1111	2.55897	
11869	1656633600	2022	07	01	1	0.6	0.6	122802	-1111	2.66533	-1111	2.54914	
11900	1659312000	2022	08	01	1	0.6	0.6	123077	-1111	2.66533	-1111	2.49453	
11931	1661990400	2022	09	01	1	0.6	0.6	123403	-1111	2.66533	-1111	2.68216	
11961	1664582400	2022	10	01	1	0.6	0.6	123644	-1111	2.66533	-1111	2.59121	
11992	1667260800	2022	11	01	1	0.6	0.6	123935	-1111	2.66533	-1111	2.67129	
12022	1669852800	2022	12	01	1	0.6	0.6	124201	-1111	2.66533	-1111	2.72105	
12053	1672531200	2023	01	01	1	0.6	0.6	124477	-1111	2.66533	-1111	2.84568	
12084	1675209600	2023	02	01	1	0.6	0.6	124771	-1111	1.66009	-1111	2.84945	
12112	1677628800	2023	03	01	1	0.6	0.6	125025	-1111	1.66009	-1111	2.84795	
12143	1680307200	2023	04	01	1	0.6	0.6	125318	-1111	1.66009	-1111	3.00455	
12173	1682899200	2023	05	01	1	0.6	0.6	125624	-1111	1.66009	-1111	2.9346	
12204	1685577600	2023	06	01	1	0.6	0.6	125940	-1111	1.66009	-1111	3.04007	
12234	1688169600	2023	07	01	1	0.6	0.6	126212	-1111	1.66009	-1111	3.13815	
12265	1690848000	2023	08	01	1	0.6	0.6	126499	-1111	1.66009	-1111	3.46127	
12296	1693526400	2023	09	01	1	0.6	0.6	126791	-1111	1.66009	-1111	3.80577	
12326	1696118400	2023	10	01	1	0.6	0.6	127120	-1111	1.66009	-1111	4.06918	
12357	1698796800	2023	11	01	1	0.6	0.6	127444	-1111	1.66009	-1111	4.16424	
12387	1701388800	2023	12	01	1	0.6	0.6	127729	-1111	1.66009	-1111	4.32978	
12418	1704067200	2024	01	01	1	0.6	0.6	128070	-1111	1.66009	-1111	4.57186	
12449	1706745600	2024	02	01	1	0.6	0.6	128351	-1111	2.17799	-1111	4.78271	
12478	1709251200	2024	03	01	1	0.6	0.6	128605	-1111	2.17799	-1111	5.18619	
12509	1711929600	2024	04	01	1	0.6	0.6	128884	-1111	2.17799	-1111	5.2576	
12539	1714521600	2024	05	01	1	0.6	0.6	129161	-1111	2.17799	-1111	5.41411	
12570	1717200000	2024	06	01	1	0.6	0.6	129472	-1111	2.17799	-1111	5.31302	
12600	1719792000	2024	07	01	1	0.6	0.6	129731	-1111	2.17799	-1111	5.43927	
12631	1722470400	2024	08	01	1	0.6	0.6	130022	-1111	2.17799	-1111	5.6485	
12662	1725148800	2024	09	01	1	0.6	0.6	130329	-1111	2.17799	-1111	5.71114	
12692	1727740800	2024	10	01	1	0.6	0.6	130644	-1111	2.17799	-1111	5.6643	
12723	1730419200	2024	11	01	1	0.6	0.6	130930	-1111	2.17799	-1111	5.81234	
12753	1733011200	2024	12	01	1	0.6	0.6	131241	-1111	2.17799	-1111	5.81598	
12784	1735689600	2025	01	01	1	0.6	0.6	131539	-1111	2.17799	-1111	5.79958	
12815	1738368000	2025	02	01	1	0.6	0.6	131863	-1111	3.24576	-1111	5.78666	
12843	1740787200	2025	03	01	1	0.6	0.6	132114	-1111	3.24576	-1111	5.79182	
12874	1743465600	2025	04	01	1	0.6	0.6	132459	-1111	3.24576	-1111	5.67332	
12904	1746057600	2025	05	01	1	0.6	0.6	132743	-1111	3.24576	-1111	5.68169	
12935	1748736000	2025	06	01	1	0.6	0.6	132991	-1111	3.24576	-1111	5.48001	
12965	1751328000	2025	07	01	1	0.6	0.6	133279	-1111	3.24576	-1111	5.50151	
12996	1754006400	2025	08	01	1	0.6	0.6	133605	-1111	3.24576	-1111	5.66504	
13027	1756684800	2025	09	01	1	0.6	0.6	133890	-1111	3.24576	-1111	5.99716	
13057	1759276800	2025	10	01	1	0.6	0.6	134229	-1111	3.24576	-1111	5.95324	
13088	1761955200	2025	11	01	1	0.6	0.6	134547	-1111	3.24576	-1111	5.87405	
13118	1764547200	2025	12	01	1	0.6	0.6	134832	-1111	3.24576	-1111	6.07045	
13149	1767225600	2026	01	01	1	0.6	0.6	135138	-1111	3.24576	-1111	5.88505	
13180	1769904000	2026	02	01	1	0.6	0.6	135399	-1111	3.26579	-1111	6.11216	
13208	1772323200	2026	03	01	1	0.6	0.6	135692	-1111	3.26579	-1111	6.11451	
13239	1775001600	2026	04	01	1	0.6	0.6	136056	-1111	3.26579	-1111	6.11121	
13269	1777593600	2026	05	01	1	0.6	0.6	136353	-1111	3.26579	-1111	5.95621	
13300	1780272000	2026	06	01	1	0.6	0.6	136692	-1111	3.26579	-1111	5.83556	
13330	1782864000	2026	07	01	1	0.6	0.6	137022	-1111	3.26579	-1111	5.66547	
13361	1785542400	2026	08	01	1	0.6	0.6	137369	-1111	3.26579	-1111	5.55241	
13392	1788220800	2026	09	01	1	0.6	0.6	137699	-1111	3.26579	-1111	5.54771	
13422	1790812800	2026	10	01	1	0.6	0.6	138044	-1111	3.26579	-1111	5.42102	
13453	1793491200	2026	11	01	1	0.6	0.6	138395	-1111	3.26579	-1111	5.17042	
13483	1796083200	2026	12	01	1	0.6	0.6	138687	-1111	3.26579	-1111	5.13432	
13514	1798761600	2027	01	01	1	0.6	0.6	138995	-1111	3.26579	-1111	5.08024	
13545	1801440000	2027	02	01	1	0.6	0.6	139312	-1111	3.04829	-1111	5.13573	
13573	1803859200	2027	03	01	1	0.6	0.6	139638	-1111	3.04829	-1111	5.23233	
13604	1806537600	2027	04	01	1	0.6	0.6	140002	-1111	3.04829	-1111	5.15604	
13634	1809129600	2027	05	01	1	0.6	0.6	140303	-1111	3.04829	-1111	5.20363	
13665	1811808000	2027	06	01	1	0.6	0.6	140625	-1111	3.04829	-1111	4.98836	
13695	1814400000	2027	07	01	1	0.6	0.6	140974	-1111	3.04829	-1111	5.12062	
13726	1817078400	2027	08	01	1	0.6	0.6	141311	-1111	3.04829	-1111	4.60537	
13757	1819756800	2027	09	01	1	0.6	0.6	141629	-1111	3.04829	-1111	3.96983	
13787	1822348800	2027	10	01	1	0.6	0.6	141908	-1111	3.04829	-1111	3.51046	
13818	1825027200	2027	11	01	1	0.6	0.6	142243	-1111	3.04829	-1111	3.28542	
13848	1827619200	2027	12	01	1	0.6	0.6	142561	-1111	3.04829	-1111	3.22775	
13879	1830297600	2028	01	01	1	0.6	0.6	142877	-1111	3.04829	-1111	3.1389	
13910	1832976000	2028	02	01	1	0.6	0.6	143192	-1111	2.54129	-1111	3.00602	
13939	1835481600	2028	03	01	1	0.6	0.6	143506	-1111	2.54129	-1111	2.97269	
13970	1838160000	2028	04	01	1	0.6	0.6	143857	-1111	2.54129	-1111	2.89356	
14000	1840752000	2028	05	01	1	0.6	0.6	144172	-1111	2.54129	-1111	2.79656	
14031	1843430400	2028	06	01	1	0.6	0.6	144495	-1111	2.54129	-1111	2.74937	
14061	1846022400	2028	07	01	1	0.6	0.6	144841	-1111	2.54129	-1111	2.77875	
14092	1848700800	2028	08	01	1	0.6	0.6	145193	-1111	2.54129	-1111	2.77442	
14123	1851379200	2028	09	01	1	0.6	0.6	145528	-1111	2.54129	-1111	2.58023	
14153	1853971200	2028	10	01	1	0.6	0.6	145849	-1111	2.54129	-1111	2.65442	
14184	1856649600	2028	11	01	1	0.6	0.6	146180	-1111	2.54129	-1111	2.60573	
14214	1859241600	2028	12	01	1	0.6	0.6	146519	-1111	2.54129	-1111	2.73106	
14245	1861920000	2029	01	01	1	0.6	0.6	146822	-1111	2.54129	-1111	2.78544	
14276	1864598400	2029	02	01	1	0.6	0.6	147142	-1111	1.77334	-1111	2.6643	
14304	1867017600	2029	03	01	1	0.6	0.6	147460	-1111	1.77334	-1111	2.92367	
14335	1869696000	2029	04	01	1	0.6	0.6	147806	-1111	1.77334	-1111	2.82954	
14365	1872288000	2029	05	01	1	0.6	0.6	148125	-1111	1.77334	-1111	2.87933	
14396	1874966400	2029	06	01	1	0.6	0.6	148479	-1111	1.77334	-1111	2.9435	
14426	1877558400	2029	07	01	1	0.6	0.6	148831	-1111	1.77334	-1111	2.89414	
14457	1880236800	2029	08	01	1	0.6	0.6	149149	-1111	1.77334	-1111	2.96571	
14488	1882915200	2029	09	01	1	0.6	0.6	149513	-1111	1.77334	-1111	3.33081	
14518	1885507200	2029	10	01	1	0.6	0.6	149846	-1111	1.77334	-1111	3.63551	
14549	1888185600	2029	11	01	1	0.6	0.6	150205	-1111	1.77334	-1111	3.99605	
14579	1890777600	2029	12	01	1	0.6	0.6	150528	-1111	1.77334	-1111	4.32821	
14610	1893456000	2030	01	01	1	0.6	0.6	150879	-1111	1.77334	-1111	4.66001	
