0	631152000	1990	01	01	1	0.6	0.5	50000	-1111	0	-1111	4.69111	
31	633830400	1990	02	01	1	0	0	50153	-1111	0	-1111	12.355	
59	636249600	1990	03	01	1	0	0	50268	-1111	0	-1111	15.0561	
90	638928000	1990	04	01	1	0	0	50370	-1111	0	-1111	14.9196	
120	641520000	1990	05	01	1	0	0	50467	-1111	0	-1111	17.9071	
151	644198400	1990	06	01	1	0	0	50605	-1111	0	-1111	19.1927	
181	646790400	1990	07	01	1	0	0	50700	-1111	0	-1111	20.1336	
212	649468800	1990	08	01	1	0	0	50801	-1111	0	-1111	21.0881	
243	652147200	1990	09	01	1	0	0	50920	-1111	0	-1111	21.1025	
273	654739200	1990	10	01	1	0	0	51006	-1111	0	-1111	20.9184	
304	657417600	1990	11	01	1	0	0	51123	-1111	0	-1111	19.9914	
334	660009600	1990	12	01	1	0	0	51243	-1111	0	-1111	18.9259	
365	662688000	1991	01	01	1	0	0	51348	-1111	0	-1111	17.614	
396	665366400	1991	02	01	1	0	0	51455	-1111	0	-1111	16.3001	
424	667785600	1991	03	01	1	0	0	51568	-1111	0	-1111	14.7324	
455	670464000	1991	04	01	1	0	0	51696	-1111	0	-1111	13.1308	
485	673056000	1991	05	01	1	0	0	51797	-1111	0	-1111	11.443	
516	675734400	1991	06	01	1	0	0	51903	-1111	0	-1111	10.3109	
546	678326400	1991	07	01	1	0	0	52017	-1111	0	-1111	9.52592	
577	681004800	1991	08	01	1	0	0	52141	-1111	0	-1111	8.45081	
608	683683200	1991	09	01	1	0	0	52259	-1111	0	-1111	7.72094	
638	686275200	1991	10	01	1	0	0	52380	-1111	0	-1111	7.08473	
669	688953600	1991	11	01	1	0	0	52487	-1111	0	-1111	6.93663	
699	691545600	1991	12	01	1	0	0	52589	-1111	0	-1111	6.85654	
730	694224000	1992	01	01	1	0	0	52702	-1111	0	-1111	6.41424	
761	696902400	1992	02	01	1	0	0	52817	-1111	5.10343	-1111	6.07159	
790	699408000	1992	03	01	1	0	0	52915	-1111	5.10343	-1111	5.83396	
821	702086400	1992	04	01	1	0	0	53018	-1111	5.10343	-1111	5.7421	
851	704678400	1992	05	01	1	0	0	53126	-1111	5.10343	-1111	5.46716	
882	707356800	1992	06	01	1	0	0	53255	-1111	5.10343	-1111	5.57099	
912	709948800	1992	07	01	1	0	0	53381	-1111	5.10343	-1111	5.43886	
943	712627200	1992	08	01	1	0	0	53494	-1111	5.10343	-1111	5.50886	
974	715305600	1992	09	01	1	0	0	53630	-1111	5.10343	-1111	5.7842	
1004	717897600	1992	10	01	1	0	0	53750	-1111	5.10343	-1111	5.96903	
1035	720576000	1992	11	01	1	0	0	53890	-1111	5.10343	-1111	6.14913	
1065	723168000	1992	12	01	1	0	0	54021	-1111	5.10343	-1111	6.26817	
1096	725846400	1993	01	01	1	0	0	54172	-1111	5.10343	-1111	6.6374	
1127	728524800	1993	02	01	1	0	0	54306	-1111	3.02064	-1111	7.31599	
1155	730944000	1993	03	01	1	0	0	54424	-1111	3.02064	-1111	7.71628	
1186	733622400	1993	04	01	1	0	0	54565	-1111	3.02064	-1111	8.10189	
1216	736214400	1993	05	01	1	0	0	54700	-1111	3.02064	-1111	8.62082	
1247	738892800	1993	06	01	1	0	0	54844	-1111	3.02064	-1111	8.85316	
1277	741484800	1993	07	01	1	0	0	54966	-1111	3.02064	-1111	9.06396	
1308	744163200	1993	08	01	1	0	0	55108	-1111	3.02064	-1111	9.19115	
1339	746841600	1993	09	01	1	0	0	55236	-1111	3.02064	-1111	8.99259	
1369	749433600	1993	10	01	1	0	0	55366	-1111	3.02064	-1111	9.13191	
1400	752112000	1993	11	01	1	0	0	55485	-1111	3.02064	-1111	9.236	
1430	754704000	1993	12	01	1	0	0	55601	-1111	3.02064	-1111	9.29236	
1461	757382400	1994	01	01	1	0	0	55738	-1111	3.02064	-1111	9.36647	
1492	760060800	1994	02	01	1	0	0	55866	-1111	4.64339	-1111	9.31503	
1520	762480000	1994	03	01	1	0	0	55990	-1111	4.64339	-1111	9.33697	
1551	765158400	1994	04	01	1	0	0	56100	-1111	4.64339	-1111	9.28398	
1581	767750400	1994	05	01	1	0	0	56228	-1111	4.64339	-1111	9.07282	
1612	770428800	1994	06	01	1	0	0	56359	-1111	4.64339	-1111	9.09962	
1642	773020800	1994	07	01	1	0	0	56466	-1111	4.64339	-1111	8.87548	
1673	775699200	1994	08	01	1	0	0	56578	-1111	4.64339	-1111	8.36703	
1704	778377600	1994	09	01	1	0	0	56704	-1111	4.64339	-1111	8.35534	
1734	780969600	1994	10	01	1	0	0	56817	-1111	4.64339	-1111	8.16356	
1765	783648000	1994	11	01	1	0	0	56934	-1111	4.64339	-1111	8.16685	
1795	786240000	1994	12	01	1	0	0	57062	-1111	4.64339	-1111	8.10278	
1826	788918400	1995	01	01	1	0	0	57181	-1111	4.64339	-1111	8.07227	
1857	791596800	1995	02	01	1	0	0	57288	-1111	4.45122	-1111	8.20923	
1885	794016000	1995	03	01	1	0	0	57437	-1111	4.45122	-1111	8.19078	
1916	796694400	1995	04	01	1	0	0	57580	-1111	4.45122	-1111	8.0246	
1946	799286400	1995	05	01	1	0	0	57712	-1111	4.45122	-1111	7.68898	
1977	801964800	1995	06	01	1	0	0	57833	-1111	4.45122	-1111	7.78002	
2007	804556800	1995	07	01	1	0	0	57961	-1111	4.45122	-1111	7.66902	
2038	807235200	1995	08	01	1	0	0	58108	-1111	4.45122	-1111	7.80744	
2069	809913600	1995	09	01	1	0	0	58255	-1111	4.45122	-1111	8.03879	
2099	812505600	1995	10	01	1	0	0	58363	-1111	4.45122	-1111	7.95438	
2130	815184000	1995	11	01	1	0	0	58495	-1111	4.45122	-1111	7.86549	
2160	817776000	1995	12	01	1	0	0	58626	-1111	4.45122	-1111	7.77786	
2191	820454400	1996	01	01	1	0	0	58755	-1111	4.45122	-1111	7.88325	
2222	823132800	1996	02	01	1	0	0	58878	-1111	4.0965	-1111	7.87328	
2251	825638400	1996	03	01	1	0	0	58997	-1111	4.0965	-1111	7.70494	
2282	828316800	1996	04	01	1	0	0	59143	-1111	4.0965	-1111	8.0613	
2312	830908800	1996	05	01	1	0	0	59289	-1111	4.0965	-1111	8.20454	
2343	833587200	1996	06	01	1	0	0	59415	-1111	4.0965	-1111	8.50444	
2373	836179200	1996	07	01	1	0	0	59542	-1111	4.0965	-1111	8.49734	
2404	838857600	1996	08	01	1	0	0	59696	-1111	4.0965	-1111	8.27601	
2435	841536000	1996	09	01	1	0	0	59825	-1111	4.0965	-1111	8.5301	
2465	844128000	1996	10	01	1	0	0	59969	-1111	4.0965	-1111	8.5688	
2496	846806400	1996	11	01	1	0	0	60106	-1111	4.0965	-1111	8.43391	
2526	849398400	1996	12	01	1	0	0	60222	-1111	4.0965	-1111	8.392	
2557	852076800	1997	01	01	1	0	0	60354	-1111	4.0965	-1111	8.30234	
2588	854755200	1997	02	01	1	0	0	60504	-1111	4.28249	-1111	8.44133	
2616	857174400	1997	03	01	1	0	0	60642	-1111	4.28249	-1111	8.39039	
2647	859852800	1997	04	01	1	0	0	60780	-1111	4.28249	-1111	8.32461	
2677	862444800	1997	05	01	1	0	0	60909	-1111	4.28249	-1111	8.38791	
2708	865123200	1997	06	01	1	0	0	61053	-1111	4.28249	-1111	8.39253	
2738	867715200	1997	07	01	1	0	0	61158	-1111	4.28249	-1111	8.63244	
2769	870393600	1997	08	01	1	0	0	61328	-1111	4.28249	-1111	8.43976	
2800	873072000	1997	09	01	1	0	0	61491	-1111	4.28249	-1111	8.49605	
2830	875664000	1997	10	01	1	0	0	61630	-1111	4.28249	-1111	8.37769	
2861	878342400	1997	11	01	1	0	0	61770	-1111	4.28249	-1111	8.01932	
2891	880934400	1997	12	01	1	0	0	61917	-1111	4.28249	-1111	7.97876	
2922	883612800	1998	01	01	1	0	0	62046	-1111	4.28249	-1111	7.75108	
2953	886291200	1998	02	01	1	0	0	62211	-1111	4.12802	-1111	7.83492	
2981	888710400	1998	03	01	1	0	0	62374	-1111	4.12802	-1111	7.69178	
3012	891388800	1998	04	01	1	0	0	62511	-1111	4.12802	-1111	7.7396	
3042	893980800	1998	05	01	1	0	0	62663	-1111	4.12802	-1111	7.8446	
3073	896659200	1998	06	01	1	0	0	62788	-1111	4.12802	-1111	8.09893	
3103	899251200	1998	07	01	1	0	0	62951	-1111	4.12802	-1111	8.31357	
3134	901929600	1998	08	01	1	0	0	63104	-1111	4.12802	-1111	8.48546	
3165	904608000	1998	09	01	1	0	0	63242	-1111	4.12802	-1111	8.26859	
3195	907200000	1998	10	01	1	0	0	63405	-1111	4.12802	-1111	8.32042	
3226	909878400	1998	11	01	1	0	0	63550	-1111	4.12802	-1111	8.43195	
3256	912470400	1998	12	01	1	0	0	63722	-1111	4.12802	-1111	8.2953	
3287	915148800	1999	01	01	1	0	0	63871	-1111	4.12802	-1111	8.50509	
3318	917827200	1999	02	01	1	0	0	63982	-1111	4.09739	-1111	8.42738	
3346	920246400	1999	03	01	1	0	0	64118	-1111	4.09739	-1111	8.19181	
3377	922924800	1999	04	01	1	0	0	64256	-1111	4.09739	-1111	8.12338	
3407	925516800	1999	05	01	1	0	0	64412	-1111	4.09739	-1111	8.10757	
3438	928195200	1999	06	01	1	0	0	64546	-1111	4.09739	-1111	8.16003	
3468	930787200	1999	07	01	1	0	0	64682	-1111	4.09739	-1111	8.13769	
3499	933465600	1999	08	01	1	0	0	64806	-1111	4.09739	-1111	8.43563	
3530	936144000	1999	09	01	1	0	0	64952	-1111	4.09739	-1111	8.5961	
3560	938736000	1999	10	01	1	0	0	65090	-1111	4.09739	-1111	8.66532	
3591	941414400	1999	11	01	1	0	0	65223	-1111	4.09739	-1111	8.8772	
3621	944006400	1999	12	01	1	0	0	65350	-1111	4.09739	-1111	8.67739	
3652	946684800	2000	01	01	1	0	0	65479	-1111	4.09739	-1111	8.49215	
3683	949363200	2000	02	01	1	0.6	0.6	65620	-1111	4.26761	-1111	6.58231	
3712	951868800	2000	03	01	1	0.6	0.6	65739	-1111	4.26761	-1111	4.82134	
3743	954547200	2000	04	01	1	0.6	0.6	65929	-1111	4.26761	-1111	3.91725	
3773	957139200	2000	05	01	1	0.6	0.6	66068	-1111	4.26761	-1111	3.31461	
3804	959817600	2000	06	01	1	0.6	0.6	66216	-1111	4.26761	-1111	2.85218	
3834	962409600	2000	07	01	1	0.6	0.6	66375	-1111	4.26761	-1111	2.47908	
3865	965088000	2000	08	01	1	0.6	0.6	66537	-1111	4.26761	-1111	2.11947	
3896	967766400	2000	09	01	1	0.6	0.6	66702	-1111	4.26761	-1111	1.97173	
3926	970358400	2000	10	01	1	0.6	0.6	66838	-1111	4.26761	-1111	1.80701	
3957	973036800	2000	11	01	1	0.6	0.6	67014	-1111	4.26761	-1111	1.52695	
3987	975628800	2000	12	01	1	0.6	0.6	67177	-1111	4.26761	-1111	1.3879	
4018	978307200	2001	01	01	1	0.6	0.6	67335	-1111	4.26761	-1111	1.28907	
4049	980985600	2001	02	01	1	0.6	0.6	67477	-1111	1.78117	-1111	1.07216	
4077	983404800	2001	03	01	1	0.6	0.6	67625	-1111	1.78117	-1111	0.999236	
4108	986083200	2001	04	01	1	0.6	0.6	67775	-1111	1.78117	-1111	0.902696	
4138	988675200	2001	05	01	1	0.6	0.6	67926	-1111	1.78117	-1111	0.964292	
4169	991353600	2001	06	01	1	0.6	0.6	68084	-1111	1.78117	-1111	1.06352	
4199	993945600	2001	07	01	1	0.6	0.6	68234	-1111	1.78117	-1111	1.06048	
4230	996624000	2001	08	01	1	0.6	0.6	68404	-1111	1.78117	-1111	1.17333	
4261	999302400	2001	09	01	1	0.6	0.6	68583	-1111	1.78117	-1111	1.24688	
4291	1001894400	2001	10	01	1	0.6	0.6	68768	-1111	1.78117	-1111	1.37089	
4322	1004572800	2001	11	01	1	0.6	0.6	68922	-1111	1.78117	-1111	1.3291	
4352	1007164800	2001	12	01	1	0.6	0.6	69066	-1111	1.78117	-1111	1.38961	
4383	1009843200	2002	01	01	1	0.6	0.6	69214	-1111	1.78117	-1111	1.55387	
4414	1012521600	2002	02	01	1	0.6	0.6	69411	-1111	0.789511	-1111	1.59642	
4442	1014940800	2002	03	01	1	0.6	0.6	69554	-1111	0.789511	-1111	1.6681	
4473	1017619200	2002	04	01	1	0.6	0.6	69682	-1111	0.789511	-1111	1.92428	
4503	1020211200	2002	05	01	1	0.6	0.6	69848	-1111	0.789511	-1111	2.0278	
4534	1022889600	2002	06	01	1	0.6	0.6	69994	-1111	0.789511	-1111	2.34699	
4564	1025481600	2002	07	01	1	0.6	0.6	70182	-1111	0.789511	-1111	2.40172	
4595	1028160000	2002	08	01	1	0.6	0.6	70337	-1111	0.789511	-1111	2.51892	
4626	1030838400	2002	09	01	1	0.6	0.6	70506	-1111	0.789511	-1111	2.83912	
4656	1033430400	2002	10	01	1	0.6	0.6	70677	-1111	0.789511	-1111	3.27187	
4687	1036108800	2002	11	01	1	0.6	0.6	70861	-1111	0.789511	-1111	3.48459	
4717	1038700800	2002	12	01	1	0.6	0.6	71051	-1111	0.789511	-1111	3.50681	
4748	1041379200	2003	01	01	1	0.6	0.6	71228	-1111	0.789511	-1111	3.92452	
4779	1044057600	2003	02	01	1	0.6	0.6	71392	-1111	1.68361	-1111	4.09126	
4807	1046476800	2003	03	01	1	0.6	0.6	71550	-1111	1.68361	-1111	4.26816	
4838	1049155200	2003	04	01	1	0.6	0.6	71733	-1111	1.68361	-1111	4.38025	
4868	1051747200	2003	05	01	1	0.6	0.6	71892	-1111	1.68361	-1111	4.52718	
4899	1054425600	2003	06	01	1	0.6	0.6	72051	-1111	1.68361	-1111	4.75405	
4929	1057017600	2003	07	01	1	0.6	0.6	72214	-1111	1.68361	-1111	4.61522	
4960	1059696000	2003	08	01	1	0.6	0.6	72354	-1111	1.68361	-1111	5.05464	
4991	1062374400	2003	09	01	1	0.6	0.6	72518	-1111	1.68361	-1111	5.03597	
5021	1064966400	2003	10	01	1	0.6	0.6	72716	-1111	1.68361	-1111	5.07463	
5052	1067644800	2003	11	01	1	0.6	0.6	72871	-1111	1.68361	-1111	5.02031	
5082	1070236800	2003	12	01	1	0.6	0.6	73043	-1111	1.68361	-1111	4.91395	
5113	1072915200	2004	01	01	1	0.6	0.6	73219	-1111	1.68361	-1111	4.79693	
5144	1075593600	2004	02	01	1	0.6	0.6	73390	-1111	2.97697	-1111	4.82818	
5173	1078099200	2004	03	01	1	0.6	0.6	73552	-1111	2.97697	-1111	4.91538	
5204	1080777600	2004	04	01	1	0.6	0.6	73696	-1111	2.97697	-1111	4.84731	
5234	1083369600	2004	05	01	1	0.6	0.6	73858	-1111	2.97697	-1111	4.69355	
5265	1086048000	2004	06	01	1	0.6	0.6	74034	-1111	2.97697	-1111	4.60919	
5295	1088640000	2004	07	01	1	0.6	0.6	74191	-1111	2.97697	-1111	4.57296	
5326	1091318400	2004	08	01	1	0.6	0.6	74389	-1111	2.97697	-1111	4.33317	
5357	1093996800	2004	09	01	1	0.6	0.6	74572	-1111	2.97697	-1111	4.32626	
5387	1096588800	2004	10	01	1	0.6	0.6	74718	-1111	2.97697	-1111	4.50892	
5418	1099267200	2004	11	01	1	0.6	0.6	74917	-1111	2.97697	-1111	4.56377	
5448	1101859200	2004	12	01	1	0.6	0.6	75107	-1111	2.97697	-1111	4.59752	
5479	1104537600	2005	01	01	1	0.6	0.6	75278	-1111	2.97697	-1111	4.77319	
5510	1107216000	2005	02	01	1	0.6	0.6	75474	-1111	2.91038	-1111	4.4462	
5538	1109635200	2005	03	01	1	0.6	0.6	75632	-1111	2.91038	-1111	4.31338	
5569	1112313600	2005	04	01	1	0.6	0.6	75799	-1111	2.91038	-1111	4.42353	
5599	1114905600	2005	05	01	1	0.6	0.6	75958	-1111	2.91038	-1111	4.351	
5630	1117584000	2005	06	01	1	0.6	0.6	76131	-1111	2.91038	-1111	4.12457	
5660	1120176000	2005	07	01	1	0.6	0.6	76319	-1111	2.91038	-1111	3.83038	
5691	1122854400	2005	08	01	1	0.6	0.6	76500	-1111	2.91038	-1111	4.01513	
5722	1125532800	2005	09	01	1	0.6	0.6	76667	-1111	2.91038	-1111	4.18886	
5752	1128124800	2005	10	01	1	0.6	0.6	76846	-1111	2.91038	-1111	4.37181	
5783	1130803200	2005	11	01	1	0.6	0.6	77037	-1111	2.91038	-1111	4.28226	
5813	1133395200	2005	12	01	1	0.6	0.6	77229	-1111	2.91038	-1111	4.47991	
5844	1136073600	2006	01	01	1	0.6	0.6	77409	-1111	2.91038	-1111	4.36717	
5875	1138752000	2006	02	01	1	0.6	0.6	77621	-1111	2.66253	-1111	4.41521	
5903	1141171200	2006	03	01	1	0.6	0.6	77764	-1111	2.66253	-1111	4.13185	
5934	1143849600	2006	04	01	1	0.6	0.6	77978	-1111	2.66253	-1111	4.49067	
5964	1146441600	2006	05	01	1	0.6	0.6	78159	-1111	2.66253	-1111	4.65045	
5995	1149120000	2006	06	01	1	0.6	0.6	78311	-1111	2.66253	-1111	4.70773	
6025	1151712000	2006	07	01	1	0.6	0.6	78508	-1111	2.66253	-1111	4.72874	
6056	1154390400	2006	08	01	1	0.6	0.6	78690	-1111	2.66253	-1111	4.76071	
6087	1157068800	2006	09	01	1	0.6	0.6	78887	-1111	2.66253	-1111	4.65607	
6117	1159660800	2006	10	01	1	0.6	0.6	79053	-1111	2.66253	-1111	4.79844	
6148	1162339200	2006	11	01	1	0.6	0.6	79240	-1111	2.66253	-1111	4.6678	
6178	1164931200	2006	12	01	1	0.6	0.6	79433	-1111	2.66253	-1111	4.7797	
6209	1167609600	2007	01	01	1	0.6	0.6	79624	-1111	2.66253	-1111	4.86132	
6240	1170288000	2007	02	01	1	0.6	0.6	79826	-1111	2.82754	-1111	4.95089	
6268	1172707200	2007	03	01	1	0.6	0.6	80007	-1111	2.82754	-1111	5.0374	
6299	1175385600	2007	04	01	1	0.6	0.6	80187	-1111	2.82754	-1111	5.17932	
6329	1177977600	2007	05	01	1	0.6	0.6	80393	-1111	2.82754	-1111	5.01828	
6360	1180656000	2007	06	01	1	0.6	0.6	80596	-1111	2.82754	-1111	4.9724	
6390	1183248000	2007	07	01	1	0.6	0.6	80791	-1111	2.82754	-1111	4.70906	
6421	1185926400	2007	08	01	1	0.6	0.6	80986	-1111	2.82754	-1111	4.99387	
6452	1188604800	2007	09	01	1	0.6	0.6	81169	-1111	2.82754	-1111	5.10853	
6482	1191196800	2007	10	01	1	0.6	0.6	81309	-1111	2.82754	-1111	5.31988	
6513	1193875200	2007	11	01	1	0.6	0.6	81503	-1111	2.82754	-1111	5.31713	
6543	1196467200	2007	12	01	1	0.6	0.6	81658	-1111	2.82754	-1111	5.38041	
6574	1199145600	2008	01	01	1	0.6	0.6	81863	-1111	2.82754	-1111	5.22218	
6605	1201824000	2008	02	01	1	0.6	0.6	82039	-1111	3.03316	-1111	5.15429	
6634	1204329600	2008	03	01	1	0.6	0.6	82196	-1111	3.03316	-1111	5.35413	
6665	1207008000	2008	04	01	1	0.6	0.6	82398	-1111	3.03316	-1111	5.39361	
6695	1209600000	2008	05	01	1	0.6	0.6	82575	-1111	3.03316	-1111	5.52925	
6726	1212278400	2008	06	01	1	0.6	0.6	82783	-1111	3.03316	-1111	5.55927	
6756	1214870400	2008	07	01	1	0.6	0.6	82950	-1111	3.03316	-1111	5.60316	
6787	1217548800	2008	08	01	1	0.6	0.6	83141	-1111	3.03316	-1111	5.59677	
6818	1220227200	2008	09	01	1	0.6	0.6	83359	-1111	3.03316	-1111	5.60779	
6848	1222819200	2008	10	01	1	0.6	0.6	83551	-1111	3.03316	-1111	5.60398	
6879	1225497600	2008	11	01	1	0.6	0.6	83734	-1111	3.03316	-1111	5.67473	
6909	1228089600	2008	12	01	1	0.6	0.6	83907	-1111	3.03316	-1111	5.54482	
6940	1230768000	2009	01	01	1	0.6	0.6	84084	-1111	3.03316	-1111	5.3176	
6971	1233446400	2009	02	01	1	0.6	0.6	84272	-1111	3.11694	-1111	4.58634	
6999	1235865600	2009	03	01	1	0.6	0.6	84449	-1111	3.11694	-1111	4.21289	
7030	1238544000	2009	04	01	1	0.6	0.6	84685	-1111	3.11694	-1111	4.13725	
7060	1241136000	2009	05	01	1	0.6	0.6	84903	-1111	3.11694	-1111	4.00317	
7091	1243814400	2009	06	01	1	0.6	0.6	85069	-1111	3.11694	-1111	3.70216	
7121	1246406400	2009	07	01	1	0.6	0.6	85276	-1111	3.11694	-1111	3.40656	
7152	1249084800	2009	08	01	1	0.6	0.6	85478	-1111	3.11694	-1111	3.54453	
7183	1251763200	2009	09	01	1	0.6	0.6	85678	-1111	3.11694	-1111	3.48864	
7213	1254355200	2009	10	01	1	0.6	0.6	85861	-1111	3.11694	-1111	3.50974	
7244	1257033600	2009	11	01	1	0.6	0.6	86116	-1111	3.11694	-1111	3.38095	
7274	1259625600	2009	12	01	1	0.6	0.6	86300	-1111	3.11694	-1111	3.07721	
7305	1262304000	2010	01	01	1	0.6	0.6	86502	-1111	3.11694	-1111	2.88933	
7336	1264982400	2010	02	01	1	0.6	0.6	86700	-1111	2.26553	-1111	2.75229	
7364	1267401600	2010	03	01	1	0.6	0.6	86909	-1111	2.26553	-1111	2.67906	
7395	1270080000	2010	04	01	1	0.6	0.6	87085	-1111	2.26553	-1111	2.69105	
7425	1272672000	2010	05	01	1	0.6	0.6	87287	-1111	2.26553	-1111	2.68532	
7456	1275350400	2010	06	01	1	0.6	0.6	87477	-1111	2.26553	-1111	2.8873	
7486	1277942400	2010	07	01	1	0.6	0.6	87670	-1111	2.26553	-1111	2.81043	
7517	1280620800	2010	08	01	1	0.6	0.6	87880	-1111	2.26553	-1111	2.88539	
7548	1283299200	2010	09	01	1	0.6	0.6	88109	-1111	2.26553	-1111	3.03424	
7578	1285891200	2010	10	01	1	0.6	0.6	88308	-1111	2.26553	-1111	2.97914	
7609	1288569600	2010	11	01	1	0.6	0.6	88502	-1111	2.26553	-1111	3.2041	
7639	1291161600	2010	12	01	1	0.6	0.6	88717	-1111	2.26553	-1111	3.21346	
7670	1293840000	2011	01	01	1	0.6	0.6	88916	-1111	2.26553	-1111	3.21549	
7701	1296518400	2011	02	01	1	0.6	0.6	89131	-1111	1.83684	-1111	3.39756	
7729	1298937600	2011	03	01	1	0.6	0.6	89334	-1111	1.83684	-1111	3.62905	
7760	1301616000	2011	04	01	1	0.6	0.6	89566	-1111	1.83684	-1111	3.72021	
7790	1304208000	2011	05	01	1	0.6	0.6	89794	-1111	1.83684	-1111	4.00985	
7821	1306886400	2011	06	01	1	0.6	0.6	89975	-1111	1.83684	-1111	4.1846	
7851	1309478400	2011	07	01	1	0.6	0.6	90183	-1111	1.83684	-1111	4.12231	
7882	1312156800	2011	08	01	1	0.6	0.6	90383	-1111	1.83684	-1111	4.68593	
7913	1314835200	2011	09	01	1	0.6	0.6	90588	-1111	1.83684	-1111	4.86051	
7943	1317427200	2011	10	01	1	0.6	0.6	90816	-1111	1.83684	-1111	5.25766	
7974	1320105600	2011	11	01	1	0.6	0.6	91038	-1111	1.83684	-1111	5.35823	
8004	1322697600	2011	12	01	1	0.6	0.6	91219	-1111	1.83684	-1111	5.29707	
8035	1325376000	2012	01	01	1	0.6	0.6	91425	-1111	1.83684	-1111	5.41589	
8066	1328054400	2012	02	01	1	0.6	0.6	91631	-1111	2.7068	-1111	5.29756	
8095	1330560000	2012	03	01	1	0.6	0.6	91844	-1111	2.7068	-1111	5.22775	
8126	1333238400	2012	04	01	1	0.6	0.6	92022	-1111	2.7068	-1111	5.33276	
8156	1335830400	2012	05	01	1	0.6	0.6	92224	-1111	2.7068	-1111	5.55508	
8187	1338508800	2012	06	01	1	0.6	0.6	92413	-1111	2.7068	-1111	5.68056	
8217	1341100800	2012	07	01	1	0.6	0.6	92633	-1111	2.7068	-1111	5.68622	
8248	1343779200	2012	08	01	1	0.6	0.6	92855	-1111	2.7068	-1111	5.60177	
8279	1346457600	2012	09	01	1	0.6	0.6	93048	-1111	2.7068	-1111	5.46524	
8309	1349049600	2012	10	01	1	0.6	0.6	93250	-1111	2.7068	-1111	5.47638	
8340	1351728000	2012	11	01	1	0.6	0.6	93480	-1111	2.7068	-1111	5.48055	
8370	1354320000	2012	12	01	1	0.6	0.6	93690	-1111	2.7068	-1111	5.81459	
8401	1356998400	2013	01	01	1	0.6	0.6	93892	-1111	2.7068	-1111	5.60215	
8432	1359676800	2013	02	01	1	0.6	0.6	94114	-1111	3.28622	-1111	5.95497	
8460	1362096000	2013	03	01	1	0.6	0.6	94320	-1111	3.28622	-1111	5.99524	
8491	1364774400	2013	04	01	1	0.6	0.6	94544	-1111	3.28622	-1111	6.23856	
8521	1367366400	2013	05	01	1	0.6	0.6	94771	-1111	3.28622	-1111	6.04842	
8552	1370044800	2013	06	01	1	0.6	0.6	95026	-1111	3.28622	-1111	5.94952	
8582	1372636800	2013	07	01	1	0.6	0.6	95193	-1111	3.28622	-1111	6.10542	
8613	1375315200	2013	08	01	1	0.6	0.6	95439	-1111	3.28622	-1111	5.9512	
8644	1377993600	2013	09	01	1	0.6	0.6	95608	-1111	3.28622	-1111	6.03331	
8674	1380585600	2013	10	01	1	0.6	0.6	95832	-1111	3.28622	-1111	5.97162	
8705	1383264000	2013	11	01	1	0.6	0.6	96052	-1111	3.28622	-1111	5.95604	
8735	1385856000	2013	12	01	1	0.6	0.6	96305	-1111	3.28622	-1111	5.95501	
8766	1388534400	2014	01	01	1	0.6	0.6	96562	-1111	3.28622	-1111	5.99616	
8797	1391212800	2014	02	01	1	0.6	0.6	96827	-1111	3.33782	-1111	5.86679	
8825	1393632000	2014	03	01	1	0.6	0.6	97045	-1111	3.33782	-1111	5.8107	
8856	1396310400	2014	04	01	1	0.6	0.6	97295	-1111	3.33782	-1111	5.59114	
8886	1398902400	2014	05	01	1	0.6	0.6	97482	-1111	3.33782	-1111	5.68504	
8917	1401580800	2014	06	01	1	0.6	0.6	97761	-1111	3.33782	-1111	5.52348	
8947	1404172800	2014	07	01	1	0.6	0.6	98004	-1111	3.33782	-1111	5.6885	
8978	1406851200	2014	08	01	1	0.6	0.6	98214	-1111	3.33782	-1111	5.60039	
9009	1409529600	2014	09	01	1	0.6	0.6	98490	-1111	3.33782	-1111	5.55622	
9039	1412121600	2014	10	01	1	0.6	0.6	98708	-1111	3.33782	-1111	5.64845	
9070	1414800000	2014	11	01	1	0.6	0.6	98982	-1111	3.33782	-1111	5.55356	
9100	1417392000	2014	12	01	1	0.6	0.6	99210	-1111	3.33782	-1111	5.33816	
9131	1420070400	2015	01	01	1	0.6	0.6	99420	-1111	3.33782	-1111	5.30628	
9162	1422748800	2015	02	01	1	0.6	0.6	99640	-1111	3.06377	-1111	4.60879	
9190	1425168000	2015	03	01	1	0.6	0.6	99874	-1111	3.06377	-1111	3.91668	
9221	1427846400	2015	04	01	1	0.6	0.6	100089	-1111	3.06377	-1111	3.49305	
9251	1430438400	2015	05	01	1	0.6	0.6	100319	-1111	3.06377	-1111	3.23673	
9282	1433116800	2015	06	01	1	0.6	0.6	100557	-1111	3.06377	-1111	2.86185	
9312	1435708800	2015	07	01	1	0.6	0.6	100766	-1111	3.06377	-1111	2.73554	
9343	1438387200	2015	08	01	1	0.6	0.6	101021	-1111	3.06377	-1111	2.63672	
9374	1441065600	2015	09	01	1	0.6	0.6	101257	-1111	3.06377	-1111	2.59821	
9404	1443657600	2015	10	01	1	0.6	0.6	101495	-1111	3.06377	-1111	2.68503	
9435	1446336000	2015	11	01	1	0.6	0.6	101741	-1111	3.06377	-1111	2.56321	
9465	1448928000	2015	12	01	1	0.6	0.6	101950	-1111	3.06377	-1111	2.48168	
9496	1451606400	2016	01	01	1	0.6	0.6	102207	-1111	3.06377	-1111	2.43007	
9527	1454284800	2016	02	01	1	0.6	0.6	102457	-1111	1.91247	-1111	2.24524	
9556	1456790400	2016	03	01	1	0.6	0.6	102662	-1111	1.91247	-1111	2.31906	
9587	1459468800	2016	04	01	1	0.6	0.6	102909	-1111	1.91247	-1111	2.31411	
9617	1462060800	2016	05	01	1	0.6	0.6	103155	-1111	1.91247	-1111	2.39395	
9648	1464739200	2016	06	01	1	0.6	0.6	103384	-1111	1.91247	-1111	2.41568	
9678	1467331200	2016	07	01	1	0.6	0.6	103621	-1111	1.91247	-1111	2.43958	
9709	1470009600	2016	08	01	1	0.6	0.6	103861	-1111	1.91247	-1111	2.39652	
9740	1472688000	2016	09	01	1	0.6	0.6	104089	-1111	1.91247	-1111	2.40864	
9770	1475280000	2016	10	01	1	0.6	0.6	104299	-1111	1.91247	-1111	2.3865	
9801	1477958400	2016	11	01	1	0.6	0.6	104574	-1111	1.91247	-1111	2.42367	
9831	1480550400	2016	12	01	1	0.6	0.6	104821	-1111	1.91247	-1111	2.55749	
9862	1483228800	2017	01	01	1	0.6	0.6	105085	-1111	1.91247	-1111	2.51474	
9893	1485907200	2017	02	01	1	0.6	0.6	105328	-1111	1.56718	-1111	2.58235	
9921	1488326400	2017	03	01	1	0.6	0.6	105541	-1111	1.56718	-1111	2.66196	
9952	1491004800	2017	04	01	1	0.6	0.6	105788	-1111	1.56718	-1111	2.64554	
9982	1493596800	2017	05	01	1	0.6	0.6	106029	-1111	1.56718	-1111	2.80246	
10013	1496275200	2017	06	01	1	0.6	0.6	106315	-1111	1.56718	-1111	2.99945	
10043	1498867200	2017	07	01	1	0.6	0.6	106560	-1111	1.56718	-1111	2.98266	
10074	1501545600	2017	08	01	1	0.6	0.6	106818	-1111	1.56718	-1111	3.31106	
10105	1504224000	2017	09	01	1	0.6	0.6	107101	-1111	1.56718	-1111	3.50119	
10135	1506816000	2017	10	01	1	0.6	0.6	107327	-1111	1.56718	-1111	3.46806	
10166	1509494400	2017	11	01	1	0.6	0.6	107568	-1111	1.56718	-1111	3.5027	
10196	1512086400	2017	12	01	1	0.6	0.6	107781	-1111	1.56718	-1111	3.48731	
10227	1514764800	2018	01	01	1	0.6	0.6	108009	-1111	1.56718	-1111	3.54744	
10258	1517443200	2018	02	01	1	0.6	0.6	108279	-1111	2.00378	-1111	3.71687	
10286	1519862400	2018	03	01	1	0.6	0.6	108499	-1111	2.00378	-1111	4.10284	
10317	1522540800	2018	04	01	1	0.6	0.6	108759	-1111	2.00378	-1111	4.61927	
10347	1525132800	2018	05	01	1	0.6	0.6	109052	-1111	2.00378	-1111	4.79003	
10378	1527811200	2018	06	01	1	0.6	0.6	109326	-1111	2.00378	-1111	4.93077	
10408	1530403200	2018	07	01	1	0.6	0.6	109578	-1111	2.00378	-1111	5.08256	
10439	1533081600	2018	08	01	1	0.6	0.6	109810	-1111	2.00378	-1111	5.09385	
10470	1535760000	2018	09	01	1	0.6	0.6	110070	-1111	2.00378	-1111	5.56867	
10500	1538352000	2018	10	01	1	0.6	0.6	110294	-1111	2.00378	-1111	5.8322	
10531	1541030400	2018	11	01	1	0.6	0.6	110558	-1111	2.00378	-1111	5.90222	
10561	1543622400	2018	12	01	1	0.6	0.6	110782	-1111	2.00378	-1111	5.86379	
10592	1546300800	2019	01	01	1	0.6	0.6	111034	-1111	2.00378	-1111	6.068	
10623	1548979200	2019	02	01	1	0.6	0.6	111321	-1111	3.20552	-1111	6.23345	
10651	1551398400	2019	03	01	1	0.6	0.6	111542	-1111	3.20552	-1111	6.12533	
10682	1554076800	2019	04	01	1	0.6	0.6	111812	-1111	3.20552	-1111	6.26012	
10712	1556668800	2019	05	01	1	0.6	0.6	112065	-1111	3.20552	-1111	5.96968	
10743	1559347200	2019	06	01	1	0.6	0.6	112321	-1111	3.20552	-1111	5.7761	
10773	1561939200	2019	07	01	1	0.6	0.6	112535	-1111	3.20552	-1111	5.58735	
10804	1564617600	2019	08	01	1	0.6	0.6	112788	-1111	3.20552	-1111	5.572	
10835	1567296000	2019	09	01	1	0.6	0.6	113045	-1111	3.20552	-1111	5.53123	
10865	1569888000	2019	10	01	1	0.6	0.6	113299	-1111	3.20552	-1111	5.25677	
10896	1572566400	2019	11	01	1	0.6	0.6	113580	-1111	3.20552	-1111	5.36641	
10926	1575158400	2019	12	01	1	0.6	0.6	113837	-1111	3.20552	-1111	5.35455	
10957	1577836800	2020	01	01	1	0.6	0.6	114118	-1111	3.20552	-1111	5.05889	
10988	1580515200	2020	02	01	1	0.6	0.6	114343	-1111	3.37669	-1111	5.07619	
11017	1583020800	2020	03	01	1	0.6	0.6	114585	-1111	3.37669	-1111	5.48916	
11048	1585699200	2020	04	01	1	0.6	0.6	114901	-1111	3.37669	-1111	5.68178	
11078	1588291200	2020	05	01	1	0.6	0.6	115173	-1111	3.37669	-1111	5.73044	
11109	1590969600	2020	06	01	1	0.6	0.6	115460	-1111	3.37669	-1111	5.93246	
11139	1593561600	2020	07	01	1	0.6	0.6	115707	-1111	3.37669	-1111	5.96363	
11170	1596240000	2020	08	01	1	0.6	0.6	115975	-1111	3.37669	-1111	5.87758	
11201	1598918400	2020	09	01	1	0.6	0.6	116220	-1111	3.37669	-1111	5.81372	
11231	1601510400	2020	10	01	1	0.6	0.6	116479	-1111	3.37669	-1111	5.75622	
11262	1604188800	2020	11	01	1	0.6	0.6	116761	-1111	3.37669	-1111	5.58862	
11292	1606780800	2020	12	01	1	0.6	0.6	117013	-1111	3.37669	-1111	5.33204	
11323	1609459200	2021	01	01	1	0.6	0.6	117284	-1111	3.37669	-1111	5.37962	
11354	1612137600	2021	02	01	1	0.6	0.6	117531	-1111	3.14398	-1111	5.26386	
11382	1614556800	2021	03	01	1	0.6	0.6	117800	-1111	3.14398	-1111	5.29686	
11413	1617235200	2021	04	01	1	0.6	0.6	118087	-1111	3.14398	-1111	5.52343	
11443	1619827200	2021	05	01	1	0.6	0.6	118372	-1111	3.14398	-1111	5.48386	
11474	1622505600	2021	06	01	1	0.6	0.6	118665	-1111	3.14398	-1111	5.49694	
11504	1625097600	2021	07	01	1	0.6	0.6	118921	-1111	3.14398	-1111	5.64892	
11535	1627776000	2021	08	01	1	0.6	0.6	119218	-1111	3.14398	-1111	5.74073	
11566	1630454400	2021	09	01	1	0.6	0.6	119534	-1111	3.14398	-1111	5.43996	
11596	1633046400	2021	10	01	1	0.6	0.6	119808	-1111	3.14398	-1111	5.5295	
11627	1635724800	2021	11	01	1	0.6	0.6	120101	-1111	3.14398	-1111	5.40532	
11657	1638316800	2021	12	01	1	0.6	0.6	120386	-1111	3.14398	-1111	5.5124	
11688	1640995200	2022	01	01	1	0.6	0.6	120633	-1111	3.14398	-1111	5.60799	
11719	1643673600	2022	02	01	1	0.6	0.6	120910	-1111	3.03534	-1111	5.36777	
11747	1646092800	2022	03	01	1	0.6	0.6	121133	-1111	3.03534	-1111	4.69121	
11778	1648771200	2022	04	01	1	0.6	0.6	121400	-1111	3.03534	-1111	3.89509	
11808	1651363200	2022	05	01	1	0.6	0.6	121673	-1111	3.03534	-1111	3.73925	
11839	1654041600	2022	06	01	1	0.6	0.6	121928	-1111	3.03534	-1111	3.51956	
11869	1656633600	2022	07	01	1	0.6	0.6	122242	-1111	3.03534	-1111	3.3209	
11900	1659312000	2022	08	01	1	0.6	0.6	122539	-1111	3.03534	-1111	3.12901	
11931	1661990400	2022	09	01	1	0.6	0.6	122827	-1111	3.03534	-1111	2.88338	
11961	1664582400	2022	10	01	1	0.6	0.6	123114	-1111	3.03534	-1111	2.76492	
11992	1667260800	2022	11	01	1	0.6	0.6	123385	-1111	3.03534	-1111	2.73488	
12022	1669852800	2022	12	01	1	0.6	0.6	123688	-1111	3.03534	-1111	2.54921	
12053	1672531200	2023	01	01	1	0.6	0.6	123951	-1111	3.03534	-1111	2.51638	
12084	1675209600	2023	02	01	1	0.6	0.6	124238	-1111	2.16467	-1111	2.5416	
12112	1677628800	2023	03	01	1	0.6	0.6	124500	-1111	2.16467	-1111	2.50126	
12143	1680307200	2023	04	01	1	0.6	0.6	124776	-1111	2.16467	-1111	2.50557	
12173	1682899200	2023	05	01	1	0.6	0.6	125045	-1111	2.16467	-1111	2.43215	
12204	1685577600	2023	06	01	1	0.6	0.6	125321	-1111	2.16467	-1111	2.39618	
12234	1688169600	2023	07	01	1	0.6	0.6	125567	-1111	2.16467	-1111	2.28958	
12265	1690848000	2023	08	01	1	0.6	0.6	125844	-1111	2.16467	-1111	2.30442	
12296	1693526400	2023	09	01	1	0.6	0.6	126177	-1111	2.16467	-1111	2.32716	
12326	1696118400	2023	10	01	1	0.6	0.6	126460	-1111	2.16467	-1111	2.32142	
12357	1698796800	2023	11	01	1	0.6	0.6	126737	-1111	2.16467	-1111	2.43564	
12387	1701388800	2023	12	01	1	0.6	0.6	127038	-1111	2.16467	-1111	2.51082	
12418	1704067200	2024	01	01	1	0.6	0.6	127291	-1111	2.16467	-1111	2.5111	
12449	1706745600	2024	02	01	1	0.6	0.6	127633	-1111	1.58935	-1111	2.77897	
12478	1709251200	2024	03	01	1	0.6	0.6	127956	-1111	1.58935	-1111	2.95086	
12509	1711929600	2024	04	01	1	0.6	0.6	128278	-1111	1.58935	-1111	3.41878	
12539	1714521600	2024	05	01	1	0.6	0.6	128580	-1111	1.58935	-1111	3.56275	
12570	1717200000	2024	06	01	1	0.6	0.6	128928	-1111	1.58935	-1111	3.83646	
12600	1719792000	2024	07	01	1	0.6	0.6	129250	-1111	1.58935	-1111	3.83871	
12631	1722470400	2024	08	01	1	0.6	0.6	129568	-1111	1.58935	-1111	4.18049	
12662	1725148800	2024	09	01	1	0.6	0.6	129887	-1111	1.58935	-1111	4.68017	
12692	1727740800	2024	10	01	1	0.6	0.6	130178	-1111	1.58935	-1111	5.06671	
12723	1730419200	2024	11	01	1	0.6	0.6	130460	-1111	1.58935	-1111	5.37332	
12753	1733011200	2024	12	01	1	0.6	0.6	130773	-1111	1.58935	-1111	5.70243	
12784	1735689600	2025	01	01	1	0.6	0.6	131059	-1111	1.58935	-1111	5.77267	
12815	1738368000	2025	02	01	1	0.6	0.6	131305	-1111	2.64926	-1111	6.02945	
12843	1740787200	2025	03	01	1	0.6	0.6	131610	-1111	2.64926	-1111	6.08846	
12874	1743465600	2025	04	01	1	0.6	0.6	131923	-1111	2.64926	-1111	6.21731	
12904	1746057600	2025	05	01	1	0.6	0.6	132225	-1111	2.64926	-1111	6.37296	
12935	1748736000	2025	06	01	1	0.6	0.6	132549	-1111	2.64926	-1111	6.46967	
12965	1751328000	2025	07	01	1	0.6	0.6	132866	-1111	2.64926	-1111	6.49351	
12996	1754006400	2025	08	01	1	0.6	0.6	133157	-1111	2.64926	-1111	6.38486	
13027	1756684800	2025	09	01	1	0.6	0.6	133452	-1111	2.64926	-1111	6.35075	
13057	1759276800	2025	10	01	1	0.6	0.6	133773	-1111	2.64926	-1111	6.3338	
13088	1761955200	2025	11	01	1	0.6	0.6	134049	-1111	2.64926	-1111	6.295	
13118	1764547200	2025	12	01	1	0.6	0.6	134323	-1111	2.64926	-1111	6.16426	
13149	1767225600	2026	01	01	1	0.6	0.6	134655	-1111	2.64926	-1111	5.89474	
13180	1769904000	2026	02	01	1	0.6	0.6	134949	-1111	3.67944	-1111	5.81772	
13208	1772323200	2026	03	01	1	0.6	0.6	135222	-1111	3.67944	-1111	5.87568	
13239	1775001600	2026	04	01	1	0.6	0.6	135544	-1111	3.67944	-1111	6.12499	
13269	1777593600	2026	05	01	1	0.6	0.6	135877	-1111	3.67944	-1111	5.98797	
13300	1780272000	2026	06	01	1	0.6	0.6	136195	-1111	3.67944	-1111	5.80842	
13330	1782864000	2026	07	01	1	0.6	0.6	136474	-1111	3.67944	-1111	5.89959	
13361	1785542400	2026	08	01	1	0.6	0.6	136785	-1111	3.67944	-1111	6.03159	
13392	1788220800	2026	09	01	1	0.6	0.6	137112	-1111	3.67944	-1111	5.81023	
13422	1790812800	2026	10	01	1	0.6	0.6	137401	-1111	3.67944	-1111	5.54526	
13453	1793491200	2026	11	01	1	0.6	0.6	137729	-1111	3.67944	-1111	5.66355	
13483	1796083200	2026	12	01	1	0.6	0.6	138052	-1111	3.67944	-1111	5.60411	
13514	1798761600	2027	01	01	1	0.6	0.6	138362	-1111	3.67944	-1111	5.40426	
13545	1801440000	2027	02	01	1	0.6	0.6	138682	-1111	3.1686	-1111	5.17193	
13573	1803859200	2027	03	01	1	0.6	0.6	138983	-1111	3.1686	-1111	5.31924	
13604	1806537600	2027	04	01	1	0.6	0.6	139342	-1111	3.1686	-1111	5.12893	
13634	1809129600	2027	05	01	1	0.6	0.6	139617	-1111	3.1686	-1111	5.17391	
13665	1811808000	2027	06	01	1	0.6	0.6	139900	-1111	3.1686	-1111	5.15311	
13695	1814400000	2027	07	01	1	0.6	0.6	140209	-1111	3.1686	-1111	5.15663	
13726	1817078400	2027	08	01	1	0.6	0.6	140580	-1111	3.1686	-1111	5.22767	
13757	1819756800	2027	09	01	1	0.6	0.6	140885	-1111	3.1686	-1111	5.18564	
13787	1822348800	2027	10	01	1	0.6	0.6	141185	-1111	3.1686	-1111	5.25893	
13818	1825027200	2027	11	01	1	0.6	0.6	141492	-1111	3.1686	-1111	5.33237	
13848	1827619200	2027	12	01	1	0.6	0.6	141807	-1111	3.1686	-1111	5.15521	
13879	1830297600	2028	01	01	1	0.6	0.6	142115	-1111	3.1686	-1111	4.93398	
13910	1832976000	2028	02	01	1	0.6	0.6	142452	-1111	2.862	-1111	5.01443	
13939	1835481600	2028	03	01	1	0.6	0.6	142757	-1111	2.862	-1111	4.84853	
13970	1838160000	2028	04	01	1	0.6	0.6	143090	-1111	2.862	-1111	4.17579	
14000	1840752000	2028	05	01	1	0.6	0.6	143425	-1111	2.862	-1111	3.7586	
14031	1843430400	2028	06	01	1	0.6	0.6	143764	-1111	2.862	-1111	3.45072	
14061	1846022400	2028	07	01	1	0.6	0.6	144097	-1111	2.862	-1111	3.24151	
14092	1848700800	2028	08	01	1	0.6	0.6	144445	-1111	2.862	-1111	2.9506	
14123	1851379200	2028	09	01	1	0.6	0.6	144760	-1111	2.862	-1111	2.82751	
14153	1853971200	2028	10	01	1	0.6	0.6	145086	-1111	2.862	-1111	2.80834	
14184	1856649600	2028	11	01	1	0.6	0.6	145429	-1111	2.862	-1111	2.72629	
14214	1859241600	2028	12	01	1	0.6	0.6	145752	-1111	2.862	-1111	2.61066	
14245	1861920000	2029	01	01	1	0.6	0.6	146105	-1111	2.862	-1111	2.6005	
14276	1864598400	2029	02	01	1	0.6	0.6	146447	-1111	2.0916	-1111	2.45884	
14304	1867017600	2029	03	01	1	0.6	0.6	146776	-1111	2.0916	-1111	2.44169	
14335	1869696000	2029	04	01	1	0.6	0.6	147109	-1111	2.0916	-1111	2.51768	
14365	1872288000	2029	05	01	1	0.6	0.6	147459	-1111	2.0916	-1111	2.51149	
14396	1874966400	2029	06	01	1	0.6	0.6	147846	-1111	2.0916	-1111	2.36591	
14426	1877558400	2029	07	01	1	0.6	0.6	148163	-1111	2.0916	-1111	2.4784	
14457	1880236800	2029	08	01	1	0.6	0.6	148477	-1111	2.0916	-1111	2.48246	
14488	1882915200	2029	09	01	1	0.6	0.6	148780	-1111	2.0916	-1111	2.48162	
14518	1885507200	2029	10	01	1	0.6	0.6	149078	-1111	2.0916	-1111	2.47673	
14549	1888185600	2029	11	01	1	0.6	0.6	149418	-1111	2.0916	-1111	2.4716	
14579	1890777600	2029	12	01	1	0.6	0.6	149820	-1111	2.0916	-1111	2.34968	
14610	1893456000	2030	01	01	1	0.6	0.6	150175	-1111	2.0916	-1111	2.47107	
