0	631152000	1990	01	01	1	0.6	0.5	50000	-1111	0	-1111	4.5737	
31	633830400	1990	02	01	1	0	0	50103	-1111	0	-1111	12.1249	
59	636249600	1990	03	01	1	0	0	50200	-1111	0	-1111	14.9719	
90	638928000	1990	04	01	1	0	0	50295	-1111	0	-1111	14.8506	
120	641520000	1990	05	01	1	0	0	50407	-1111	0	-1111	17.7019	
151	644198400	1990	06	01	1	0	0	50517	-1111	0	-1111	19.0126	
181	646790400	1990	07	01	1	0	0	50624	-1111	0	-1111	20.1328	
212	649468800	1990	08	01	1	0	0	50710	-1111	0	-1111	20.7083	
243	652147200	1990	09	01	1	0	0	50835	-1111	0	-1111	20.5437	
273	654739200	1990	10	01	1	0	0	50934	-1111	0	-1111	20.3877	
304	657417600	1990	11	01	1	0	0	51051	-1111	0	-1111	20.0331	
334	660009600	1990	12	01	1	0	0	51144	-1111	0	-1111	19.1292	
365	662688000	1991	01	01	1	0	0	51249	-1111	0	-1111	17.3092	
396	665366400	1991	02	01	1	0	0	51335	-1111	0	-1111	15.7617	
424	667785600	1991	03	01	1	0	0	51418	-1111	0	-1111	14.5345	
455	670464000	1991	04	01	1	0	0	51546	-1111	0	-1111	13.4482	
485	673056000	1991	05	01	1	0	0	51651	-1111	0	-1111	12.5521	
516	675734400	1991	06	01	1	0	0	51770	-1111	0	-1111	11.4143	
546	678326400	1991	07	01	1	0	0	51864	-1111	0	-1111	9.92192	
577	681004800	1991	08	01	1	0	0	51993	-1111	0	-1111	8.94231	
608	683683200	1991	09	01	1	0	0	52111	-1111	0	-1111	8.18067	
638	686275200	1991	10	01	1	0	0	52219	-1111	0	-1111	7.64649	
669	688953600	1991	11	01	1	0	0	52335	-1111	0	-1111	6.90841	
699	691545600	1991	12	01	1	0	0	52464	-1111	0	-1111	6.6251	
730	694224000	1992	01	01	1	0	0	52573	-1111	0	-1111	5.96046	
761	696902400	1992	02	01	1	0	0	52698	-1111	5.14727	-1111	5.56352	
790	699408000	1992	03	01	1	0	0	52792	-1111	5.14727	-1111	5.08602	
821	702086400	1992	04	01	1	0	0	52917	-1111	5.14727	-1111	5.30853	
851	704678400	1992	05	01	1	0	0	53021	-1111	5.14727	-1111	5.3169	
882	707356800	1992	06	01	1	0	0	53154	-1111	5.14727	-1111	5.52874	
912	709948800	1992	07	01	1	0	0	53270	-1111	5.14727	-1111	5.71213	
943	712627200	1992	08	01	1	0	0	53381	-1111	5.14727	-1111	6.05239	
974	715305600	1992	09	01	1	0	0	53517	-1111	5.14727	-1111	5.91818	
1004	717897600	1992	10	01	1	0	0	53606	-1111	5.14727	-1111	6.0143	
1035	720576000	1992	11	01	1	0	0	53708	-1111	5.14727	-1111	6.38714	
1065	723168000	1992	12	01	1	0	0	53835	-1111	5.14727	-1111	6.79889	
1096	725846400	1993	01	01	1	0	0	53950	-1111	5.14727	-1111	6.91829	
1127	728524800	1993	02	01	1	0	0	54089	-1111	3.06088	-1111	7.36992	
1155	730944000	1993	03	01	1	0	0	54186	-1111	3.06088	-1111	7.64618	
1186	733622400	1993	04	01	1	0	0	54314	-1111	3.06088	-1111	8.16342	
1216	736214400	1993	05	01	1	0	0	54432	-1111	3.06088	-1111	8.52307	
1247	738892800	1993	06	01	1	0	0	54548	-1111	3.06088	-1111	9.12218	
1277	741484800	1993	07	01	1	0	0	54668	-1111	3.06088	-1111	9.03115	
1308	744163200	1993	08	01	1	0	0	54801	-1111	3.06088	-1111	9.35327	
1339	746841600	1993	09	01	1	0	0	54954	-1111	3.06088	-1111	9.40139	
1369	749433600	1993	10	01	1	0	0	55090	-1111	3.06088	-1111	9.71185	
1400	752112000	1993	11	01	1	0	0	55225	-1111	3.06088	-1111	9.48546	
1430	754704000	1993	12	01	1	0	0	55357	-1111	3.06088	-1111	9.42595	
1461	757382400	1994	01	01	1	0	0	55463	-1111	3.06088	-1111	9.55461	
1492	760060800	1994	02	01	1	0	0	55567	-1111	4.66171	-1111	9.83582	
1520	762480000	1994	03	01	1	0	0	55695	-1111	4.66171	-1111	9.88031	
1551	765158400	1994	04	01	1	0	0	55804	-1111	4.66171	-1111	9.80174	
1581	767750400	1994	05	01	1	0	0	55945	-1111	4.66171	-1111	9.08888	
1612	770428800	1994	06	01	1	0	0	56062	-1111	4.66171	-1111	8.95943	
1642	773020800	1994	07	01	1	0	0	56180	-1111	4.66171	-1111	8.55722	
1673	775699200	1994	08	01	1	0	0	56290	-1111	4.66171	-1111	8.38399	
1704	778377600	1994	09	01	1	0	0	56421	-1111	4.66171	-1111	8.19684	
1734	780969600	1994	10	01	1	0	0	56574	-1111	4.66171	-1111	8.31912	
1765	783648000	1994	11	01	1	0	0	56691	-1111	4.66171	-1111	8.31169	
1795	786240000	1994	12	01	1	0	0	56781	-1111	4.66171	-1111	7.97332	
1826	788918400	1995	01	01	1	0	0	56911	-1111	4.66171	-1111	7.93674	
1857	791596800	1995	02	01	1	0	0	57031	-1111	4.29677	-1111	7.51509	
1885	794016000	1995	03	01	1	0	0	57144	-1111	4.29677	-1111	7.39787	
1916	796694400	1995	04	01	1	0	0	57282	-1111	4.29677	-1111	7.6991	
1946	799286400	1995	05	01	1	0	0	57378	-1111	4.29677	-1111	7.67649	
1977	801964800	1995	06	01	1	0	0	57506	-1111	4.29677	-1111	7.89628	
2007	804556800	1995	07	01	1	0	0	57641	-1111	4.29677	-1111	7.65898	
2038	807235200	1995	08	01	1	0	0	57759	-1111	4.29677	-1111	7.59484	
2069	809913600	1995	09	01	1	0	0	57907	-1111	4.29677	-1111	7.79041	
2099	812505600	1995	10	01	1	0	0	58017	-1111	4.29677	-1111	7.93951	
2130	815184000	1995	11	01	1	0	0	58160	-1111	4.29677	-1111	7.96306	
2160	817776000	1995	12	01	1	0	0	58306	-1111	4.29677	-1111	7.64045	
2191	820454400	1996	01	01	1	0	0	58449	-1111	4.29677	-1111	7.88787	
2222	823132800	1996	02	01	1	0	0	58569	-1111	3.91481	-1111	7.83447	
2251	825638400	1996	03	01	1	0	0	58698	-1111	3.91481	-1111	7.64156	
2282	828316800	1996	04	01	1	0	0	58852	-1111	3.91481	-1111	7.64391	
2312	830908800	1996	05	01	1	0	0	59001	-1111	3.91481	-1111	7.664	
2343	833587200	1996	06	01	1	0	0	59151	-1111	3.91481	-1111	7.58352	
2373	836179200	1996	07	01	1	0	0	59266	-1111	3.91481	-1111	7.57423	
2404	838857600	1996	08	01	1	0	0	59398	-1111	3.91481	-1111	7.54418	
2435	841536000	1996	09	01	1	0	0	59524	-1111	3.91481	-1111	7.67182	
2465	844128000	1996	10	01	1	0	0	59638	-1111	3.91481	-1111	7.85694	
2496	846806400	1996	11	01	1	0	0	59768	-1111	3.91481	-1111	7.74471	
2526	849398400	1996	12	01	1	0	0	59912	-1111	3.91481	-1111	7.68513	
2557	852076800	1997	01	01	1	0	0	60060	-1111	3.91481	-1111	8.06879	
2588	854755200	1997	02	01	1	0	0	60189	-1111	3.94598	-1111	7.8708	
2616	857174400	1997	03	01	1	0	0	60307	-1111	3.94598	-1111	7.91223	
2647	859852800	1997	04	01	1	0	0	60443	-1111	3.94598	-1111	8.05876	
2677	862444800	1997	05	01	1	0	0	60569	-1111	3.94598	-1111	7.82931	
2708	865123200	1997	06	01	1	0	0	60717	-1111	3.94598	-1111	7.74578	
2738	867715200	1997	07	01	1	0	0	60847	-1111	3.94598	-1111	7.9543	
2769	870393600	1997	08	01	1	0	0	61000	-1111	3.94598	-1111	8.16081	
2800	873072000	1997	09	01	1	0	0	61128	-1111	3.94598	-1111	8.23854	
2830	875664000	1997	10	01	1	0	0	61262	-1111	3.94598	-1111	8.21249	
2861	878342400	1997	11	01	1	0	0	61402	-1111	3.94598	-1111	8.13181	
2891	880934400	1997	12	01	1	0	0	61523	-1111	3.94598	-1111	8.27275	
2922	883612800	1998	01	01	1	0	0	61674	-1111	3.94598	-1111	8.10716	
2953	886291200	1998	02	01	1	0	0	61814	-1111	4.11423	-1111	8.41588	
2981	888710400	1998	03	01	1	0	0	61925	-1111	4.11423	-1111	8.54419	
3012	891388800	1998	04	01	1	0	0	62070	-1111	4.11423	-1111	8.55327	
3042	893980800	1998	05	01	1	0	0	62244	-1111	4.11423	-1111	8.38961	
3073	896659200	1998	06	01	1	0	0	62364	-1111	4.11423	-1111	8.39636	
3103	899251200	1998	07	01	1	0	0	62514	-1111	4.11423	-1111	8.40714	
3134	901929600	1998	08	01	1	0	0	62666	-1111	4.11423	-1111	8.37071	
3165	904608000	1998	09	01	1	0	0	62824	-1111	4.11423	-1111	8.03337	
3195	907200000	1998	10	01	1	0	0	62977	-1111	4.11423	-1111	7.93006	
3226	909878400	1998	11	01	1	0	0	63123	-1111	4.11423	-1111	8.07859	
3256	912470400	1998	12	01	1	0	0	63263	-1111	4.11423	-1111	8.25632	
3287	915148800	1999	01	01	1	0	0	63417	-1111	4.11423	-1111	8.28208	
3318	917827200	1999	02	01	1	0	0	63565	-1111	4.10497	-1111	8.11383	
3346	920246400	1999	03	01	1	0	0	63690	-1111	4.10497	-1111	7.97057	
3377	922924800	1999	04	01	1	0	0	63832	-1111	4.10497	-1111	7.70223	
3407	925516800	1999	05	01	1	0	0	63954	-1111	4.10497	-1111	7.89011	
3438	928195200	1999	06	01	1	0	0	64097	-1111	4.10497	-1111	7.58035	
3468	930787200	1999	07	01	1	0	0	64251	-1111	4.10497	-1111	7.6484	
3499	933465600	1999	08	01	1	0	0	64376	-1111	4.10497	-1111	7.74073	
3530	936144000	1999	09	01	1	0	0	64546	-1111	4.10497	-1111	7.68614	
3560	938736000	1999	10	01	1	0	0	64683	-1111	4.10497	-1111	7.58506	
3591	941414400	1999	11	01	1	0	0	64861	-1111	4.10497	-1111	7.73837	
3621	944006400	1999	12	01	1	0	0	64987	-1111	4.10497	-1111	7.89666	
3652	946684800	2000	01	01	1	0	0	65127	-1111	4.10497	-1111	8.04735	
3683	949363200	2000	02	01	1	0.6	0.6	65299	-1111	3.94968	-1111	6.64476	
3712	951868800	2000	03	01	1	0.6	0.6	65437	-1111	3.94968	-1111	4.8951	
3743	954547200	2000	04	01	1	0.6	0.6	65576	-1111	3.94968	-1111	3.77456	
3773	957139200	2000	05	01	1	0.6	0.6	65737	-1111	3.94968	-1111	3.0894	
3804	959817600	2000	06	01	1	0.6	0.6	65875	-1111	3.94968	-1111	2.57231	
3834	962409600	2000	07	01	1	0.6	0.6	66013	-1111	3.94968	-1111	2.3182	
3865	965088000	2000	08	01	1	0.6	0.6	66196	-1111	3.94968	-1111	2.10487	
3896	967766400	2000	09	01	1	0.6	0.6	66361	-1111	3.94968	-1111	1.92452	
3926	970358400	2000	10	01	1	0.6	0.6	66526	-1111	3.94968	-1111	1.66222	
3957	973036800	2000	11	01	1	0.6	0.6	66664	-1111	3.94968	-1111	1.71235	
3987	975628800	2000	12	01	1	0.6	0.6	66828	-1111	3.94968	-1111	1.55096	
4018	978307200	2001	01	01	1	0.6	0.6	66990	-1111	3.94968	-1111	1.47897	
4049	980985600	2001	02	01	1	0.6	0.6	67148	-1111	1.66316	-1111	1.28787	
4077	983404800	2001	03	01	1	0.6	0.6	67323	-1111	1.66316	-1111	1.22488	
4108	986083200	2001	04	01	1	0.6	0.6	67473	-1111	1.66316	-1111	1.09395	
4138	988675200	2001	05	01	1	0.6	0.6	67655	-1111	1.66316	-1111	1.2656	
4169	991353600	2001	06	01	1	0.6	0.6	67831	-1111	1.66316	-1111	1.34172	
4199	993945600	2001	07	01	1	0.6	0.6	67997	-1111	1.66316	-1111	1.31862	
4230	996624000	2001	08	01	1	0.6	0.6	68176	-1111	1.66316	-1111	1.34	
4261	999302400	2001	09	01	1	0.6	0.6	68377	-1111	1.66316	-1111	1.34149	
4291	1001894400	2001	10	01	1	0.6	0.6	68543	-1111	1.66316	-1111	1.30707	
4322	1004572800	2001	11	01	1	0.6	0.6	68702	-1111	1.66316	-1111	1.43792	
4352	1007164800	2001	12	01	1	0.6	0.6	68830	-1111	1.66316	-1111	1.52752	
4383	1009843200	2002	01	01	1	0.6	0.6	68982	-1111	1.66316	-1111	1.52972	
4414	1012521600	2002	02	01	1	0.6	0.6	69128	-1111	0.927668	-1111	1.6472	
4442	1014940800	2002	03	01	1	0.6	0.6	69259	-1111	0.927668	-1111	1.62502	
4473	1017619200	2002	04	01	1	0.6	0.6	69415	-1111	0.927668	-1111	1.63659	
4503	1020211200	2002	05	01	1	0.6	0.6	69593	-1111	0.927668	-1111	1.65596	
4534	1022889600	2002	06	01	1	0.6	0.6	69756	-1111	0.927668	-1111	1.76392	
4564	1025481600	2002	07	01	1	0.6	0.6	69896	-1111	0.927668	-1111	1.97831	
4595	1028160000	2002	08	01	1	0.6	0.6	70070	-1111	0.927668	-1111	2.13133	
4626	1030838400	2002	09	01	1	0.6	0.6	70231	-1111	0.927668	-1111	2.23483	
4656	1033430400	2002	10	01	1	0.6	0.6	70395	-1111	0.927668	-1111	2.34246	
4687	1036108800	2002	11	01	1	0.6	0.6	70572	-1111	0.927668	-1111	2.52681	
4717	1038700800	2002	12	01	1	0.6	0.6	70764	-1111	0.927668	-1111	2.63517	
4748	1041379200	2003	01	01	1	0.6	0.6	70918	-1111	0.927668	-1111	2.90291	
4779	1044057600	2003	02	01	1	0.6	0.6	71100	-1111	1.38637	-1111	3.09313	
4807	1046476800	2003	03	01	1	0.6	0.6	71265	-1111	1.38637	-1111	3.15778	
4838	1049155200	2003	04	01	1	0.6	0.6	71445	-1111	1.38637	-1111	3.41861	
4868	1051747200	2003	05	01	1	0.6	0.6	71605	-1111	1.38637	-1111	3.54566	
4899	1054425600	2003	06	01	1	0.6	0.6	71777	-1111	1.38637	-1111	3.68779	
4929	1057017600	2003	07	01	1	0.6	0.6	71921	-1111	1.38637	-1111	3.70823	
4960	1059696000	2003	08	01	1	0.6	0.6	72097	-1111	1.38637	-1111	3.86893	
4991	1062374400	2003	09	01	1	0.6	0.6	72258	-1111	1.38637	-1111	4.05778	
5021	1064966400	2003	10	01	1	0.6	0.6	72437	-1111	1.38637	-1111	4.25497	
5052	1067644800	2003	11	01	1	0.6	0.6	72591	-1111	1.38637	-1111	4.33618	
5082	1070236800	2003	12	01	1	0.6	0.6	72745	-1111	1.38637	-1111	4.41506	
5113	1072915200	2004	01	01	1	0.6	0.6	72906	-1111	1.38637	-1111	4.47501	
5144	1075593600	2004	02	01	1	0.6	0.6	73052	-1111	2.52544	-1111	4.50627	
5173	1078099200	2004	03	01	1	0.6	0.6	73206	-1111	2.52544	-1111	4.6461	
5204	1080777600	2004	04	01	1	0.6	0.6	73377	-1111	2.52544	-1111	4.85964	
5234	1083369600	2004	05	01	1	0.6	0.6	73553	-1111	2.52544	-1111	4.8766	
5265	1086048000	2004	06	01	1	0.6	0.6	73722	-1111	2.52544	-1111	4.74289	
5295	1088640000	2004	07	01	1	0.6	0.6	73907	-1111	2.52544	-1111	4.80345	
5326	1091318400	2004	08	01	1	0.6	0.6	74076	-1111	2.52544	-1111	4.7253	
5357	1093996800	2004	09	01	1	0.6	0.6	74250	-1111	2.52544	-1111	4.89075	
5387	1096588800	2004	10	01	1	0.6	0.6	74420	-1111	2.52544	-1111	4.7055	
5418	1099267200	2004	11	01	1	0.6	0.6	74558	-1111	2.52544	-1111	4.68783	
5448	1101859200	2004	12	01	1	0.6	0.6	74723	-1111	2.52544	-1111	4.99947	
5479	1104537600	2005	01	01	1	0.6	0.6	74926	-1111	2.52544	-1111	4.94818	
5510	1107216000	2005	02	01	1	0.6	0.6	75109	-1111	3.05191	-1111	5.0442	
5538	1109635200	2005	03	01	1	0.6	0.6	75252	-1111	3.05191	-1111	5.09773	
5569	1112313600	2005	04	01	1	0.6	0.6	75452	-1111	3.05191	-1111	4.80556	
5599	1114905600	2005	05	01	1	0.6	0.6	75614	-1111	3.05191	-1111	4.65288	
5630	1117584000	2005	06	01	1	0.6	0.6	75782	-1111	3.05191	-1111	4.35535	
5660	1120176000	2005	07	01	1	0.6	0.6	75948	-1111	3.05191	-1111	4.26702	
5691	1122854400	2005	08	01	1	0.6	0.6	76155	-1111	3.05191	-1111	4.23844	
5722	1125532800	2005	09	01	1	0.6	0.6	76368	-1111	3.05191	-1111	4.17991	
5752	1128124800	2005	10	01	1	0.6	0.6	76528	-1111	3.05191	-1111	4.25244	
5783	1130803200	2005	11	01	1	0.6	0.6	76714	-1111	3.05191	-1111	4.14873	
5813	1133395200	2005	12	01	1	0.6	0.6	76877	-1111	3.05191	-1111	4.14837	
5844	1136073600	2006	01	01	1	0.6	0.6	77076	-1111	3.05191	-1111	4.01443	
5875	1138752000	2006	02	01	1	0.6	0.6	77282	-1111	2.71165	-1111	3.96009	
5903	1141171200	2006	03	01	1	0.6	0.6	77430	-1111	2.71165	-1111	3.90838	
5934	1143849600	2006	04	01	1	0.6	0.6	77626	-1111	2.71165	-1111	3.97171	
5964	1146441600	2006	05	01	1	0.6	0.6	77807	-1111	2.71165	-1111	3.89445	
5995	1149120000	2006	06	01	1	0.6	0.6	77999	-1111	2.71165	-1111	3.77647	
6025	1151712000	2006	07	01	1	0.6	0.6	78168	-1111	2.71165	-1111	3.6503	
6056	1154390400	2006	08	01	1	0.6	0.6	78357	-1111	2.71165	-1111	3.62403	
6087	1157068800	2006	09	01	1	0.6	0.6	78527	-1111	2.71165	-1111	3.34293	
6117	1159660800	2006	10	01	1	0.6	0.6	78717	-1111	2.71165	-1111	3.45401	
6148	1162339200	2006	11	01	1	0.6	0.6	78900	-1111	2.71165	-1111	3.65191	
6178	1164931200	2006	12	01	1	0.6	0.6	79087	-1111	2.71165	-1111	3.57914	
6209	1167609600	2007	01	01	1	0.6	0.6	79280	-1111	2.71165	-1111	3.72869	
6240	1170288000	2007	02	01	1	0.6	0.6	79465	-1111	2.29838	-1111	3.66291	
6268	1172707200	2007	03	01	1	0.6	0.6	79640	-1111	2.29838	-1111	3.71973	
6299	1175385600	2007	04	01	1	0.6	0.6	79858	-1111	2.29838	-1111	3.63591	
6329	1177977600	2007	05	01	1	0.6	0.6	80034	-1111	2.29838	-1111	3.7116	
6360	1180656000	2007	06	01	1	0.6	0.6	80194	-1111	2.29838	-1111	3.68007	
6390	1183248000	2007	07	01	1	0.6	0.6	80388	-1111	2.29838	-1111	4.07992	
6421	1185926400	2007	08	01	1	0.6	0.6	80574	-1111	2.29838	-1111	4.01966	
6452	1188604800	2007	09	01	1	0.6	0.6	80747	-1111	2.29838	-1111	4.09171	
6482	1191196800	2007	10	01	1	0.6	0.6	80925	-1111	2.29838	-1111	3.81277	
6513	1193875200	2007	11	01	1	0.6	0.6	81099	-1111	2.29838	-1111	4.06069	
6543	1196467200	2007	12	01	1	0.6	0.6	81277	-1111	2.29838	-1111	4.13793	
6574	1199145600	2008	01	01	1	0.6	0.6	81470	-1111	2.29838	-1111	4.28827	
6605	1201824000	2008	02	01	1	0.6	0.6	81650	-1111	2.41776	-1111	4.32453	
6634	1204329600	2008	03	01	1	0.6	0.6	81792	-1111	2.41776	-1111	4.4316	
6665	1207008000	2008	04	01	1	0.6	0.6	81968	-1111	2.41776	-1111	4.69995	
6695	1209600000	2008	05	01	1	0.6	0.6	82169	-1111	2.41776	-1111	4.95424	
6726	1212278400	2008	06	01	1	0.6	0.6	82386	-1111	2.41776	-1111	5.10565	
6756	1214870400	2008	07	01	1	0.6	0.6	82563	-1111	2.41776	-1111	5.26316	
6787	1217548800	2008	08	01	1	0.6	0.6	82736	-1111	2.41776	-1111	5.75101	
6818	1220227200	2008	09	01	1	0.6	0.6	82928	-1111	2.41776	-1111	5.85693	
6848	1222819200	2008	10	01	1	0.6	0.6	83097	-1111	2.41776	-1111	5.86315	
6879	1225497600	2008	11	01	1	0.6	0.6	83253	-1111	2.41776	-1111	5.86319	
6909	1228089600	2008	12	01	1	0.6	0.6	83455	-1111	2.41776	-1111	5.9283	
6940	1230768000	2009	01	01	1	0.6	0.6	83647	-1111	2.41776	-1111	5.98788	
6971	1233446400	2009	02	01	1	0.6	0.6	83862	-1111	3.06767	-1111	6.31352	
6999	1235865600	2009	03	01	1	0.6	0.6	84024	-1111	3.06767	-1111	6.45402	
7030	1238544000	2009	04	01	1	0.6	0.6	84195	-1111	3.06767	-1111	6.47579	
7060	1241136000	2009	05	01	1	0.6	0.6	84399	-1111	3.06767	-1111	6.29302	
7091	1243814400	2009	06	01	1	0.6	0.6	84616	-1111	3.06767	-1111	6.30949	
7121	1246406400	2009	07	01	1	0.6	0.6	84791	-1111	3.06767	-1111	6.48581	
7152	1249084800	2009	08	01	1	0.6	0.6	84978	-1111	3.06767	-1111	6.50767	
7183	1251763200	2009	09	01	1	0.6	0.6	85186	-1111	3.06767	-1111	6.44982	
7213	1254355200	2009	10	01	1	0.6	0.6	85388	-1111	3.06767	-1111	6.28284	
7244	1257033600	2009	11	01	1	0.6	0.6	85585	-1111	3.06767	-1111	6.08752	
7274	1259625600	2009	12	01	1	0.6	0.6	85809	-1111	3.06767	-1111	5.92827	
7305	1262304000	2010	01	01	1	0.6	0.6	86051	-1111	3.06767	-1111	5.9562	
7336	1264982400	2010	02	01	1	0.6	0.6	86245	-1111	3.48385	-1111	5.89769	
7364	1267401600	2010	03	01	1	0.6	0.6	86440	-1111	3.48385	-1111	5.82622	
7395	1270080000	2010	04	01	1	0.6	0.6	86627	-1111	3.48385	-1111	5.55404	
7425	1272672000	2010	05	01	1	0.6	0.6	86794	-1111	3.48385	-1111	4.86864	
7456	1275350400	2010	06	01	1	0.6	0.6	86998	-1111	3.48385	-1111	4.1169	
7486	1277942400	2010	07	01	1	0.6	0.6	87198	-1111	3.48385	-1111	3.82304	
7517	1280620800	2010	08	01	1	0.6	0.6	87410	-1111	3.48385	-1111	3.70854	
7548	1283299200	2010	09	01	1	0.6	0.6	87613	-1111	3.48385	-1111	3.66353	
7578	1285891200	2010	10	01	1	0.6	0.6	87843	-1111	3.48385	-1111	3.63048	
7609	1288569600	2010	11	01	1	0.6	0.6	88076	-1111	3.48385	-1111	3.36312	
7639	1291161600	2010	12	01	1	0.6	0.6	88272	-1111	3.48385	-1111	3.19735	
7670	1293840000	2011	01	01	1	0.6	0.6	88464	-1111	3.48385	-1111	3.24295	
7701	1296518400	2011	02	01	1	0.6	0.6	88667	-1111	2.50039	-1111	3.14017	
7729	1298937600	2011	03	01	1	0.6	0.6	88849	-1111	2.50039	-1111	3.12027	
7760	1301616000	2011	04	01	1	0.6	0.6	89049	-1111	2.50039	-1111	2.80826	
7790	1304208000	2011	05	01	1	0.6	0.6	89262	-1111	2.50039	-1111	3.00306	
7821	1306886400	2011	06	01	1	0.6	0.6	89441	-1111	2.50039	-1111	2.99338	
7851	1309478400	2011	07	01	1	0.6	0.6	89666	-1111	2.50039	-1111	3.01722	
7882	1312156800	2011	08	01	1	0.6	0.6	89848	-1111	2.50039	-1111	3.11675	
7913	1314835200	2011	09	01	1	0.6	0.6	90070	-1111	2.50039	-1111	2.94156	
7943	1317427200	2011	10	01	1	0.6	0.6	90292	-1111	2.50039	-1111	3.01041	
7974	1320105600	2011	11	01	1	0.6	0.6	90540	-1111	2.50039	-1111	3.01694	
8004	1322697600	2011	12	01	1	0.6	0.6	90735	-1111	2.50039	-1111	3.0212	
8035	1325376000	2012	01	01	1	0.6	0.6	90948	-1111	2.50039	-1111	3.28437	
8066	1328054400	2012	02	01	1	0.6	0.6	91179	-1111	1.87517	-1111	3.33348	
8095	1330560000	2012	03	01	1	0.6	0.6	91370	-1111	1.87517	-1111	3.44039	
8126	1333238400	2012	04	01	1	0.6	0.6	91582	-1111	1.87517	-1111	3.4768	
8156	1335830400	2012	05	01	1	0.6	0.6	91787	-1111	1.87517	-1111	3.44946	
8187	1338508800	2012	06	01	1	0.6	0.6	91986	-1111	1.87517	-1111	3.57849	
8217	1341100800	2012	07	01	1	0.6	0.6	92156	-1111	1.87517	-1111	3.79356	
8248	1343779200	2012	08	01	1	0.6	0.6	92382	-1111	1.87517	-1111	3.92879	
8279	1346457600	2012	09	01	1	0.6	0.6	92624	-1111	1.87517	-1111	3.8759	
8309	1349049600	2012	10	01	1	0.6	0.6	92848	-1111	1.87517	-1111	4.03119	
8340	1351728000	2012	11	01	1	0.6	0.6	93075	-1111	1.87517	-1111	4.21129	
8370	1354320000	2012	12	01	1	0.6	0.6	93271	-1111	1.87517	-1111	4.16261	
8401	1356998400	2013	01	01	1	0.6	0.6	93495	-1111	1.87517	-1111	4.48196	
8432	1359676800	2013	02	01	1	0.6	0.6	93703	-1111	2.33838	-1111	4.61623	
8460	1362096000	2013	03	01	1	0.6	0.6	93907	-1111	2.33838	-1111	4.64247	
8491	1364774400	2013	04	01	1	0.6	0.6	94128	-1111	2.33838	-1111	4.58182	
8521	1367366400	2013	05	01	1	0.6	0.6	94337	-1111	2.33838	-1111	4.58213	
8552	1370044800	2013	06	01	1	0.6	0.6	94575	-1111	2.33838	-1111	4.80067	
8582	1372636800	2013	07	01	1	0.6	0.6	94824	-1111	2.33838	-1111	4.80669	
8613	1375315200	2013	08	01	1	0.6	0.6	95026	-1111	2.33838	-1111	4.98608	
8644	1377993600	2013	09	01	1	0.6	0.6	95262	-1111	2.33838	-1111	5.05327	
8674	1380585600	2013	10	01	1	0.6	0.6	95475	-1111	2.33838	-1111	5.0612	
8705	1383264000	2013	11	01	1	0.6	0.6	95679	-1111	2.33838	-1111	5.2586	
8735	1385856000	2013	12	01	1	0.6	0.6	95897	-1111	2.33838	-1111	5.07804	
8766	1388534400	2014	01	01	1	0.6	0.6	96100	-1111	2.33838	-1111	5.38376	
8797	1391212800	2014	02	01	1	0.6	0.6	96297	-1111	2.95031	-1111	5.21857	
8825	1393632000	2014	03	01	1	0.6	0.6	96532	-1111	2.95031	-1111	5.0143	
8856	1396310400	2014	04	01	1	0.6	0.6	96782	-1111	2.95031	-1111	4.94114	
8886	1398902400	2014	05	01	1	0.6	0.6	96998	-1111	2.95031	-1111	5.34742	
8917	1401580800	2014	06	01	1	0.6	0.6	97224	-1111	2.95031	-1111	5.69738	
8947	1404172800	2014	07	01	1	0.6	0.6	97444	-1111	2.95031	-1111	5.69938	
8978	1406851200	2014	08	01	1	0.6	0.6	97695	-1111	2.95031	-1111	5.88307	
9009	1409529600	2014	09	01	1	0.6	0.6	97951	-1111	2.95031	-1111	6.17587	
9039	1412121600	2014	10	01	1	0.6	0.6	98150	-1111	2.95031	-1111	6.06061	
9070	1414800000	2014	11	01	1	0.6	0.6	98369	-1111	2.95031	-1111	6.33879	
9100	1417392000	2014	12	01	1	0.6	0.6	98588	-1111	2.95031	-1111	6.18256	
9131	1420070400	2015	01	01	1	0.6	0.6	98842	-1111	2.95031	-1111	6.24801	
9162	1422748800	2015	02	01	1	0.6	0.6	99070	-1111	3.22468	-1111	6.16038	
9190	1425168000	2015	03	01	1	0.6	0.6	99249	-1111	3.22468	-1111	6.06013	
9221	1427846400	2015	04	01	1	0.6	0.6	99466	-1111	3.22468	-1111	6.30239	
9251	1430438400	2015	05	01	1	0.6	0.6	99687	-1111	3.22468	-1111	6.01887	
9282	1433116800	2015	06	01	1	0.6	0.6	99902	-1111	3.22468	-1111	5.74342	
9312	1435708800	2015	07	01	1	0.6	0.6	100153	-1111	3.22468	-1111	5.74275	
9343	1438387200	2015	08	01	1	0.6	0.6	100386	-1111	3.22468	-1111	5.8349	
9374	1441065600	2015	09	01	1	0.6	0.6	100623	-1111	3.22468	-1111	5.6381	
9404	1443657600	2015	10	01	1	0.6	0.6	100838	-1111	3.22468	-1111	5.65199	
9435	1446336000	2015	11	01	1	0.6	0.6	101092	-1111	3.22468	-1111	5.68063	
9465	1448928000	2015	12	01	1	0.6	0.6	101314	-1111	3.22468	-1111	5.5911	
9496	1451606400	2016	01	01	1	0.6	0.6	101538	-1111	3.22468	-1111	5.49229	
9527	1454284800	2016	02	01	1	0.6	0.6	101820	-1111	3.20675	-1111	5.33746	
9556	1456790400	2016	03	01	1	0.6	0.6	102050	-1111	3.20675	-1111	5.51934	
9587	1459468800	2016	04	01	1	0.6	0.6	102293	-1111	3.20675	-1111	5.37837	
9617	1462060800	2016	05	01	1	0.6	0.6	102514	-1111	3.20675	-1111	4.54545	
9648	1464739200	2016	06	01	1	0.6	0.6	102760	-1111	3.20675	-1111	4.13394	
9678	1467331200	2016	07	01	1	0.6	0.6	102993	-1111	3.20675	-1111	3.68614	
9709	1470009600	2016	08	01	1	0.6	0.6	103207	-1111	3.20675	-1111	3.51734	
9740	1472688000	2016	09	01	1	0.6	0.6	103439	-1111	3.20675	-1111	3.16379	
9770	1475280000	2016	10	01	1	0.6	0.6	103648	-1111	3.20675	-1111	2.89272	
9801	1477958400	2016	11	01	1	0.6	0.6	103882	-1111	3.20675	-1111	2.59509	
9831	1480550400	2016	12	01	1	0.6	0.6	104134	-1111	3.20675	-1111	2.47156	
9862	1483228800	2017	01	01	1	0.6	0.6	104356	-1111	3.20675	-1111	2.42276	
9893	1485907200	2017	02	01	1	0.6	0.6	104603	-1111	2.23573	-1111	2.58118	
9921	1488326400	2017	03	01	1	0.6	0.6	104835	-1111	2.23573	-1111	2.59126	
9952	1491004800	2017	04	01	1	0.6	0.6	105056	-1111	2.23573	-1111	2.61078	
9982	1493596800	2017	05	01	1	0.6	0.6	105305	-1111	2.23573	-1111	2.71351	
10013	1496275200	2017	06	01	1	0.6	0.6	105550	-1111	2.23573	-1111	2.78244	
10043	1498867200	2017	07	01	1	0.6	0.6	105809	-1111	2.23573	-1111	2.70391	
10074	1501545600	2017	08	01	1	0.6	0.6	106052	-1111	2.23573	-1111	2.6684	
10105	1504224000	2017	09	01	1	0.6	0.6	106320	-1111	2.23573	-1111	2.75229	
10135	1506816000	2017	10	01	1	0.6	0.6	106573	-1111	2.23573	-1111	2.95086	
10166	1509494400	2017	11	01	1	0.6	0.6	106799	-1111	2.23573	-1111	3.07199	
10196	1512086400	2017	12	01	1	0.6	0.6	107015	-1111	2.23573	-1111	3.09142	
10227	1514764800	2018	01	01	1	0.6	0.6	107274	-1111	2.23573	-1111	3.12167	
10258	1517443200	2018	02	01	1	0.6	0.6	107500	-1111	1.70699	-1111	3.20916	
10286	1519862400	2018	03	01	1	0.6	0.6	107741	-1111	1.70699	-1111	2.95966	
10317	1522540800	2018	04	01	1	0.6	0.6	108011	-1111	1.70699	-1111	3.15874	
10347	1525132800	2018	05	01	1	0.6	0.6	108262	-1111	1.70699	-1111	3.28674	
10378	1527811200	2018	06	01	1	0.6	0.6	108522	-1111	1.70699	-1111	3.62119	
10408	1530403200	2018	07	01	1	0.6	0.6	108762	-1111	1.70699	-1111	3.74272	
10439	1533081600	2018	08	01	1	0.6	0.6	109026	-1111	1.70699	-1111	3.79934	
10470	1535760000	2018	09	01	1	0.6	0.6	109259	-1111	1.70699	-1111	4.05011	
10500	1538352000	2018	10	01	1	0.6	0.6	109478	-1111	1.70699	-1111	4.38798	
10531	1541030400	2018	11	01	1	0.6	0.6	109735	-1111	1.70699	-1111	4.51826	
10561	1543622400	2018	12	01	1	0.6	0.6	109941	-1111	1.70699	-1111	4.53587	
10592	1546300800	2019	01	01	1	0.6	0.6	110170	-1111	1.70699	-1111	4.69753	
10623	1548979200	2019	02	01	1	0.6	0.6	110426	-1111	2.36168	-1111	4.78544	
10651	1551398400	2019	03	01	1	0.6	0.6	110680	-1111	2.36168	-1111	4.82556	
10682	1554076800	2019	04	01	1	0.6	0.6	110939	-1111	2.36168	-1111	5.13982	
10712	1556668800	2019	05	01	1	0.6	0.6	111176	-1111	2.36168	-1111	5.15194	
10743	1559347200	2019	06	01	1	0.6	0.6	111438	-1111	2.36168	-1111	5.15442	
10773	1561939200	2019	07	01	1	0.6	0.6	111690	-1111	2.36168	-1111	5.24188	
10804	1564617600	2019	08	01	1	0.6	0.6	111940	-1111	2.36168	-1111	5.26999	
10835	1567296000	2019	09	01	1	0.6	0.6	112222	-1111	2.36168	-1111	5.3193	
10865	1569888000	2019	10	01	1	0.6	0.6	112462	-1111	2.36168	-1111	5.363	
10896	1572566400	2019	11	01	1	0.6	0.6	112734	-1111	2.36168	-1111	5.2183	
10926	1575158400	2019	12	01	1	0.6	0.6	112984	-1111	2.36168	-1111	5.16151	
10957	1577836800	2020	01	01	1	0.6	0.6	113266	-1111	2.36168	-1111	5.30164	
10988	1580515200	2020	02	01	1	0.6	0.6	113556	-1111	3.15047	-1111	5.27992	
11017	1583020800	2020	03	01	1	0.6	0.6	113786	-1111	3.15047	-1111	5.22756	
11048	1585699200	2020	04	01	1	0.6	0.6	114108	-1111	3.15047	-1111	5.42929	
11078	1588291200	2020	05	01	1	0.6	0.6	114376	-1111	3.15047	-1111	5.75135	
11109	1590969600	2020	06	01	1	0.6	0.6	114643	-1111	3.15047	-1111	5.91759	
11139	1593561600	2020	07	01	1	0.6	0.6	114893	-1111	3.15047	-1111	5.9985	
11170	1596240000	2020	08	01	1	0.6	0.6	115132	-1111	3.15047	-1111	6.33045	
11201	1598918400	2020	09	01	1	0.6	0.6	115428	-1111	3.15047	-1111	6.30355	
11231	1601510400	2020	10	01	1	0.6	0.6	115697	-1111	3.15047	-1111	6.18949	
11262	1604188800	2020	11	01	1	0.6	0.6	115954	-1111	3.15047	-1111	6.0374	
11292	1606780800	2020	12	01	1	0.6	0.6	116198	-1111	3.15047	-1111	6.30103	
11323	1609459200	2021	01	01	1	0.6	0.6	116446	-1111	3.15047	-1111	6.14676	
11354	1612137600	2021	02	01	1	0.6	0.6	116706	-1111	3.38762	-1111	6.28311	
11382	1614556800	2021	03	01	1	0.6	0.6	116951	-1111	3.38762	-1111	6.25042	
11413	1617235200	2021	04	01	1	0.6	0.6	117228	-1111	3.38762	-1111	6.34286	
11443	1619827200	2021	05	01	1	0.6	0.6	117465	-1111	3.38762	-1111	6.15065	
11474	1622505600	2021	06	01	1	0.6	0.6	117731	-1111	3.38762	-1111	6.05117	
11504	1625097600	2021	07	01	1	0.6	0.6	118007	-1111	3.38762	-1111	5.76795	
11535	1627776000	2021	08	01	1	0.6	0.6	118297	-1111	3.38762	-1111	5.75069	
11566	1630454400	2021	09	01	1	0.6	0.6	118540	-1111	3.38762	-1111	5.7677	
11596	1633046400	2021	10	01	1	0.6	0.6	118856	-1111	3.38762	-1111	5.65111	
11627	1635724800	2021	11	01	1	0.6	0.6	119151	-1111	3.38762	-1111	5.62386	
11657	1638316800	2021	12	01	1	0.6	0.6	119403	-1111	3.38762	-1111	5.58201	
11688	1640995200	2022	01	01	1	0.6	0.6	119697	-1111	3.38762	-1111	5.54548	
11719	1643673600	2022	02	01	1	0.6	0.6	119987	-1111	3.21258	-1111	5.53273	
11747	1646092800	2022	03	01	1	0.6	0.6	120251	-1111	3.21258	-1111	5.49342	
11778	1648771200	2022	04	01	1	0.6	0.6	120570	-1111	3.21258	-1111	5.28964	
11808	1651363200	2022	05	01	1	0.6	0.6	120864	-1111	3.21258	-1111	4.72464	
11839	1654041600	2022	06	01	1	0.6	0.6	121165	-1111	3.21258	-1111	4.02691	
11869	1656633600	2022	07	01	1	0.6	0.6	121415	-1111	3.21258	-1111	3.78387	
11900	1659312000	2022	08	01	1	0.6	0.6	121728	-1111	3.21258	-1111	3.47519	
11931	1661990400	2022	09	01	1	0.6	0.6	122051	-1111	3.21258	-1111	3.15681	
11961	1664582400	2022	10	01	1	0.6	0.6	122287	-1111	3.21258	-1111	3.05961	
11992	1667260800	2022	11	01	1	0.6	0.6	122586	-1111	3.21258	-1111	3.08797	
12022	1669852800	2022	12	01	1	0.6	0.6	122854	-1111	3.21258	-1111	2.92011	
12053	1672531200	2023	01	01	1	0.6	0.6	123124	-1111	3.21258	-1111	2.79693	
12084	1675209600	2023	02	01	1	0.6	0.6	123432	-1111	2.32956	-1111	2.69127	
12112	1677628800	2023	03	01	1	0.6	0.6	123717	-1111	2.32956	-1111	2.6246	
12143	1680307200	2023	04	01	1	0.6	0.6	124008	-1111	2.32956	-1111	2.72994	
12173	1682899200	2023	05	01	1	0.6	0.6	124297	-1111	2.32956	-1111	2.84514	
12204	1685577600	2023	06	01	1	0.6	0.6	124554	-1111	2.32956	-1111	2.91037	
12234	1688169600	2023	07	01	1	0.6	0.6	124824	-1111	2.32956	-1111	2.7004	
12265	1690848000	2023	08	01	1	0.6	0.6	125182	-1111	2.32956	-1111	2.71455	
12296	1693526400	2023	09	01	1	0.6	0.6	125492	-1111	2.32956	-1111	2.71488	
12326	1696118400	2023	10	01	1	0.6	0.6	125777	-1111	2.32956	-1111	2.71255	
12357	1698796800	2023	11	01	1	0.6	0.6	126071	-1111	2.32956	-1111	2.5983	
12387	1701388800	2023	12	01	1	0.6	0.6	126373	-1111	2.32956	-1111	2.74464	
12418	1704067200	2024	01	01	1	0.6	0.6	126677	-1111	2.32956	-1111	2.68856	
12449	1706745600	2024	02	01	1	0.6	0.6	126974	-1111	1.6965	-1111	2.89139	
12478	1709251200	2024	03	01	1	0.6	0.6	127288	-1111	1.6965	-1111	3.09412	
12509	1711929600	2024	04	01	1	0.6	0.6	127606	-1111	1.6965	-1111	3.23477	
12539	1714521600	2024	05	01	1	0.6	0.6	127852	-1111	1.6965	-1111	3.39745	
12570	1717200000	2024	06	01	1	0.6	0.6	128142	-1111	1.6965	-1111	3.68255	
12600	1719792000	2024	07	01	1	0.6	0.6	128473	-1111	1.6965	-1111	3.91832	
12631	1722470400	2024	08	01	1	0.6	0.6	128752	-1111	1.6965	-1111	4.09249	
12662	1725148800	2024	09	01	1	0.6	0.6	129047	-1111	1.6965	-1111	4.34624	
12692	1727740800	2024	10	01	1	0.6	0.6	129325	-1111	1.6965	-1111	4.52222	
12723	1730419200	2024	11	01	1	0.6	0.6	129618	-1111	1.6965	-1111	4.81365	
12753	1733011200	2024	12	01	1	0.6	0.6	129881	-1111	1.6965	-1111	4.8796	
12784	1735689600	2025	01	01	1	0.6	0.6	130190	-1111	1.6965	-1111	5.30992	
12815	1738368000	2025	02	01	1	0.6	0.6	130426	-1111	2.4808	-1111	5.42617	
12843	1740787200	2025	03	01	1	0.6	0.6	130718	-1111	2.4808	-1111	5.45548	
12874	1743465600	2025	04	01	1	0.6	0.6	131020	-1111	2.4808	-1111	5.50952	
12904	1746057600	2025	05	01	1	0.6	0.6	131293	-1111	2.4808	-1111	5.64654	
12935	1748736000	2025	06	01	1	0.6	0.6	131624	-1111	2.4808	-1111	5.61747	
12965	1751328000	2025	07	01	1	0.6	0.6	131923	-1111	2.4808	-1111	5.63884	
12996	1754006400	2025	08	01	1	0.6	0.6	132224	-1111	2.4808	-1111	5.5803	
13027	1756684800	2025	09	01	1	0.6	0.6	132527	-1111	2.4808	-1111	5.49877	
13057	1759276800	2025	10	01	1	0.6	0.6	132774	-1111	2.4808	-1111	5.51614	
13088	1761955200	2025	11	01	1	0.6	0.6	133123	-1111	2.4808	-1111	5.35783	
13118	1764547200	2025	12	01	1	0.6	0.6	133452	-1111	2.4808	-1111	5.17819	
13149	1767225600	2026	01	01	1	0.6	0.6	133733	-1111	2.4808	-1111	5.17525	
13180	1769904000	2026	02	01	1	0.6	0.6	134056	-1111	3.28311	-1111	5.25299	
13208	1772323200	2026	03	01	1	0.6	0.6	134357	-1111	3.28311	-1111	5.08786	
13239	1775001600	2026	04	01	1	0.6	0.6	134680	-1111	3.28311	-1111	5.00945	
13269	1777593600	2026	05	01	1	0.6	0.6	134982	-1111	3.28311	-1111	5.40658	
13300	1780272000	2026	06	01	1	0.6	0.6	135311	-1111	3.28311	-1111	5.83971	
13330	1782864000	2026	07	01	1	0.6	0.6	135596	-1111	3.28311	-1111	5.79752	
13361	1785542400	2026	08	01	1	0.6	0.6	135910	-1111	3.28311	-1111	5.76202	
13392	1788220800	2026	09	01	1	0.6	0.6	136236	-1111	3.28311	-1111	5.81616	
13422	1790812800	2026	10	01	1	0.6	0.6	136537	-1111	3.28311	-1111	5.88488	
13453	1793491200	2026	11	01	1	0.6	0.6	136855	-1111	3.28311	-1111	5.98161	
13483	1796083200	2026	12	01	1	0.6	0.6	137197	-1111	3.28311	-1111	5.98775	
13514	1798761600	2027	01	01	1	0.6	0.6	137520	-1111	3.28311	-1111	6.04115	
13545	1801440000	2027	02	01	1	0.6	0.6	137832	-1111	3.19802	-1111	5.81604	
13573	1803859200	2027	03	01	1	0.6	0.6	138127	-1111	3.19802	-1111	5.96556	
13604	1806537600	2027	04	01	1	0.6	0.6	138487	-1111	3.19802	-1111	5.88453	
13634	1809129600	2027	05	01	1	0.6	0.6	138778	-1111	3.19802	-1111	5.93504	
13665	1811808000	2027	06	01	1	0.6	0.6	139062	-1111	3.19802	-1111	5.58508	
13695	1814400000	2027	07	01	1	0.6	0.6	139348	-1111	3.19802	-1111	5.42439	
13726	1817078400	2027	08	01	1	0.6	0.6	139659	-1111	3.19802	-1111	5.23295	
13757	1819756800	2027	09	01	1	0.6	0.6	139995	-1111	3.19802	-1111	5.34897	
13787	1822348800	2027	10	01	1	0.6	0.6	140361	-1111	3.19802	-1111	5.21522	
13818	1825027200	2027	11	01	1	0.6	0.6	140675	-1111	3.19802	-1111	5.15815	
13848	1827619200	2027	12	01	1	0.6	0.6	140974	-1111	3.19802	-1111	5.29528	
13879	1830297600	2028	01	01	1	0.6	0.6	141289	-1111	3.19802	-1111	5.46992	
13910	1832976000	2028	02	01	1	0.6	0.6	141604	-1111	3.04198	-1111	5.66085	
13939	1835481600	2028	03	01	1	0.6	0.6	141896	-1111	3.04198	-1111	5.62718	
13970	1838160000	2028	04	01	1	0.6	0.6	142222	-1111	3.04198	-1111	5.53978	
14000	1840752000	2028	05	01	1	0.6	0.6	142547	-1111	3.04198	-1111	5.0201	
14031	1843430400	2028	06	01	1	0.6	0.6	142914	-1111	3.04198	-1111	4.41302	
14061	1846022400	2028	07	01	1	0.6	0.6	143246	-1111	3.04198	-1111	4.27976	
14092	1848700800	2028	08	01	1	0.6	0.6	143611	-1111	3.04198	-1111	4.02932	
14123	1851379200	2028	09	01	1	0.6	0.6	143953	-1111	3.04198	-1111	3.73424	
14153	1853971200	2028	10	01	1	0.6	0.6	144261	-1111	3.04198	-1111	3.58476	
14184	1856649600	2028	11	01	1	0.6	0.6	144581	-1111	3.04198	-1111	3.30462	
14214	1859241600	2028	12	01	1	0.6	0.6	144925	-1111	3.04198	-1111	3.33748	
14245	1861920000	2029	01	01	1	0.6	0.6	145273	-1111	3.04198	-1111	3.16054	
14276	1864598400	2029	02	01	1	0.6	0.6	145624	-1111	2.53221	-1111	3.09942	
14304	1867017600	2029	03	01	1	0.6	0.6	145910	-1111	2.53221	-1111	3.02403	
14335	1869696000	2029	04	01	1	0.6	0.6	146262	-1111	2.53221	-1111	2.87139	
14365	1872288000	2029	05	01	1	0.6	0.6	146601	-1111	2.53221	-1111	2.82274	
14396	1874966400	2029	06	01	1	0.6	0.6	146892	-1111	2.53221	-1111	2.84042	
14426	1877558400	2029	07	01	1	0.6	0.6	147187	-1111	2.53221	-1111	2.74141	
14457	1880236800	2029	08	01	1	0.6	0.6	147504	-1111	2.53221	-1111	2.67306	
14488	1882915200	2029	09	01	1	0.6	0.6	147813	-1111	2.53221	-1111	2.80875	
14518	1885507200	2029	10	01	1	0.6	0.6	148154	-1111	2.53221	-1111	2.85057	
14549	1888185600	2029	11	01	1	0.6	0.6	148496	-1111	2.53221	-1111	2.93606	
14579	1890777600	2029	12	01	1	0.6	0.6	148855	-1111	2.53221	-1111	2.94048	
14610	1893456000	2030	01	01	1	0.6	0.6	149196	-1111	2.53221	-1111	3.00192	
