0	631152000	1990	01	01	1	0.6	0.5	50000	-1111	0	-1111	4.85234	
31	633830400	1990	02	01	1	0	0	50101	-1111	0	-1111	11.9024	
59	636249600	1990	03	01	1	0	0	50203	-1111	0	-1111	14.8573	
90	638928000	1990	04	01	1	0	0	50323	-1111	0	-1111	14.7743	
120	641520000	1990	05	01	1	0	0	50415	-1111	0	-1111	17.5345	
151	644198400	1990	06	01	1	0	0	50520	-1111	0	-1111	19.1712	
181	646790400	1990	07	01	1	0	0	50616	-1111	0	-1111	20.6673	
212	649468800	1990	08	01	1	0	0	50725	-1111	0	-1111	21.7801	
243	652147200	1990	09	01	1	0	0	50833	-1111	0	-1111	21.0386	
273	654739200	1990	10	01	1	0	0	50923	-1111	0	-1111	20.2217	
304	657417600	1990	11	01	1	0	0	51011	-1111	0	-1111	19.5175	
334	660009600	1990	12	01	1	0	0	51112	-1111	0	-1111	19.1652	
365	662688000	1991	01	01	1	0	0	51220	-1111	0	-1111	18.2539	
396	665366400	1991	02	01	1	0	0	51340	-1111	0	-1111	16.7826	
424	667785600	1991	03	01	1	0	0	51441	-1111	0	-1111	15.2795	
455	670464000	1991	04	01	1	0	0	51535	-1111	0	-1111	13.4399	
485	673056000	1991	05	01	1	0	0	51644	-1111	0	-1111	12.2298	
516	675734400	1991	06	01	1	0	0	51753	-1111	0	-1111	11.2532	
546	678326400	1991	07	01	1	0	0	51861	-1111	0	-1111	10.3311	
577	681004800	1991	08	01	1	0	0	51974	-1111	0	-1111	9.48314	
608	683683200	1991	09	01	1	0	0	52115	-1111	0	-1111	8.51476	
638	686275200	1991	10	01	1	0	0	52216	-1111	0	-1111	8.01078	
669	688953600	1991	11	01	1	0	0	52332	-1111	0	-1111	7.24234	
699	691545600	1991	12	01	1	0	0	52444	-1111	0	-1111	6.54213	
730	694224000	1992	01	01	1	0	0	52551	-1111	0	-1111	6.08894	
761	696902400	1992	02	01	1	0	0	52693	-1111	5.28543	-1111	5.9672	
790	699408000	1992	03	01	1	0	0	52827	-1111	5.28543	-1111	6.03874	
821	702086400	1992	04	01	1	0	0	52954	-1111	5.28543	-1111	5.90333	
851	704678400	1992	05	01	1	0	0	53086	-1111	5.28543	-1111	5.78061	
882	707356800	1992	06	01	1	0	0	53223	-1111	5.28543	-1111	6.22013	
912	709948800	1992	07	01	1	0	0	53331	-1111	5.28543	-1111	6.50874	
943	712627200	1992	08	01	1	0	0	53461	-1111	5.28543	-1111	6.68175	
974	715305600	1992	09	01	1	0	0	53578	-1111	5.28543	-1111	6.87914	
1004	717897600	1992	10	01	1	0	0	53708	-1111	5.28543	-1111	7.12347	
1035	720576000	1992	11	01	1	0	0	53811	-1111	5.28543	-1111	7.33966	
1065	723168000	1992	12	01	1	0	0	53930	-1111	5.28543	-1111	7.77108	
1096	725846400	1993	01	01	1	0	0	54082	-1111	5.28543	-1111	8.14809	
1127	728524800	1993	02	01	1	0	0	54222	-1111	3.5215	-1111	8.58684	
1155	730944000	1993	03	01	1	0	0	54321	-1111	3.5215	-1111	8.98136	
1186	733622400	1993	04	01	1	0	0	54455	-1111	3.5215	-1111	9.33333	
1216	736214400	1993	05	01	1	0	0	54588	-1111	3.5215	-1111	9.29814	
1247	738892800	1993	06	01	1	0	0	54727	-1111	3.5215	-1111	9.46311	
1277	741484800	1993	07	01	1	0	0	54853	-1111	3.5215	-1111	9.11813	
1308	744163200	1993	08	01	1	0	0	54981	-1111	3.5215	-1111	8.96918	
1339	746841600	1993	09	01	1	0	0	55095	-1111	3.5215	-1111	8.98985	
1369	749433600	1993	10	01	1	0	0	55219	-1111	3.5215	-1111	9.11736	
1400	752112000	1993	11	01	1	0	0	55346	-1111	3.5215	-1111	9.08752	
1430	754704000	1993	12	01	1	0	0	55464	-1111	3.5215	-1111	8.73772	
1461	757382400	1994	01	01	1	0	0	55593	-1111	3.5215	-1111	8.84323	
1492	760060800	1994	02	01	1	0	0	55733	-1111	4.61718	-1111	8.67597	
1520	762480000	1994	03	01	1	0	0	55861	-1111	4.61718	-1111	8.51901	
1551	765158400	1994	04	01	1	0	0	55988	-1111	4.61718	-1111	8.40498	
1581	767750400	1994	05	01	1	0	0	56106	-1111	4.61718	-1111	8.35801	
1612	770428800	1994	06	01	1	0	0	56229	-1111	4.61718	-1111	8.4079	
1642	773020800	1994	07	01	1	0	0	56364	-1111	4.61718	-1111	8.2699	
1673	775699200	1994	08	01	1	0	0	56474	-1111	4.61718	-1111	8.02186	
1704	778377600	1994	09	01	1	0	0	56600	-1111	4.61718	-1111	8.03519	
1734	780969600	1994	10	01	1	0	0	56744	-1111	4.61718	-1111	8.22575	
1765	783648000	1994	11	01	1	0	0	56871	-1111	4.61718	-1111	8.03426	
1795	786240000	1994	12	01	1	0	0	57002	-1111	4.61718	-1111	7.72064	
1826	788918400	1995	01	01	1	0	0	57134	-1111	4.61718	-1111	7.68609	
1857	791596800	1995	02	01	1	0	0	57261	-1111	4.13855	-1111	7.62394	
1885	794016000	1995	03	01	1	0	0	57384	-1111	4.13855	-1111	7.74658	
1916	796694400	1995	04	01	1	0	0	57505	-1111	4.13855	-1111	7.40088	
1946	799286400	1995	05	01	1	0	0	57613	-1111	4.13855	-1111	7.27739	
1977	801964800	1995	06	01	1	0	0	57715	-1111	4.13855	-1111	7.28216	
2007	804556800	1995	07	01	1	0	0	57828	-1111	4.13855	-1111	7.68277	
2038	807235200	1995	08	01	1	0	0	57943	-1111	4.13855	-1111	7.98806	
2069	809913600	1995	09	01	1	0	0	58058	-1111	4.13855	-1111	8.0637	
2099	812505600	1995	10	01	1	0	0	58197	-1111	4.13855	-1111	8.10713	
2130	815184000	1995	11	01	1	0	0	58333	-1111	4.13855	-1111	8.28372	
2160	817776000	1995	12	01	1	0	0	58493	-1111	4.13855	-1111	8.28377	
2191	820454400	1996	01	01	1	0	0	58630	-1111	4.13855	-1111	7.9838	
2222	823132800	1996	02	01	1	0	0	58753	-1111	4.06193	-1111	7.98122	
2251	825638400	1996	03	01	1	0	0	58867	-1111	4.06193	-1111	8.07789	
2282	828316800	1996	04	01	1	0	0	58980	-1111	4.06193	-1111	7.91865	
2312	830908800	1996	05	01	1	0	0	59103	-1111	4.06193	-1111	7.94245	
2343	833587200	1996	06	01	1	0	0	59230	-1111	4.06193	-1111	7.54568	
2373	836179200	1996	07	01	1	0	0	59356	-1111	4.06193	-1111	7.60121	
2404	838857600	1996	08	01	1	0	0	59477	-1111	4.06193	-1111	7.35452	
2435	841536000	1996	09	01	1	0	0	59638	-1111	4.06193	-1111	7.57218	
2465	844128000	1996	10	01	1	0	0	59756	-1111	4.06193	-1111	7.75493	
2496	846806400	1996	11	01	1	0	0	59917	-1111	4.06193	-1111	7.91352	
2526	849398400	1996	12	01	1	0	0	60019	-1111	4.06193	-1111	7.94815	
2557	852076800	1997	01	01	1	0	0	60164	-1111	4.06193	-1111	8.1727	
2588	854755200	1997	02	01	1	0	0	60310	-1111	3.98401	-1111	8.57265	
2616	857174400	1997	03	01	1	0	0	60445	-1111	3.98401	-1111	8.76384	
2647	859852800	1997	04	01	1	0	0	60577	-1111	3.98401	-1111	8.61373	
2677	862444800	1997	05	01	1	0	0	60718	-1111	3.98401	-1111	8.64582	
2708	865123200	1997	06	01	1	0	0	60847	-1111	3.98401	-1111	8.44642	
2738	867715200	1997	07	01	1	0	0	60993	-1111	3.98401	-1111	8.38032	
2769	870393600	1997	08	01	1	0	0	61135	-1111	3.98401	-1111	8.36679	
2800	873072000	1997	09	01	1	0	0	61286	-1111	3.98401	-1111	8.68126	
2830	875664000	1997	10	01	1	0	0	61404	-1111	3.98401	-1111	8.62117	
2861	878342400	1997	11	01	1	0	0	61554	-1111	3.98401	-1111	8.82003	
2891	880934400	1997	12	01	1	0	0	61707	-1111	3.98401	-1111	9.3192	
2922	883612800	1998	01	01	1	0	0	61840	-1111	3.98401	-1111	9.32286	
2953	886291200	1998	02	01	1	0	0	61981	-1111	4.36567	-1111	8.937	
2981	888710400	1998	03	01	1	0	0	62092	-1111	4.36567	-1111	8.65318	
3012	891388800	1998	04	01	1	0	0	62247	-1111	4.36567	-1111	8.48991	
3042	893980800	1998	05	01	1	0	0	62376	-1111	4.36567	-1111	8.62937	
3073	896659200	1998	06	01	1	0	0	62515	-1111	4.36567	-1111	8.44129	
3103	899251200	1998	07	01	1	0	0	62642	-1111	4.36567	-1111	8.45119	
3134	901929600	1998	08	01	1	0	0	62774	-1111	4.36567	-1111	8.31903	
3165	904608000	1998	09	01	1	0	0	62917	-1111	4.36567	-1111	8.52098	
3195	907200000	1998	10	01	1	0	0	63064	-1111	4.36567	-1111	8.33163	
3226	909878400	1998	11	01	1	0	0	63216	-1111	4.36567	-1111	8.26362	
3256	912470400	1998	12	01	1	0	0	63352	-1111	4.36567	-1111	8.29311	
3287	915148800	1999	01	01	1	0	0	63481	-1111	4.36567	-1111	8.12056	
3318	917827200	1999	02	01	1	0	0	63587	-1111	4.29798	-1111	8.21899	
3346	920246400	1999	03	01	1	0	0	63727	-1111	4.29798	-1111	8.22729	
3377	922924800	1999	04	01	1	0	0	63876	-1111	4.29798	-1111	8.29809	
3407	925516800	1999	05	01	1	0	0	64023	-1111	4.29798	-1111	8.11771	
3438	928195200	1999	06	01	1	0	0	64196	-1111	4.29798	-1111	7.74676	
3468	930787200	1999	07	01	1	0	0	64333	-1111	4.29798	-1111	7.42987	
3499	933465600	1999	08	01	1	0	0	64479	-1111	4.29798	-1111	7.40421	
3530	936144000	1999	09	01	1	0	0	64642	-1111	4.29798	-1111	7.19015	
3560	938736000	1999	10	01	1	0	0	64806	-1111	4.29798	-1111	7.24954	
3591	941414400	1999	11	01	1	0	0	64960	-1111	4.29798	-1111	7.05301	
3621	944006400	1999	12	01	1	0	0	65110	-1111	4.29798	-1111	7.16679	
3652	946684800	2000	01	01	1	0	0	65263	-1111	4.29798	-1111	7.09327	
3683	949363200	2000	02	01	1	0.6	0.6	65432	-1111	3.85443	-1111	6.086	
3712	951868800	2000	03	01	1	0.6	0.6	65583	-1111	3.85443	-1111	4.63178	
3743	954547200	2000	04	01	1	0.6	0.6	65730	-1111	3.85443	-1111	3.83382	
3773	957139200	2000	05	01	1	0.6	0.6	65898	-1111	3.85443	-1111	3.09915	
3804	959817600	2000	06	01	1	0.6	0.6	66041	-1111	3.85443	-1111	2.50996	
3834	962409600	2000	07	01	1	0.6	0.6	66205	-1111	3.85443	-1111	2.49953	
3865	965088000	2000	08	01	1	0.6	0.6	66367	-1111	3.85443	-1111	2.05343	
3896	967766400	2000	09	01	1	0.6	0.6	66551	-1111	3.85443	-1111	1.93309	
3926	970358400	2000	10	01	1	0.6	0.6	66702	-1111	3.85443	-1111	1.73325	
3957	973036800	2000	11	01	1	0.6	0.6	66846	-1111	3.85443	-1111	1.60936	
3987	975628800	2000	12	01	1	0.6	0.6	66975	-1111	3.85443	-1111	1.45848	
4018	978307200	2001	01	01	1	0.6	0.6	67122	-1111	3.85443	-1111	1.42952	
4049	980985600	2001	02	01	1	0.6	0.6	67282	-1111	1.76764	-1111	1.29013	
4077	983404800	2001	03	01	1	0.6	0.6	67474	-1111	1.76764	-1111	1.13704	
4108	986083200	2001	04	01	1	0.6	0.6	67628	-1111	1.76764	-1111	1.04403	
4138	988675200	2001	05	01	1	0.6	0.6	67797	-1111	1.76764	-1111	1.23141	
4169	991353600	2001	06	01	1	0.6	0.6	67968	-1111	1.76764	-1111	1.34455	
4199	993945600	2001	07	01	1	0.6	0.6	68134	-1111	1.76764	-1111	1.29908	
4230	996624000	2001	08	01	1	0.6	0.6	68286	-1111	1.76764	-1111	1.29066	
4261	999302400	2001	09	01	1	0.6	0.6	68442	-1111	1.76764	-1111	1.45634	
4291	1001894400	2001	10	01	1	0.6	0.6	68611	-1111	1.76764	-1111	1.603	
4322	1004572800	2001	11	01	1	0.6	0.6	68790	-1111	1.76764	-1111	1.68988	
4352	1007164800	2001	12	01	1	0.6	0.6	68946	-1111	1.76764	-1111	1.80457	
4383	1009843200	2002	01	01	1	0.6	0.6	69103	-1111	1.76764	-1111	1.91418	
4414	1012521600	2002	02	01	1	0.6	0.6	69253	-1111	1.00283	-1111	2.06025	
4442	1014940800	2002	03	01	1	0.6	0.6	69391	-1111	1.00283	-1111	2.06464	
4473	1017619200	2002	04	01	1	0.6	0.6	69595	-1111	1.00283	-1111	2.30827	
4503	1020211200	2002	05	01	1	0.6	0.6	69764	-1111	1.00283	-1111	2.31709	
4534	1022889600	2002	06	01	1	0.6	0.6	69927	-1111	1.00283	-1111	2.67903	
4564	1025481600	2002	07	01	1	0.6	0.6	70108	-1111	1.00283	-1111	2.59667	
4595	1028160000	2002	08	01	1	0.6	0.6	70259	-1111	1.00283	-1111	2.73113	
4626	1030838400	2002	09	01	1	0.6	0.6	70451	-1111	1.00283	-1111	2.91613	
4656	1033430400	2002	10	01	1	0.6	0.6	70633	-1111	1.00283	-1111	3.16085	
4687	1036108800	2002	11	01	1	0.6	0.6	70793	-1111	1.00283	-1111	3.32118	
4717	1038700800	2002	12	01	1	0.6	0.6	70950	-1111	1.00283	-1111	3.3677	
4748	1041379200	2003	01	01	1	0.6	0.6	71117	-1111	1.00283	-1111	3.53414	
4779	1044057600	2003	02	01	1	0.6	0.6	71290	-1111	1.84882	-1111	3.67688	
4807	1046476800	2003	03	01	1	0.6	0.6	71447	-1111	1.84882	-1111	3.89157	
4838	1049155200	2003	04	01	1	0.6	0.6	71617	-1111	1.84882	-1111	4.05959	
4868	1051747200	2003	05	01	1	0.6	0.6	71779	-1111	1.84882	-1111	4.20303	
4899	1054425600	2003	06	01	1	0.6	0.6	71945	-1111	1.84882	-1111	4.36866	
4929	1057017600	2003	07	01	1	0.6	0.6	72096	-1111	1.84882	-1111	4.49105	
4960	1059696000	2003	08	01	1	0.6	0.6	72254	-1111	1.84882	-1111	4.62592	
4991	1062374400	2003	09	01	1	0.6	0.6	72430	-1111	1.84882	-1111	4.48332	
5021	1064966400	2003	10	01	1	0.6	0.6	72566	-1111	1.84882	-1111	4.46141	
5052	1067644800	2003	11	01	1	0.6	0.6	72741	-1111	1.84882	-1111	4.5163	
5082	1070236800	2003	12	01	1	0.6	0.6	72925	-1111	1.84882	-1111	4.54866	
5113	1072915200	2004	01	01	1	0.6	0.6	73100	-1111	1.84882	-1111	4.7369	
5144	1075593600	2004	02	01	1	0.6	0.6	73274	-1111	2.79849	-1111	4.61946	
5173	1078099200	2004	03	01	1	0.6	0.6	73401	-1111	2.79849	-1111	4.53443	
5204	1080777600	2004	04	01	1	0.6	0.6	73582	-1111	2.79849	-1111	4.57134	
5234	1083369600	2004	05	01	1	0.6	0.6	73751	-1111	2.79849	-1111	4.71648	
5265	1086048000	2004	06	01	1	0.6	0.6	73904	-1111	2.79849	-1111	4.47809	
5295	1088640000	2004	07	01	1	0.6	0.6	74079	-1111	2.79849	-1111	4.39256	
5326	1091318400	2004	08	01	1	0.6	0.6	74278	-1111	2.79849	-1111	4.36588	
5357	1093996800	2004	09	01	1	0.6	0.6	74436	-1111	2.79849	-1111	4.5821	
5387	1096588800	2004	10	01	1	0.6	0.6	74592	-1111	2.79849	-1111	4.68081	
5418	1099267200	2004	11	01	1	0.6	0.6	74751	-1111	2.79849	-1111	4.43682	
5448	1101859200	2004	12	01	1	0.6	0.6	74920	-1111	2.79849	-1111	4.4144	
5479	1104537600	2005	01	01	1	0.6	0.6	75086	-1111	2.79849	-1111	4.23275	
5510	1107216000	2005	02	01	1	0.6	0.6	75236	-1111	2.80056	-1111	4.08784	
5538	1109635200	2005	03	01	1	0.6	0.6	75380	-1111	2.80056	-1111	4.13681	
5569	1112313600	2005	04	01	1	0.6	0.6	75565	-1111	2.80056	-1111	4.03835	
5599	1114905600	2005	05	01	1	0.6	0.6	75720	-1111	2.80056	-1111	4.14306	
5630	1117584000	2005	06	01	1	0.6	0.6	75916	-1111	2.80056	-1111	4.40933	
5660	1120176000	2005	07	01	1	0.6	0.6	76085	-1111	2.80056	-1111	4.16084	
5691	1122854400	2005	08	01	1	0.6	0.6	76279	-1111	2.80056	-1111	4.05287	
5722	1125532800	2005	09	01	1	0.6	0.6	76427	-1111	2.80056	-1111	3.79864	
5752	1128124800	2005	10	01	1	0.6	0.6	76633	-1111	2.80056	-1111	3.96666	
5783	1130803200	2005	11	01	1	0.6	0.6	76820	-1111	2.80056	-1111	4.0876	
5813	1133395200	2005	12	01	1	0.6	0.6	76993	-1111	2.80056	-1111	3.90873	
5844	1136073600	2006	01	01	1	0.6	0.6	77184	-1111	2.80056	-1111	3.74566	
5875	1138752000	2006	02	01	1	0.6	0.6	77413	-1111	2.55328	-1111	3.67201	
5903	1141171200	2006	03	01	1	0.6	0.6	77576	-1111	2.55328	-1111	3.69484	
5934	1143849600	2006	04	01	1	0.6	0.6	77758	-1111	2.55328	-1111	3.73471	
5964	1146441600	2006	05	01	1	0.6	0.6	77932	-1111	2.55328	-1111	3.9053	
5995	1149120000	2006	06	01	1	0.6	0.6	78091	-1111	2.55328	-1111	3.98788	
6025	1151712000	2006	07	01	1	0.6	0.6	78258	-1111	2.55328	-1111	4.02276	
6056	1154390400	2006	08	01	1	0.6	0.6	78462	-1111	2.55328	-1111	3.99559	
6087	1157068800	2006	09	01	1	0.6	0.6	78645	-1111	2.55328	-1111	3.9912	
6117	1159660800	2006	10	01	1	0.6	0.6	78835	-1111	2.55328	-1111	4.08204	
6148	1162339200	2006	11	01	1	0.6	0.6	78998	-1111	2.55328	-1111	4.09028	
6178	1164931200	2006	12	01	1	0.6	0.6	79218	-1111	2.55328	-1111	4.12397	
6209	1167609600	2007	01	01	1	0.6	0.6	79430	-1111	2.55328	-1111	4.10211	
6240	1170288000	2007	02	01	1	0.6	0.6	79647	-1111	2.45381	-1111	4.27715	
6268	1172707200	2007	03	01	1	0.6	0.6	79825	-1111	2.45381	-1111	4.48721	
6299	1175385600	2007	04	01	1	0.6	0.6	80000	-1111	2.45381	-1111	4.72736	
6329	1177977600	2007	05	01	1	0.6	0.6	80163	-1111	2.45381	-1111	4.88261	
6360	1180656000	2007	06	01	1	0.6	0.6	80356	-1111	2.45381	-1111	4.95438	
6390	1183248000	2007	07	01	1	0.6	0.6	80530	-1111	2.45381	-1111	5.2629	
6421	1185926400	2007	08	01	1	0.6	0.6	80688	-1111	2.45381	-1111	5.25187	
6452	1188604800	2007	09	01	1	0.6	0.6	80880	-1111	2.45381	-1111	5.39237	
6482	1191196800	2007	10	01	1	0.6	0.6	81051	-1111	2.45381	-1111	5.41353	
6513	1193875200	2007	11	01	1	0.6	0.6	81245	-1111	2.45381	-1111	5.52005	
6543	1196467200	2007	12	01	1	0.6	0.6	81456	-1111	2.45381	-1111	5.66147	
6574	1199145600	2008	01	01	1	0.6	0.6	81642	-1111	2.45381	-1111	5.77812	
6605	1201824000	2008	02	01	1	0.6	0.6	81819	-1111	3.05224	-1111	5.98196	
6634	1204329600	2008	03	01	1	0.6	0.6	82000	-1111	3.05224	-1111	6.01965	
6665	1207008000	2008	04	01	1	0.6	0.6	82185	-1111	3.05224	-1111	6.09016	
6695	1209600000	2008	05	01	1	0.6	0.6	82368	-1111	3.05224	-1111	6.1171	
6726	1212278400	2008	06	01	1	0.6	0.6	82559	-1111	3.05224	-1111	6.26576	
6756	1214870400	2008	07	01	1	0.6	0.6	82710	-1111	3.05224	-1111	6.20074	
6787	1217548800	2008	08	01	1	0.6	0.6	82931	-1111	3.05224	-1111	6.10795	
6818	1220227200	2008	09	01	1	0.6	0.6	83139	-1111	3.05224	-1111	5.6062	
6848	1222819200	2008	10	01	1	0.6	0.6	83320	-1111	3.05224	-1111	4.67052	
6879	1225497600	2008	11	01	1	0.6	0.6	83521	-1111	3.05224	-1111	4.11577	
6909	1228089600	2008	12	01	1	0.6	0.6	83720	-1111	3.05224	-1111	3.98988	
6940	1230768000	2009	01	01	1	0.6	0.6	83922	-1111	3.05224	-1111	3.66639	
6971	1233446400	2009	02	01	1	0.6	0.6	84128	-1111	3.10683	-1111	3.44779	
6999	1235865600	2009	03	01	1	0.6	0.6	84313	-1111	3.10683	-1111	3.23224	
7030	1238544000	2009	04	01	1	0.6	0.6	84522	-1111	3.10683	-1111	3.16394	
7060	1241136000	2009	05	01	1	0.6	0.6	84719	-1111	3.10683	-1111	2.95792	
7091	1243814400	2009	06	01	1	0.6	0.6	84917	-1111	3.10683	-1111	3.10525	
7121	1246406400	2009	07	01	1	0.6	0.6	85063	-1111	3.10683	-1111	3.01399	
7152	1249084800	2009	08	01	1	0.6	0.6	85238	-1111	3.10683	-1111	2.85111	
7183	1251763200	2009	09	01	1	0.6	0.6	85445	-1111	3.10683	-1111	2.83136	
7213	1254355200	2009	10	01	1	0.6	0.6	85661	-1111	3.10683	-1111	2.71235	
7244	1257033600	2009	11	01	1	0.6	0.6	85830	-1111	3.10683	-1111	2.58751	
7274	1259625600	2009	12	01	1	0.6	0.6	86057	-1111	3.10683	-1111	2.61601	
7305	1262304000	2010	01	01	1	0.6	0.6	86255	-1111	3.10683	-1111	2.63779	
7336	1264982400	2010	02	01	1	0.6	0.6	86452	-1111	1.83644	-1111	2.82481	
7364	1267401600	2010	03	01	1	0.6	0.6	86650	-1111	1.83644	-1111	2.86993	
7395	1270080000	2010	04	01	1	0.6	0.6	86874	-1111	1.83644	-1111	3.22552	
7425	1272672000	2010	05	01	1	0.6	0.6	87083	-1111	1.83644	-1111	3.33168	
7456	1275350400	2010	06	01	1	0.6	0.6	87293	-1111	1.83644	-1111	3.32614	
7486	1277942400	2010	07	01	1	0.6	0.6	87462	-1111	1.83644	-1111	3.28333	
7517	1280620800	2010	08	01	1	0.6	0.6	87654	-1111	1.83644	-1111	3.39044	
7548	1283299200	2010	09	01	1	0.6	0.6	87838	-1111	1.83644	-1111	3.49226	
7578	1285891200	2010	10	01	1	0.6	0.6	88058	-1111	1.83644	-1111	3.51783	
7609	1288569600	2010	11	01	1	0.6	0.6	88260	-1111	1.83644	-1111	3.78323	
7639	1291161600	2010	12	01	1	0.6	0.6	88451	-1111	1.83644	-1111	3.95543	
7670	1293840000	2011	01	01	1	0.6	0.6	88674	-1111	1.83644	-1111	4.09655	
7701	1296518400	2011	02	01	1	0.6	0.6	88917	-1111	2.18341	-1111	4.19593	
7729	1298937600	2011	03	01	1	0.6	0.6	89083	-1111	2.18341	-1111	4.40723	
7760	1301616000	2011	04	01	1	0.6	0.6	89269	-1111	2.18341	-1111	4.57326	
7790	1304208000	2011	05	01	1	0.6	0.6	89460	-1111	2.18341	-1111	4.66547	
7821	1306886400	2011	06	01	1	0.6	0.6	89686	-1111	2.18341	-1111	4.9268	
7851	1309478400	2011	07	01	1	0.6	0.6	89863	-1111	2.18341	-1111	4.89097	
7882	1312156800	2011	08	01	1	0.6	0.6	90075	-1111	2.18341	-1111	5.14278	
7913	1314835200	2011	09	01	1	0.6	0.6	90263	-1111	2.18341	-1111	5.23398	
7943	1317427200	2011	10	01	1	0.6	0.6	90478	-1111	2.18341	-1111	5.22352	
7974	1320105600	2011	11	01	1	0.6	0.6	90699	-1111	2.18341	-1111	5.30797	
8004	1322697600	2011	12	01	1	0.6	0.6	90918	-1111	2.18341	-1111	5.41932	
8035	1325376000	2012	01	01	1	0.6	0.6	91129	-1111	2.18341	-1111	5.16007	
8066	1328054400	2012	02	01	1	0.6	0.6	91308	-1111	2.95058	-1111	5.20465	
8095	1330560000	2012	03	01	1	0.6	0.6	91523	-1111	2.95058	-1111	5.21967	
8126	1333238400	2012	04	01	1	0.6	0.6	91717	-1111	2.95058	-1111	5.25615	
8156	1335830400	2012	05	01	1	0.6	0.6	91930	-1111	2.95058	-1111	5.34819	
8187	1338508800	2012	06	01	1	0.6	0.6	92131	-1111	2.95058	-1111	5.53774	
8217	1341100800	2012	07	01	1	0.6	0.6	92324	-1111	2.95058	-1111	5.26946	
8248	1343779200	2012	08	01	1	0.6	0.6	92510	-1111	2.95058	-1111	5.19154	
8279	1346457600	2012	09	01	1	0.6	0.6	92727	-1111	2.95058	-1111	5.50279	
8309	1349049600	2012	10	01	1	0.6	0.6	92923	-1111	2.95058	-1111	5.8891	
8340	1351728000	2012	11	01	1	0.6	0.6	93161	-1111	2.95058	-1111	5.91999	
8370	1354320000	2012	12	01	1	0.6	0.6	93371	-1111	2.95058	-1111	5.81863	
8401	1356998400	2013	01	01	1	0.6	0.6	93596	-1111	2.95058	-1111	5.69318	
8432	1359676800	2013	02	01	1	0.6	0.6	93802	-1111	3.25523	-1111	5.69195	
8460	1362096000	2013	03	01	1	0.6	0.6	93974	-1111	3.25523	-1111	5.93839	
8491	1364774400	2013	04	01	1	0.6	0.6	94184	-1111	3.25523	-1111	5.77625	
8521	1367366400	2013	05	01	1	0.6	0.6	94395	-1111	3.25523	-1111	5.87521	
8552	1370044800	2013	06	01	1	0.6	0.6	94629	-1111	3.25523	-1111	5.73753	
8582	1372636800	2013	07	01	1	0.6	0.6	94829	-1111	3.25523	-1111	5.76017	
8613	1375315200	2013	08	01	1	0.6	0.6	95056	-1111	3.25523	-1111	5.99385	
8644	1377993600	2013	09	01	1	0.6	0.6	95307	-1111	3.25523	-1111	5.88626	
8674	1380585600	2013	10	01	1	0.6	0.6	95520	-1111	3.25523	-1111	5.81969	
8705	1383264000	2013	11	01	1	0.6	0.6	95724	-1111	3.25523	-1111	5.8415	
8735	1385856000	2013	12	01	1	0.6	0.6	95955	-1111	3.25523	-1111	5.77954	
8766	1388534400	2014	01	01	1	0.6	0.6	96187	-1111	3.25523	-1111	5.45933	
8797	1391212800	2014	02	01	1	0.6	0.6	96427	-1111	3.1974	-1111	5.36888	
8825	1393632000	2014	03	01	1	0.6	0.6	96663	-1111	3.1974	-1111	5.2181	
8856	1396310400	2014	04	01	1	0.6	0.6	96861	-1111	3.1974	-1111	5.20356	
8886	1398902400	2014	05	01	1	0.6	0.6	97105	-1111	3.1974	-1111	5.3136	
8917	1401580800	2014	06	01	1	0.6	0.6	97296	-1111	3.1974	-1111	5.47756	
8947	1404172800	2014	07	01	1	0.6	0.6	97528	-1111	3.1974	-1111	5.44384	
8978	1406851200	2014	08	01	1	0.6	0.6	97720	-1111	3.1974	-1111	5.38808	
9009	1409529600	2014	09	01	1	0.6	0.6	97965	-1111	3.1974	-1111	5.06662	
9039	1412121600	2014	10	01	1	0.6	0.6	98191	-1111	3.1974	-1111	4.28531	
9070	1414800000	2014	11	01	1	0.6	0.6	98411	-1111	3.1974	-1111	3.77381	
9100	1417392000	2014	12	01	1	0.6	0.6	98639	-1111	3.1974	-1111	3.33976	
9131	1420070400	2015	01	01	1	0.6	0.6	98857	-1111	3.1974	-1111	3.00004	
9162	1422748800	2015	02	01	1	0.6	0.6	99122	-1111	2.69742	-1111	2.95472	
9190	1425168000	2015	03	01	1	0.6	0.6	99319	-1111	2.69742	-1111	2.80818	
9221	1427846400	2015	04	01	1	0.6	0.6	99558	-1111	2.69742	-1111	2.57198	
9251	1430438400	2015	05	01	1	0.6	0.6	99783	-1111	2.69742	-1111	2.57186	
9282	1433116800	2015	06	01	1	0.6	0.6	100051	-1111	2.69742	-1111	2.61842	
9312	1435708800	2015	07	01	1	0.6	0.6	100308	-1111	2.69742	-1111	2.65262	
9343	1438387200	2015	08	01	1	0.6	0.6	100556	-1111	2.69742	-1111	2.57261	
9374	1441065600	2015	09	01	1	0.6	0.6	100799	-1111	2.69742	-1111	2.6695	
9404	1443657600	2015	10	01	1	0.6	0.6	101035	-1111	2.69742	-1111	2.53721	
9435	1446336000	2015	11	01	1	0.6	0.6	101303	-1111	2.69742	-1111	2.50343	
9465	1448928000	2015	12	01	1	0.6	0.6	101537	-1111	2.69742	-1111	2.47227	
9496	1451606400	2016	01	01	1	0.6	0.6	101782	-1111	2.69742	-1111	2.53096	
9527	1454284800	2016	02	01	1	0.6	0.6	102032	-1111	1.69822	-1111	2.64813	
9556	1456790400	2016	03	01	1	0.6	0.6	102251	-1111	1.69822	-1111	2.74174	
9587	1459468800	2016	04	01	1	0.6	0.6	102518	-1111	1.69822	-1111	2.73374	
9617	1462060800	2016	05	01	1	0.6	0.6	102762	-1111	1.69822	-1111	2.73645	
9648	1464739200	2016	06	01	1	0.6	0.6	102983	-1111	1.69822	-1111	2.76452	
9678	1467331200	2016	07	01	1	0.6	0.6	103190	-1111	1.69822	-1111	2.93293	
9709	1470009600	2016	08	01	1	0.6	0.6	103429	-1111	1.69822	-1111	2.90633	
9740	1472688000	2016	09	01	1	0.6	0.6	103673	-1111	1.69822	-1111	3.05705	
9770	1475280000	2016	10	01	1	0.6	0.6	103885	-1111	1.69822	-1111	2.99305	
9801	1477958400	2016	11	01	1	0.6	0.6	104134	-1111	1.69822	-1111	2.98564	
9831	1480550400	2016	12	01	1	0.6	0.6	104360	-1111	1.69822	-1111	3.00038	
9862	1483228800	2017	01	01	1	0.6	0.6	104594	-1111	1.69822	-1111	3.12002	
9893	1485907200	2017	02	01	1	0.6	0.6	104838	-1111	1.89605	-1111	3.55401	
9921	1488326400	2017	03	01	1	0.6	0.6	105066	-1111	1.89605	-1111	3.93858	
9952	1491004800	2017	04	01	1	0.6	0.6	105302	-1111	1.89605	-1111	4.23251	
9982	1493596800	2017	05	01	1	0.6	0.6	105584	-1111	1.89605	-1111	4.49084	
10013	1496275200	2017	06	01	1	0.6	0.6	105819	-1111	1.89605	-1111	4.96016	
10043	1498867200	2017	07	01	1	0.6	0.6	106092	-1111	1.89605	-1111	5.1152	
10074	1501545600	2017	08	01	1	0.6	0.6	106318	-1111	1.89605	-1111	5.41295	
10105	1504224000	2017	09	01	1	0.6	0.6	106553	-1111	1.89605	-1111	5.65582	
10135	1506816000	2017	10	01	1	0.6	0.6	106795	-1111	1.89605	-1111	5.73007	
10166	1509494400	2017	11	01	1	0.6	0.6	107055	-1111	1.89605	-1111	5.76696	
10196	1512086400	2017	12	01	1	0.6	0.6	107307	-1111	1.89605	-1111	5.73758	
10227	1514764800	2018	01	01	1	0.6	0.6	107548	-1111	1.89605	-1111	5.857	
10258	1517443200	2018	02	01	1	0.6	0.6	107772	-1111	3.03307	-1111	5.87738	
10286	1519862400	2018	03	01	1	0.6	0.6	107954	-1111	3.03307	-1111	6.13684	
10317	1522540800	2018	04	01	1	0.6	0.6	108217	-1111	3.03307	-1111	5.97763	
10347	1525132800	2018	05	01	1	0.6	0.6	108481	-1111	3.03307	-1111	5.82196	
10378	1527811200	2018	06	01	1	0.6	0.6	108735	-1111	3.03307	-1111	5.99157	
10408	1530403200	2018	07	01	1	0.6	0.6	108978	-1111	3.03307	-1111	5.70578	
10439	1533081600	2018	08	01	1	0.6	0.6	109260	-1111	3.03307	-1111	5.61066	
10470	1535760000	2018	09	01	1	0.6	0.6	109507	-1111	3.03307	-1111	5.56558	
10500	1538352000	2018	10	01	1	0.6	0.6	109748	-1111	3.03307	-1111	5.55435	
10531	1541030400	2018	11	01	1	0.6	0.6	109967	-1111	3.03307	-1111	5.43592	
10561	1543622400	2018	12	01	1	0.6	0.6	110227	-1111	3.03307	-1111	5.23801	
10592	1546300800	2019	01	01	1	0.6	0.6	110487	-1111	3.03307	-1111	5.14888	
10623	1548979200	2019	02	01	1	0.6	0.6	110751	-1111	3.34995	-1111	5.53809	
10651	1551398400	2019	03	01	1	0.6	0.6	110989	-1111	3.34995	-1111	5.68081	
10682	1554076800	2019	04	01	1	0.6	0.6	111246	-1111	3.34995	-1111	5.71611	
10712	1556668800	2019	05	01	1	0.6	0.6	111475	-1111	3.34995	-1111	5.84673	
10743	1559347200	2019	06	01	1	0.6	0.6	111771	-1111	3.34995	-1111	5.71388	
10773	1561939200	2019	07	01	1	0.6	0.6	112022	-1111	3.34995	-1111	5.66509	
10804	1564617600	2019	08	01	1	0.6	0.6	112282	-1111	3.34995	-1111	5.53563	
10835	1567296000	2019	09	01	1	0.6	0.6	112555	-1111	3.34995	-1111	5.35802	
10865	1569888000	2019	10	01	1	0.6	0.6	112813	-1111	3.34995	-1111	5.29286	
10896	1572566400	2019	11	01	1	0.6	0.6	113076	-1111	3.34995	-1111	5.28488	
10926	1575158400	2019	12	01	1	0.6	0.6	113304	-1111	3.34995	-1111	5.36723	
10957	1577836800	2020	01	01	1	0.6	0.6	113569	-1111	3.34995	-1111	5.43789	
10988	1580515200	2020	02	01	1	0.6	0.6	113847	-1111	3.05315	-1111	5.39967	
11017	1583020800	2020	03	01	1	0.6	0.6	114105	-1111	3.05315	-1111	5.3917	
11048	1585699200	2020	04	01	1	0.6	0.6	114384	-1111	3.05315	-1111	5.36938	
11078	1588291200	2020	05	01	1	0.6	0.6	114663	-1111	3.05315	-1111	5.30772	
11109	1590969600	2020	06	01	1	0.6	0.6	114944	-1111	3.05315	-1111	5.36619	
11139	1593561600	2020	07	01	1	0.6	0.6	115227	-1111	3.05315	-1111	5.16554	
11170	1596240000	2020	08	01	1	0.6	0.6	115475	-1111	3.05315	-1111	5.27522	
11201	1598918400	2020	09	01	1	0.6	0.6	115756	-1111	3.05315	-1111	5.13854	
11231	1601510400	2020	10	01	1	0.6	0.6	116002	-1111	3.05315	-1111	5.27985	
11262	1604188800	2020	11	01	1	0.6	0.6	116259	-1111	3.05315	-1111	5.35307	
11292	1606780800	2020	12	01	1	0.6	0.6	116529	-1111	3.05315	-1111	5.34144	
11323	1609459200	2021	01	01	1	0.6	0.6	116792	-1111	3.05315	-1111	5.14123	
11354	1612137600	2021	02	01	1	0.6	0.6	117090	-1111	2.9245	-1111	4.54116	
11382	1614556800	2021	03	01	1	0.6	0.6	117310	-1111	2.9245	-1111	4.06877	
11413	1617235200	2021	04	01	1	0.6	0.6	117582	-1111	2.9245	-1111	3.74256	
11443	1619827200	2021	05	01	1	0.6	0.6	117835	-1111	2.9245	-1111	3.45788	
11474	1622505600	2021	06	01	1	0.6	0.6	118114	-1111	2.9245	-1111	3.40361	
11504	1625097600	2021	07	01	1	0.6	0.6	118359	-1111	2.9245	-1111	3.16772	
11535	1627776000	2021	08	01	1	0.6	0.6	118647	-1111	2.9245	-1111	2.94235	
11566	1630454400	2021	09	01	1	0.6	0.6	118907	-1111	2.9245	-1111	2.74776	
11596	1633046400	2021	10	01	1	0.6	0.6	119164	-1111	2.9245	-1111	2.66049	
11627	1635724800	2021	11	01	1	0.6	0.6	119484	-1111	2.9245	-1111	2.65408	
11657	1638316800	2021	12	01	1	0.6	0.6	119749	-1111	2.9245	-1111	2.50799	
11688	1640995200	2022	01	01	1	0.6	0.6	119998	-1111	2.9245	-1111	2.4926	
11719	1643673600	2022	02	01	1	0.6	0.6	120271	-1111	2.00193	-1111	2.44135	
11747	1646092800	2022	03	01	1	0.6	0.6	120550	-1111	2.00193	-1111	2.47152	
11778	1648771200	2022	04	01	1	0.6	0.6	120853	-1111	2.00193	-1111	2.5841	
11808	1651363200	2022	05	01	1	0.6	0.6	121137	-1111	2.00193	-1111	2.58071	
11839	1654041600	2022	06	01	1	0.6	0.6	121421	-1111	2.00193	-1111	2.78129	
11869	1656633600	2022	07	01	1	0.6	0.6	121732	-1111	2.00193	-1111	2.89372	
11900	1659312000	2022	08	01	1	0.6	0.6	121979	-1111	2.00193	-1111	2.79553	
11931	1661990400	2022	09	01	1	0.6	0.6	122233	-1111	2.00193	-1111	2.84069	
11961	1664582400	2022	10	01	1	0.6	0.6	122551	-1111	2.00193	-1111	2.93258	
11992	1667260800	2022	11	01	1	0.6	0.6	122808	-1111	2.00193	-1111	3.05158	
12022	1669852800	2022	12	01	1	0.6	0.6	123093	-1111	2.00193	-1111	3.04669	
12053	1672531200	2023	01	01	1	0.6	0.6	123372	-1111	2.00193	-1111	3.22941	
12084	1675209600	2023	02	01	1	0.6	0.6	123649	-1111	1.83537	-1111	3.60979	
12112	1677628800	2023	03	01	1	0.6	0.6	123904	-1111	1.83537	-1111	3.76214	
12143	1680307200	2023	04	01	1	0.6	0.6	124200	-1111	1.83537	-1111	4.18211	
12173	1682899200	2023	05	01	1	0.6	0.6	124444	-1111	1.83537	-1111	4.41172	
12204	1685577600	2023	06	01	1	0.6	0.6	124712	-1111	1.83537	-1111	4.53499	
12234	1688169600	2023	07	01	1	0.6	0.6	125004	-1111	1.83537	-1111	4.69763	
12265	1690848000	2023	08	01	1	0.6	0.6	125307	-1111	1.83537	-1111	4.78683	
12296	1693526400	2023	09	01	1	0.6	0.6	125578	-1111	1.83537	-1111	5.00845	
12326	1696118400	2023	10	01	1	0.6	0.6	125874	-1111	1.83537	-1111	5.26743	
12357	1698796800	2023	11	01	1	0.6	0.6	126175	-1111	1.83537	-1111	5.42131	
12387	1701388800	2023	12	01	1	0.6	0.6	126464	-1111	1.83537	-1111	5.58421	
12418	1704067200	2024	01	01	1	0.6	0.6	126751	-1111	1.83537	-1111	5.6691	
12449	1706745600	2024	02	01	1	0.6	0.6	127033	-1111	2.92568	-1111	5.58547	
12478	1709251200	2024	03	01	1	0.6	0.6	127290	-1111	2.92568	-1111	5.54801	
12509	1711929600	2024	04	01	1	0.6	0.6	127575	-1111	2.92568	-1111	5.47848	
12539	1714521600	2024	05	01	1	0.6	0.6	127821	-1111	2.92568	-1111	5.44445	
12570	1717200000	2024	06	01	1	0.6	0.6	128121	-1111	2.92568	-1111	5.55896	
12600	1719792000	2024	07	01	1	0.6	0.6	128383	-1111	2.92568	-1111	5.50319	
12631	1722470400	2024	08	01	1	0.6	0.6	128691	-1111	2.92568	-1111	5.5669	
12662	1725148800	2024	09	01	1	0.6	0.6	128988	-1111	2.92568	-1111	5.61274	
12692	1727740800	2024	10	01	1	0.6	0.6	129272	-1111	2.92568	-1111	5.56146	
12723	1730419200	2024	11	01	1	0.6	0.6	129550	-1111	2.92568	-1111	5.40319	
12753	1733011200	2024	12	01	1	0.6	0.6	129792	-1111	2.92568	-1111	5.28942	
12784	1735689600	2025	01	01	1	0.6	0.6	130104	-1111	2.92568	-1111	5.38508	
12815	1738368000	2025	02	01	1	0.6	0.6	130451	-1111	3.34458	-1111	5.66959	
12843	1740787200	2025	03	01	1	0.6	0.6	130747	-1111	3.34458	-1111	5.87598	
12874	1743465600	2025	04	01	1	0.6	0.6	131082	-1111	3.34458	-1111	5.71154	
12904	1746057600	2025	05	01	1	0.6	0.6	131371	-1111	3.34458	-1111	5.80149	
12935	1748736000	2025	06	01	1	0.6	0.6	131711	-1111	3.34458	-1111	5.70165	
12965	1751328000	2025	07	01	1	0.6	0.6	132007	-1111	3.34458	-1111	5.73883	
12996	1754006400	2025	08	01	1	0.6	0.6	132290	-1111	3.34458	-1111	5.60514	
13027	1756684800	2025	09	01	1	0.6	0.6	132577	-1111	3.34458	-1111	5.46859	
13057	1759276800	2025	10	01	1	0.6	0.6	132915	-1111	3.34458	-1111	5.36016	
13088	1761955200	2025	11	01	1	0.6	0.6	133252	-1111	3.34458	-1111	5.3534	
13118	1764547200	2025	12	01	1	0.6	0.6	133556	-1111	3.34458	-1111	5.36667	
13149	1767225600	2026	01	01	1	0.6	0.6	133833	-1111	3.34458	-1111	5.34942	
13180	1769904000	2026	02	01	1	0.6	0.6	134144	-1111	3.04813	-1111	5.19526	
13208	1772323200	2026	03	01	1	0.6	0.6	134432	-1111	3.04813	-1111	5.17322	
13239	1775001600	2026	04	01	1	0.6	0.6	134731	-1111	3.04813	-1111	5.2647	
13269	1777593600	2026	05	01	1	0.6	0.6	135048	-1111	3.04813	-1111	5.53397	
13300	1780272000	2026	06	01	1	0.6	0.6	135365	-1111	3.04813	-1111	5.53839	
13330	1782864000	2026	07	01	1	0.6	0.6	135685	-1111	3.04813	-1111	5.53033	
13361	1785542400	2026	08	01	1	0.6	0.6	136002	-1111	3.04813	-1111	5.44388	
13392	1788220800	2026	09	01	1	0.6	0.6	136347	-1111	3.04813	-1111	5.39397	
13422	1790812800	2026	10	01	1	0.6	0.6	136659	-1111	3.04813	-1111	5.17172	
13453	1793491200	2026	11	01	1	0.6	0.6	136954	-1111	3.04813	-1111	5.08142	
13483	1796083200	2026	12	01	1	0.6	0.6	137286	-1111	3.04813	-1111	5.03664	
13514	1798761600	2027	01	01	1	0.6	0.6	137647	-1111	3.04813	-1111	4.99065	
13545	1801440000	2027	02	01	1	0.6	0.6	137990	-1111	2.94514	-1111	4.14383	
13573	1803859200	2027	03	01	1	0.6	0.6	138257	-1111	2.94514	-1111	3.78411	
13604	1806537600	2027	04	01	1	0.6	0.6	138571	-1111	2.94514	-1111	3.52995	
13634	1809129600	2027	05	01	1	0.6	0.6	138886	-1111	2.94514	-1111	3.14922	
13665	1811808000	2027	06	01	1	0.6	0.6	139175	-1111	2.94514	-1111	2.89303	
13695	1814400000	2027	07	01	1	0.6	0.6	139496	-1111	2.94514	-1111	2.68768	
13726	1817078400	2027	08	01	1	0.6	0.6	139797	-1111	2.94514	-1111	2.57157	
13757	1819756800	2027	09	01	1	0.6	0.6	140142	-1111	2.94514	-1111	2.58409	
13787	1822348800	2027	10	01	1	0.6	0.6	140477	-1111	2.94514	-1111	2.43395	
13818	1825027200	2027	11	01	1	0.6	0.6	140789	-1111	2.94514	-1111	2.43971	
13848	1827619200	2027	12	01	1	0.6	0.6	141103	-1111	2.94514	-1111	2.45654	
13879	1830297600	2028	01	01	1	0.6	0.6	141466	-1111	2.94514	-1111	2.42221	
13910	1832976000	2028	02	01	1	0.6	0.6	141777	-1111	1.8445	-1111	2.36929	
13939	1835481600	2028	03	01	1	0.6	0.6	142091	-1111	1.8445	-1111	2.43774	
13970	1838160000	2028	04	01	1	0.6	0.6	142410	-1111	1.8445	-1111	2.54355	
14000	1840752000	2028	05	01	1	0.6	0.6	142715	-1111	1.8445	-1111	2.4626	
14031	1843430400	2028	06	01	1	0.6	0.6	143043	-1111	1.8445	-1111	2.34859	
14061	1846022400	2028	07	01	1	0.6	0.6	143380	-1111	1.8445	-1111	2.31005	
14092	1848700800	2028	08	01	1	0.6	0.6	143691	-1111	1.8445	-1111	2.48466	
14123	1851379200	2028	09	01	1	0.6	0.6	144020	-1111	1.8445	-1111	2.55672	
14153	1853971200	2028	10	01	1	0.6	0.6	144345	-1111	1.8445	-1111	2.72894	
14184	1856649600	2028	11	01	1	0.6	0.6	144676	-1111	1.8445	-1111	2.91654	
14214	1859241600	2028	12	01	1	0.6	0.6	144991	-1111	1.8445	-1111	2.92644	
14245	1861920000	2029	01	01	1	0.6	0.6	145347	-1111	1.8445	-1111	3.03375	
14276	1864598400	2029	02	01	1	0.6	0.6	145697	-1111	1.64661	-1111	3.2394	
14304	1867017600	2029	03	01	1	0.6	0.6	145979	-1111	1.64661	-1111	3.39362	
14335	1869696000	2029	04	01	1	0.6	0.6	146369	-1111	1.64661	-1111	3.73321	
14365	1872288000	2029	05	01	1	0.6	0.6	146727	-1111	1.64661	-1111	3.96231	
14396	1874966400	2029	06	01	1	0.6	0.6	147107	-1111	1.64661	-1111	4.23958	
14426	1877558400	2029	07	01	1	0.6	0.6	147438	-1111	1.64661	-1111	4.3248	
14457	1880236800	2029	08	01	1	0.6	0.6	147767	-1111	1.64661	-1111	4.70569	
14488	1882915200	2029	09	01	1	0.6	0.6	148073	-1111	1.64661	-1111	4.91707	
14518	1885507200	2029	10	01	1	0.6	0.6	148398	-1111	1.64661	-1111	5.20394	
14549	1888185600	2029	11	01	1	0.6	0.6	148756	-1111	1.64661	-1111	5.43674	
14579	1890777600	2029	12	01	1	0.6	0.6	149087	-1111	1.64661	-1111	5.58404	
14610	1893456000	2030	01	01	1	0.6	0.6	149445	-1111	1.64661	-1111	5.63532	
