0	631152000	1990	01	01	1	0.6	0.5	50000	-1111	0	-1111	4.99277	
31	633830400	1990	02	01	1	0	0	50110	-1111	0	-1111	12.6066	
59	636249600	1990	03	01	1	0	0	50220	-1111	0	-1111	15.5586	
90	638928000	1990	04	01	1	0	0	50364	-1111	0	-1111	15.3251	
120	641520000	1990	05	01	1	0	0	50441	-1111	0	-1111	18.0023	
151	644198400	1990	06	01	1	0	0	50561	-1111	0	-1111	19.1348	
181	646790400	1990	07	01	1	0	0	50689	-1111	0	-1111	20.2993	
212	649468800	1990	08	01	1	0	0	50767	-1111	0	-1111	21.0111	
243	652147200	1990	09	01	1	0	0	50885	-1111	0	-1111	20.7061	
273	654739200	1990	10	01	1	0	0	50997	-1111	0	-1111	20.5221	
304	657417600	1990	11	01	1	0	0	51108	-1111	0	-1111	19.5924	
334	660009600	1990	12	01	1	0	0	51207	-1111	0	-1111	18.9716	
365	662688000	1991	01	01	1	0	0	51301	-1111	0	-1111	18.111	
396	665366400	1991	02	01	1	0	0	51422	-1111	0	-1111	16.8382	
424	667785600	1991	03	01	1	0	0	51531	-1111	0	-1111	15.263	
455	670464000	1991	04	01	1	0	0	51649	-1111	0	-1111	13.7633	
485	673056000	1991	05	01	1	0	0	51764	-1111	0	-1111	12.39	
516	675734400	1991	06	01	1	0	0	51908	-1111	0	-1111	11.3413	
546	678326400	1991	07	01	1	0	0	52020	-1111	0	-1111	10.4204	
577	681004800	1991	08	01	1	0	0	52138	-1111	0	-1111	9.07738	
608	683683200	1991	09	01	1	0	0	52278	-1111	0	-1111	8.30034	
638	686275200	1991	10	01	1	0	0	52395	-1111	0	-1111	7.40157	
669	688953600	1991	11	01	1	0	0	52509	-1111	0	-1111	7.15093	
699	691545600	1991	12	01	1	0	0	52639	-1111	0	-1111	6.76442	
730	694224000	1992	01	01	1	0	0	52747	-1111	0	-1111	6.45724	
761	696902400	1992	02	01	1	0	0	52894	-1111	5.1669	-1111	6.1908	
790	699408000	1992	03	01	1	0	0	53010	-1111	5.1669	-1111	5.68792	
821	702086400	1992	04	01	1	0	0	53136	-1111	5.1669	-1111	5.72854	
851	704678400	1992	05	01	1	0	0	53243	-1111	5.1669	-1111	5.62486	
882	707356800	1992	06	01	1	0	0	53362	-1111	5.1669	-1111	5.7473	
912	709948800	1992	07	01	1	0	0	53475	-1111	5.1669	-1111	5.82744	
943	712627200	1992	08	01	1	0	0	53602	-1111	5.1669	-1111	5.92882	
974	715305600	1992	09	01	1	0	0	53736	-1111	5.1669	-1111	6.15142	
1004	717897600	1992	10	01	1	0	0	53862	-1111	5.1669	-1111	6.21952	
1035	720576000	1992	11	01	1	0	0	53981	-1111	5.1669	-1111	6.52011	
1065	723168000	1992	12	01	1	0	0	54109	-1111	5.1669	-1111	6.87017	
1096	725846400	1993	01	01	1	0	0	54220	-1111	5.1669	-1111	7.43436	
1127	728524800	1993	02	01	1	0	0	54335	-1111	3.20335	-1111	7.77986	
1155	730944000	1993	03	01	1	0	0	54455	-1111	3.20335	-1111	7.9099	
1186	733622400	1993	04	01	1	0	0	54582	-1111	3.20335	-1111	8.11637	
1216	736214400	1993	05	01	1	0	0	54706	-1111	3.20335	-1111	8.49907	
1247	738892800	1993	06	01	1	0	0	54833	-1111	3.20335	-1111	8.87025	
1277	741484800	1993	07	01	1	0	0	54971	-1111	3.20335	-1111	9.15498	
1308	744163200	1993	08	01	1	0	0	55102	-1111	3.20335	-1111	9.39677	
1339	746841600	1993	09	01	1	0	0	55230	-1111	3.20335	-1111	9.33964	
1369	749433600	1993	10	01	1	0	0	55350	-1111	3.20335	-1111	9.20236	
1400	752112000	1993	11	01	1	0	0	55463	-1111	3.20335	-1111	9.03784	
1430	754704000	1993	12	01	1	0	0	55566	-1111	3.20335	-1111	9.22373	
1461	757382400	1994	01	01	1	0	0	55704	-1111	3.20335	-1111	9.0179	
1492	760060800	1994	02	01	1	0	0	55828	-1111	4.47408	-1111	9.1511	
1520	762480000	1994	03	01	1	0	0	55937	-1111	4.47408	-1111	9.14773	
1551	765158400	1994	04	01	1	0	0	56053	-1111	4.47408	-1111	8.95807	
1581	767750400	1994	05	01	1	0	0	56177	-1111	4.47408	-1111	8.9404	
1612	770428800	1994	06	01	1	0	0	56295	-1111	4.47408	-1111	8.81747	
1642	773020800	1994	07	01	1	0	0	56389	-1111	4.47408	-1111	9.09558	
1673	775699200	1994	08	01	1	0	0	56515	-1111	4.47408	-1111	9.02895	
1704	778377600	1994	09	01	1	0	0	56656	-1111	4.47408	-1111	8.70361	
1734	780969600	1994	10	01	1	0	0	56787	-1111	4.47408	-1111	8.88531	
1765	783648000	1994	11	01	1	0	0	56939	-1111	4.47408	-1111	8.57832	
1795	786240000	1994	12	01	1	0	0	57075	-1111	4.47408	-1111	8.52894	
1826	788918400	1995	01	01	1	0	0	57191	-1111	4.47408	-1111	8.25547	
1857	791596800	1995	02	01	1	0	0	57302	-1111	4.43395	-1111	8.41469	
1885	794016000	1995	03	01	1	0	0	57412	-1111	4.43395	-1111	8.21808	
1916	796694400	1995	04	01	1	0	0	57546	-1111	4.43395	-1111	8.12659	
1946	799286400	1995	05	01	1	0	0	57680	-1111	4.43395	-1111	8.04356	
1977	801964800	1995	06	01	1	0	0	57796	-1111	4.43395	-1111	8.20279	
2007	804556800	1995	07	01	1	0	0	57908	-1111	4.43395	-1111	8.24518	
2038	807235200	1995	08	01	1	0	0	58051	-1111	4.43395	-1111	8.10791	
2069	809913600	1995	09	01	1	0	0	58194	-1111	4.43395	-1111	7.94521	
2099	812505600	1995	10	01	1	0	0	58319	-1111	4.43395	-1111	7.86614	
2130	815184000	1995	11	01	1	0	0	58449	-1111	4.43395	-1111	8.0673	
2160	817776000	1995	12	01	1	0	0	58579	-1111	4.43395	-1111	8.19507	
2191	820454400	1996	01	01	1	0	0	58712	-1111	4.43395	-1111	7.90191	
2222	823132800	1996	02	01	1	0	0	58847	-1111	4.15079	-1111	8.15085	
2251	825638400	1996	03	01	1	0	0	58987	-1111	4.15079	-1111	8.08529	
2282	828316800	1996	04	01	1	0	0	59135	-1111	4.15079	-1111	8.59308	
2312	830908800	1996	05	01	1	0	0	59269	-1111	4.15079	-1111	8.82542	
2343	833587200	1996	06	01	1	0	0	59421	-1111	4.15079	-1111	8.66928	
2373	836179200	1996	07	01	1	0	0	59556	-1111	4.15079	-1111	8.33155	
2404	838857600	1996	08	01	1	0	0	59712	-1111	4.15079	-1111	7.84649	
2435	841536000	1996	09	01	1	0	0	59819	-1111	4.15079	-1111	7.86965	
2465	844128000	1996	10	01	1	0	0	59941	-1111	4.15079	-1111	7.96617	
2496	846806400	1996	11	01	1	0	0	60096	-1111	4.15079	-1111	7.99943	
2526	849398400	1996	12	01	1	0	0	60214	-1111	4.15079	-1111	7.86048	
2557	852076800	1997	01	01	1	0	0	60364	-1111	4.15079	-1111	7.85881	
2588	854755200	1997	02	01	1	0	0	60500	-1111	4.10609	-1111	7.8534	
2616	857174400	1997	03	01	1	0	0	60625	-1111	4.10609	-1111	7.67435	
2647	859852800	1997	04	01	1	0	0	60757	-1111	4.10609	-1111	7.75522	
2677	862444800	1997	05	01	1	0	0	60896	-1111	4.10609	-1111	7.87606	
2708	865123200	1997	06	01	1	0	0	61039	-1111	4.10609	-1111	7.55446	
2738	867715200	1997	07	01	1	0	0	61173	-1111	4.10609	-1111	7.69825	
2769	870393600	1997	08	01	1	0	0	61318	-1111	4.10609	-1111	8.04759	
2800	873072000	1997	09	01	1	0	0	61480	-1111	4.10609	-1111	8.20473	
2830	875664000	1997	10	01	1	0	0	61613	-1111	4.10609	-1111	8.13897	
2861	878342400	1997	11	01	1	0	0	61767	-1111	4.10609	-1111	8.12522	
2891	880934400	1997	12	01	1	0	0	61897	-1111	4.10609	-1111	7.54638	
2922	883612800	1998	01	01	1	0	0	62052	-1111	4.10609	-1111	7.66406	
2953	886291200	1998	02	01	1	0	0	62213	-1111	4.02515	-1111	7.91661	
2981	888710400	1998	03	01	1	0	0	62345	-1111	4.02515	-1111	8.04947	
3012	891388800	1998	04	01	1	0	0	62485	-1111	4.02515	-1111	7.8569	
3042	893980800	1998	05	01	1	0	0	62625	-1111	4.02515	-1111	7.81068	
3073	896659200	1998	06	01	1	0	0	62753	-1111	4.02515	-1111	7.79008	
3103	899251200	1998	07	01	1	0	0	62919	-1111	4.02515	-1111	7.80451	
3134	901929600	1998	08	01	1	0	0	63068	-1111	4.02515	-1111	7.64162	
3165	904608000	1998	09	01	1	0	0	63185	-1111	4.02515	-1111	7.93167	
3195	907200000	1998	10	01	1	0	0	63325	-1111	4.02515	-1111	8.03058	
3226	909878400	1998	11	01	1	0	0	63470	-1111	4.02515	-1111	8.29792	
3256	912470400	1998	12	01	1	0	0	63624	-1111	4.02515	-1111	8.0517	
3287	915148800	1999	01	01	1	0	0	63781	-1111	4.02515	-1111	8.17134	
3318	917827200	1999	02	01	1	0	0	63917	-1111	4.04845	-1111	8.1316	
3346	920246400	1999	03	01	1	0	0	64039	-1111	4.04845	-1111	8.05633	
3377	922924800	1999	04	01	1	0	0	64205	-1111	4.04845	-1111	8.17589	
3407	925516800	1999	05	01	1	0	0	64344	-1111	4.04845	-1111	7.98542	
3438	928195200	1999	06	01	1	0	0	64491	-1111	4.04845	-1111	8.16758	
3468	930787200	1999	07	01	1	0	0	64630	-1111	4.04845	-1111	8.02266	
3499	933465600	1999	08	01	1	0	0	64757	-1111	4.04845	-1111	8.40667	
3530	936144000	1999	09	01	1	0	0	64905	-1111	4.04845	-1111	8.35678	
3560	938736000	1999	10	01	1	0	0	65041	-1111	4.04845	-1111	8.43609	
3591	941414400	1999	11	01	1	0	0	65181	-1111	4.04845	-1111	8.04344	
3621	944006400	1999	12	01	1	0	0	65323	-1111	4.04845	-1111	7.77605	
3652	946684800	2000	01	01	1	0	0	65461	-1111	4.04845	-1111	7.68584	
3683	949363200	2000	02	01	1	0.6	0.6	65590	-1111	4.15137	-1111	6.38434	
3712	951868800	2000	03	01	1	0.6	0.6	65750	-1111	4.15137	-1111	4.94677	
3743	954547200	2000	04	01	1	0.6	0.6	65904	-1111	4.15137	-1111	3.86394	
3773	957139200	2000	05	01	1	0.6	0.6	66049	-1111	4.15137	-1111	3.24246	
3804	959817600	2000	06	01	1	0.6	0.6	66236	-1111	4.15137	-1111	2.77048	
3834	962409600	2000	07	01	1	0.6	0.6	66394	-1111	4.15137	-1111	2.34753	
3865	965088000	2000	08	01	1	0.6	0.6	66551	-1111	4.15137	-1111	1.97794	
3896	967766400	2000	09	01	1	0.6	0.6	66688	-1111	4.15137	-1111	1.75793	
3926	970358400	2000	10	01	1	0.6	0.6	66832	-1111	4.15137	-1111	1.66119	
3957	973036800	2000	11	01	1	0.6	0.6	66988	-1111	4.15137	-1111	1.58184	
3987	975628800	2000	12	01	1	0.6	0.6	67149	-1111	4.15137	-1111	1.37216	
4018	978307200	2001	01	01	1	0.6	0.6	67326	-1111	4.15137	-1111	1.2177	
4049	980985600	2001	02	01	1	0.6	0.6	67480	-1111	1.72207	-1111	1.27894	
4077	983404800	2001	03	01	1	0.6	0.6	67615	-1111	1.72207	-1111	1.23048	
4108	986083200	2001	04	01	1	0.6	0.6	67774	-1111	1.72207	-1111	1.36251	
4138	988675200	2001	05	01	1	0.6	0.6	67917	-1111	1.72207	-1111	1.38089	
4169	991353600	2001	06	01	1	0.6	0.6	68091	-1111	1.72207	-1111	1.31263	
4199	993945600	2001	07	01	1	0.6	0.6	68251	-1111	1.72207	-1111	1.22272	
4230	996624000	2001	08	01	1	0.6	0.6	68415	-1111	1.72207	-1111	1.3128	
4261	999302400	2001	09	01	1	0.6	0.6	68562	-1111	1.72207	-1111	1.37927	
4291	1001894400	2001	10	01	1	0.6	0.6	68738	-1111	1.72207	-1111	1.44002	
4322	1004572800	2001	11	01	1	0.6	0.6	68895	-1111	1.72207	-1111	1.64058	
4352	1007164800	2001	12	01	1	0.6	0.6	69067	-1111	1.72207	-1111	1.85998	
4383	1009843200	2002	01	01	1	0.6	0.6	69258	-1111	1.72207	-1111	2.07889	
4414	1012521600	2002	02	01	1	0.6	0.6	69432	-1111	0.987417	-1111	2.23348	
4442	1014940800	2002	03	01	1	0.6	0.6	69596	-1111	0.987417	-1111	2.07831	
4473	1017619200	2002	04	01	1	0.6	0.6	69737	-1111	0.987417	-1111	2.28431	
4503	1020211200	2002	05	01	1	0.6	0.6	69903	-1111	0.987417	-1111	2.21828	
4534	1022889600	2002	06	01	1	0.6	0.6	70031	-1111	0.987417	-1111	2.46864	
4564	1025481600	2002	07	01	1	0.6	0.6	70175	-1111	0.987417	-1111	2.47426	
4595	1028160000	2002	08	01	1	0.6	0.6	70329	-1111	0.987417	-1111	2.60307	
4626	1030838400	2002	09	01	1	0.6	0.6	70501	-1111	0.987417	-1111	2.77573	
4656	1033430400	2002	10	01	1	0.6	0.6	70651	-1111	0.987417	-1111	2.88831	
4687	1036108800	2002	11	01	1	0.6	0.6	70826	-1111	0.987417	-1111	3.1058	
4717	1038700800	2002	12	01	1	0.6	0.6	70987	-1111	0.987417	-1111	3.20004	
4748	1041379200	2003	01	01	1	0.6	0.6	71166	-1111	0.987417	-1111	3.76661	
4779	1044057600	2003	02	01	1	0.6	0.6	71332	-1111	1.75102	-1111	3.88855	
4807	1046476800	2003	03	01	1	0.6	0.6	71476	-1111	1.75102	-1111	4.07992	
4838	1049155200	2003	04	01	1	0.6	0.6	71647	-1111	1.75102	-1111	4.18732	
4868	1051747200	2003	05	01	1	0.6	0.6	71835	-1111	1.75102	-1111	4.37705	
4899	1054425600	2003	06	01	1	0.6	0.6	71973	-1111	1.75102	-1111	4.20638	
4929	1057017600	2003	07	01	1	0.6	0.6	72141	-1111	1.75102	-1111	4.25179	
4960	1059696000	2003	08	01	1	0.6	0.6	72279	-1111	1.75102	-1111	4.07444	
4991	1062374400	2003	09	01	1	0.6	0.6	72452	-1111	1.75102	-1111	4.07961	
5021	1064966400	2003	10	01	1	0.6	0.6	72642	-1111	1.75102	-1111	4.22419	
5052	1067644800	2003	11	01	1	0.6	0.6	72821	-1111	1.75102	-1111	4.28657	
5082	1070236800	2003	12	01	1	0.6	0.6	72985	-1111	1.75102	-1111	4.35067	
5113	1072915200	2004	01	01	1	0.6	0.6	73157	-1111	1.75102	-1111	4.52994	
5144	1075593600	2004	02	01	1	0.6	0.6	73304	-1111	2.70103	-1111	4.72177	
5173	1078099200	2004	03	01	1	0.6	0.6	73450	-1111	2.70103	-1111	4.8109	
5204	1080777600	2004	04	01	1	0.6	0.6	73642	-1111	2.70103	-1111	4.88645	
5234	1083369600	2004	05	01	1	0.6	0.6	73806	-1111	2.70103	-1111	4.64966	
5265	1086048000	2004	06	01	1	0.6	0.6	73978	-1111	2.70103	-1111	4.52523	
5295	1088640000	2004	07	01	1	0.6	0.6	74117	-1111	2.70103	-1111	4.53012	
5326	1091318400	2004	08	01	1	0.6	0.6	74322	-1111	2.70103	-1111	4.30527	
5357	1093996800	2004	09	01	1	0.6	0.6	74523	-1111	2.70103	-1111	4.09188	
5387	1096588800	2004	10	01	1	0.6	0.6	74689	-1111	2.70103	-1111	3.76866	
5418	1099267200	2004	11	01	1	0.6	0.6	74876	-1111	2.70103	-1111	3.68069	
5448	1101859200	2004	12	01	1	0.6	0.6	75047	-1111	2.70103	-1111	3.99513	
5479	1104537600	2005	01	01	1	0.6	0.6	75224	-1111	2.70103	-1111	4.11096	
5510	1107216000	2005	02	01	1	0.6	0.6	75390	-1111	2.72268	-1111	4.02907	
5538	1109635200	2005	03	01	1	0.6	0.6	75541	-1111	2.72268	-1111	3.98823	
5569	1112313600	2005	04	01	1	0.6	0.6	75710	-1111	2.72268	-1111	3.90154	
5599	1114905600	2005	05	01	1	0.6	0.6	75874	-1111	2.72268	-1111	3.75248	
5630	1117584000	2005	06	01	1	0.6	0.6	76066	-1111	2.72268	-1111	3.67336	
5660	1120176000	2005	07	01	1	0.6	0.6	76240	-1111	2.72268	-1111	3.57236	
5691	1122854400	2005	08	01	1	0.6	0.6	76445	-1111	2.72268	-1111	3.70236	
5722	1125532800	2005	09	01	1	0.6	0.6	76631	-1111	2.72268	-1111	3.76224	
5752	1128124800	2005	10	01	1	0.6	0.6	76810	-1111	2.72268	-1111	3.5943	
5783	1130803200	2005	11	01	1	0.6	0.6	76962	-1111	2.72268	-1111	3.54972	
5813	1133395200	2005	12	01	1	0.6	0.6	77155	-1111	2.72268	-1111	3.7473	
5844	1136073600	2006	01	01	1	0.6	0.6	77345	-1111	2.72268	-1111	3.72989	
5875	1138752000	2006	02	01	1	0.6	0.6	77534	-1111	2.35979	-1111	3.82296	
5903	1141171200	2006	03	01	1	0.6	0.6	77700	-1111	2.35979	-1111	3.70314	
5934	1143849600	2006	04	01	1	0.6	0.6	77877	-1111	2.35979	-1111	3.84205	
5964	1146441600	2006	05	01	1	0.6	0.6	78050	-1111	2.35979	-1111	3.8202	
5995	1149120000	2006	06	01	1	0.6	0.6	78252	-1111	2.35979	-1111	3.99009	
6025	1151712000	2006	07	01	1	0.6	0.6	78456	-1111	2.35979	-1111	4.06155	
6056	1154390400	2006	08	01	1	0.6	0.6	78644	-1111	2.35979	-1111	4.17337	
6087	1157068800	2006	09	01	1	0.6	0.6	78868	-1111	2.35979	-1111	4.22267	
6117	1159660800	2006	10	01	1	0.6	0.6	79045	-1111	2.35979	-1111	4.13207	
6148	1162339200	2006	11	01	1	0.6	0.6	79231	-1111	2.35979	-1111	4.09538	
6178	1164931200	2006	12	01	1	0.6	0.6	79419	-1111	2.35979	-1111	3.97173	
6209	1167609600	2007	01	01	1	0.6	0.6	79620	-1111	2.35979	-1111	4.13961	
6240	1170288000	2007	02	01	1	0.6	0.6	79801	-1111	2.47646	-1111	3.89732	
6268	1172707200	2007	03	01	1	0.6	0.6	79962	-1111	2.47646	-1111	4.05212	
6299	1175385600	2007	04	01	1	0.6	0.6	80183	-1111	2.47646	-1111	4.3774	
6329	1177977600	2007	05	01	1	0.6	0.6	80368	-1111	2.47646	-1111	4.84514	
6360	1180656000	2007	06	01	1	0.6	0.6	80513	-1111	2.47646	-1111	5.266	
6390	1183248000	2007	07	01	1	0.6	0.6	80662	-1111	2.47646	-1111	5.12556	
6421	1185926400	2007	08	01	1	0.6	0.6	80837	-1111	2.47646	-1111	5.41347	
6452	1188604800	2007	09	01	1	0.6	0.6	81016	-1111	2.47646	-1111	5.3527	
6482	1191196800	2007	10	01	1	0.6	0.6	81168	-1111	2.47646	-1111	5.31894	
6513	1193875200	2007	11	01	1	0.6	0.6	81357	-1111	2.47646	-1111	5.53237	
6543	1196467200	2007	12	01	1	0.6	0.6	81605	-1111	2.47646	-1111	5.65426	
6574	1199145600	2008	01	01	1	0.6	0.6	81775	-1111	2.47646	-1111	5.69235	
6605	1201824000	2008	02	01	1	0.6	0.6	81982	-1111	2.94669	-1111	5.74524	
6634	1204329600	2008	03	01	1	0.6	0.6	82161	-1111	2.94669	-1111	5.55289	
6665	1207008000	2008	04	01	1	0.6	0.6	82352	-1111	2.94669	-1111	5.66798	
6695	1209600000	2008	05	01	1	0.6	0.6	82552	-1111	2.94669	-1111	5.65018	
6726	1212278400	2008	06	01	1	0.6	0.6	82748	-1111	2.94669	-1111	5.65759	
6756	1214870400	2008	07	01	1	0.6	0.6	82927	-1111	2.94669	-1111	5.8611	
6787	1217548800	2008	08	01	1	0.6	0.6	83134	-1111	2.94669	-1111	6.19133	
6818	1220227200	2008	09	01	1	0.6	0.6	83339	-1111	2.94669	-1111	6.12148	
6848	1222819200	2008	10	01	1	0.6	0.6	83531	-1111	2.94669	-1111	5.70202	
6879	1225497600	2008	11	01	1	0.6	0.6	83728	-1111	2.94669	-1111	5.67556	
6909	1228089600	2008	12	01	1	0.6	0.6	83921	-1111	2.94669	-1111	5.57797	
6940	1230768000	2009	01	01	1	0.6	0.6	84116	-1111	2.94669	-1111	5.56492	
6971	1233446400	2009	02	01	1	0.6	0.6	84333	-1111	3.166	-1111	5.62637	
6999	1235865600	2009	03	01	1	0.6	0.6	84515	-1111	3.166	-1111	5.34191	
7030	1238544000	2009	04	01	1	0.6	0.6	84729	-1111	3.166	-1111	4.59594	
7060	1241136000	2009	05	01	1	0.6	0.6	84947	-1111	3.166	-1111	4.09639	
7091	1243814400	2009	06	01	1	0.6	0.6	85164	-1111	3.166	-1111	3.63291	
7121	1246406400	2009	07	01	1	0.6	0.6	85361	-1111	3.166	-1111	3.37666	
7152	1249084800	2009	08	01	1	0.6	0.6	85554	-1111	3.166	-1111	3.26142	
7183	1251763200	2009	09	01	1	0.6	0.6	85767	-1111	3.166	-1111	2.96446	
7213	1254355200	2009	10	01	1	0.6	0.6	85937	-1111	3.166	-1111	2.91887	
7244	1257033600	2009	11	01	1	0.6	0.6	86155	-1111	3.166	-1111	2.85387	
7274	1259625600	2009	12	01	1	0.6	0.6	86336	-1111	3.166	-1111	2.72	
7305	1262304000	2010	01	01	1	0.6	0.6	86571	-1111	3.166	-1111	2.47556	
7336	1264982400	2010	02	01	1	0.6	0.6	86799	-1111	2.21056	-1111	2.43147	
7364	1267401600	2010	03	01	1	0.6	0.6	86976	-1111	2.21056	-1111	2.53452	
7395	1270080000	2010	04	01	1	0.6	0.6	87160	-1111	2.21056	-1111	2.46158	
7425	1272672000	2010	05	01	1	0.6	0.6	87381	-1111	2.21056	-1111	2.47288	
7456	1275350400	2010	06	01	1	0.6	0.6	87591	-1111	2.21056	-1111	2.43572	
7486	1277942400	2010	07	01	1	0.6	0.6	87808	-1111	2.21056	-1111	2.54599	
7517	1280620800	2010	08	01	1	0.6	0.6	88041	-1111	2.21056	-1111	2.54537	
7548	1283299200	2010	09	01	1	0.6	0.6	88214	-1111	2.21056	-1111	2.53521	
7578	1285891200	2010	10	01	1	0.6	0.6	88406	-1111	2.21056	-1111	2.45164	
7609	1288569600	2010	11	01	1	0.6	0.6	88644	-1111	2.21056	-1111	2.4699	
7639	1291161600	2010	12	01	1	0.6	0.6	88870	-1111	2.21056	-1111	2.45382	
7670	1293840000	2011	01	01	1	0.6	0.6	89122	-1111	2.21056	-1111	2.72085	
7701	1296518400	2011	02	01	1	0.6	0.6	89352	-1111	1.56292	-1111	2.98258	
7729	1298937600	2011	03	01	1	0.6	0.6	89538	-1111	1.56292	-1111	3.06091	
7760	1301616000	2011	04	01	1	0.6	0.6	89737	-1111	1.56292	-1111	3.10322	
7790	1304208000	2011	05	01	1	0.6	0.6	89935	-1111	1.56292	-1111	3.30539	
7821	1306886400	2011	06	01	1	0.6	0.6	90138	-1111	1.56292	-1111	3.31983	
7851	1309478400	2011	07	01	1	0.6	0.6	90349	-1111	1.56292	-1111	3.52302	
7882	1312156800	2011	08	01	1	0.6	0.6	90578	-1111	1.56292	-1111	3.55068	
7913	1314835200	2011	09	01	1	0.6	0.6	90823	-1111	1.56292	-1111	3.74838	
7943	1317427200	2011	10	01	1	0.6	0.6	91039	-1111	1.56292	-1111	3.96719	
7974	1320105600	2011	11	01	1	0.6	0.6	91264	-1111	1.56292	-1111	4.24524	
8004	1322697600	2011	12	01	1	0.6	0.6	91465	-1111	1.56292	-1111	4.29886	
8035	1325376000	2012	01	01	1	0.6	0.6	91662	-1111	1.56292	-1111	4.45969	
8066	1328054400	2012	02	01	1	0.6	0.6	91873	-1111	2.28795	-1111	4.72448	
8095	1330560000	2012	03	01	1	0.6	0.6	92071	-1111	2.28795	-1111	4.77612	
8126	1333238400	2012	04	01	1	0.6	0.6	92271	-1111	2.28795	-1111	4.77955	
8156	1335830400	2012	05	01	1	0.6	0.6	92493	-1111	2.28795	-1111	4.81206	
8187	1338508800	2012	06	01	1	0.6	0.6	92716	-1111	2.28795	-1111	4.80912	
8217	1341100800	2012	07	01	1	0.6	0.6	92891	-1111	2.28795	-1111	5.05939	
8248	1343779200	2012	08	01	1	0.6	0.6	93125	-1111	2.28795	-1111	5.29665	
8279	1346457600	2012	09	01	1	0.6	0.6	93353	-1111	2.28795	-1111	5.30631	
8309	1349049600	2012	10	01	1	0.6	0.6	93560	-1111	2.28795	-1111	5.57655	
8340	1351728000	2012	11	01	1	0.6	0.6	93778	-1111	2.28795	-1111	5.58486	
8370	1354320000	2012	12	01	1	0.6	0.6	93962	-1111	2.28795	-1111	5.58734	
8401	1356998400	2013	01	01	1	0.6	0.6	94203	-1111	2.28795	-1111	5.42926	
8432	1359676800	2013	02	01	1	0.6	0.6	94441	-1111	3.11932	-1111	5.55371	
8460	1362096000	2013	03	01	1	0.6	0.6	94648	-1111	3.11932	-1111	5.59934	
8491	1364774400	2013	04	01	1	0.6	0.6	94863	-1111	3.11932	-1111	5.8517	
8521	1367366400	2013	05	01	1	0.6	0.6	95090	-1111	3.11932	-1111	6.16438	
8552	1370044800	2013	06	01	1	0.6	0.6	95308	-1111	3.11932	-1111	6.10448	
8582	1372636800	2013	07	01	1	0.6	0.6	95540	-1111	3.11932	-1111	6.15511	
8613	1375315200	2013	08	01	1	0.6	0.6	95800	-1111	3.11932	-1111	5.99616	
8644	1377993600	2013	09	01	1	0.6	0.6	96020	-1111	3.11932	-1111	6.15704	
8674	1380585600	2013	10	01	1	0.6	0.6	96235	-1111	3.11932	-1111	5.98325	
8705	1383264000	2013	11	01	1	0.6	0.6	96454	-1111	3.11932	-1111	6.00665	
8735	1385856000	2013	12	01	1	0.6	0.6	96683	-1111	3.11932	-1111	5.85808	
8766	1388534400	2014	01	01	1	0.6	0.6	96890	-1111	3.11932	-1111	5.98456	
8797	1391212800	2014	02	01	1	0.6	0.6	97129	-1111	3.33278	-1111	5.88164	
8825	1393632000	2014	03	01	1	0.6	0.6	97299	-1111	3.33278	-1111	6.05426	
8856	1396310400	2014	04	01	1	0.6	0.6	97546	-1111	3.33278	-1111	6.0958	
8886	1398902400	2014	05	01	1	0.6	0.6	97745	-1111	3.33278	-1111	5.82108	
8917	1401580800	2014	06	01	1	0.6	0.6	97961	-1111	3.33278	-1111	5.88517	
8947	1404172800	2014	07	01	1	0.6	0.6	98188	-1111	3.33278	-1111	5.75849	
8978	1406851200	2014	08	01	1	0.6	0.6	98436	-1111	3.33278	-1111	5.82956	
9009	1409529600	2014	09	01	1	0.6	0.6	98686	-1111	3.33278	-1111	5.5725	
9039	1412121600	2014	10	01	1	0.6	0.6	98890	-1111	3.33278	-1111	5.54368	
9070	1414800000	2014	11	01	1	0.6	0.6	99102	-1111	3.33278	-1111	5.28685	
9100	1417392000	2014	12	01	1	0.6	0.6	99328	-1111	3.33278	-1111	5.45046	
9131	1420070400	2015	01	01	1	0.6	0.6	99586	-1111	3.33278	-1111	5.55097	
9162	1422748800	2015	02	01	1	0.6	0.6	99839	-1111	3.13007	-1111	5.41037	
9190	1425168000	2015	03	01	1	0.6	0.6	100047	-1111	3.13007	-1111	5.33786	
9221	1427846400	2015	04	01	1	0.6	0.6	100279	-1111	3.13007	-1111	4.55838	
9251	1430438400	2015	05	01	1	0.6	0.6	100511	-1111	3.13007	-1111	4.0404	
9282	1433116800	2015	06	01	1	0.6	0.6	100747	-1111	3.13007	-1111	3.60605	
9312	1435708800	2015	07	01	1	0.6	0.6	100994	-1111	3.13007	-1111	3.25961	
9343	1438387200	2015	08	01	1	0.6	0.6	101262	-1111	3.13007	-1111	3.03346	
9374	1441065600	2015	09	01	1	0.6	0.6	101542	-1111	3.13007	-1111	2.7859	
9404	1443657600	2015	10	01	1	0.6	0.6	101770	-1111	3.13007	-1111	2.78109	
9435	1446336000	2015	11	01	1	0.6	0.6	101986	-1111	3.13007	-1111	2.81269	
9465	1448928000	2015	12	01	1	0.6	0.6	102218	-1111	3.13007	-1111	2.71675	
9496	1451606400	2016	01	01	1	0.6	0.6	102442	-1111	3.13007	-1111	2.56068	
9527	1454284800	2016	02	01	1	0.6	0.6	102677	-1111	2.17792	-1111	2.46594	
9556	1456790400	2016	03	01	1	0.6	0.6	102926	-1111	2.17792	-1111	2.59014	
9587	1459468800	2016	04	01	1	0.6	0.6	103198	-1111	2.17792	-1111	2.57664	
9617	1462060800	2016	05	01	1	0.6	0.6	103433	-1111	2.17792	-1111	2.65416	
9648	1464739200	2016	06	01	1	0.6	0.6	103656	-1111	2.17792	-1111	2.6127	
9678	1467331200	2016	07	01	1	0.6	0.6	103892	-1111	2.17792	-1111	2.77851	
9709	1470009600	2016	08	01	1	0.6	0.6	104157	-1111	2.17792	-1111	2.73725	
9740	1472688000	2016	09	01	1	0.6	0.6	104416	-1111	2.17792	-1111	2.77976	
9770	1475280000	2016	10	01	1	0.6	0.6	104672	-1111	2.17792	-1111	2.81711	
9801	1477958400	2016	11	01	1	0.6	0.6	104918	-1111	2.17792	-1111	2.7783	
9831	1480550400	2016	12	01	1	0.6	0.6	105122	-1111	2.17792	-1111	2.76731	
9862	1483228800	2017	01	01	1	0.6	0.6	105360	-1111	2.17792	-1111	2.77374	
9893	1485907200	2017	02	01	1	0.6	0.6	105623	-1111	1.64098	-1111	2.87869	
9921	1488326400	2017	03	01	1	0.6	0.6	105839	-1111	1.64098	-1111	2.80713	
9952	1491004800	2017	04	01	1	0.6	0.6	106087	-1111	1.64098	-1111	3.034	
9982	1493596800	2017	05	01	1	0.6	0.6	106346	-1111	1.64098	-1111	3.3558	
10013	1496275200	2017	06	01	1	0.6	0.6	106613	-1111	1.64098	-1111	3.7545	
10043	1498867200	2017	07	01	1	0.6	0.6	106886	-1111	1.64098	-1111	3.92855	
10074	1501545600	2017	08	01	1	0.6	0.6	107167	-1111	1.64098	-1111	4.05707	
10105	1504224000	2017	09	01	1	0.6	0.6	107388	-1111	1.64098	-1111	4.22381	
10135	1506816000	2017	10	01	1	0.6	0.6	107648	-1111	1.64098	-1111	4.55637	
10166	1509494400	2017	11	01	1	0.6	0.6	107929	-1111	1.64098	-1111	4.8349	
10196	1512086400	2017	12	01	1	0.6	0.6	108149	-1111	1.64098	-1111	5.13407	
10227	1514764800	2018	01	01	1	0.6	0.6	108395	-1111	1.64098	-1111	5.1972	
10258	1517443200	2018	02	01	1	0.6	0.6	108638	-1111	2.44675	-1111	5.28693	
10286	1519862400	2018	03	01	1	0.6	0.6	108898	-1111	2.44675	-1111	5.53894	
10317	1522540800	2018	04	01	1	0.6	0.6	109171	-1111	2.44675	-1111	5.51122	
10347	1525132800	2018	05	01	1	0.6	0.6	109407	-1111	2.44675	-1111	5.48186	
10378	1527811200	2018	06	01	1	0.6	0.6	109664	-1111	2.44675	-1111	5.59585	
10408	1530403200	2018	07	01	1	0.6	0.6	109891	-1111	2.44675	-1111	5.78136	
10439	1533081600	2018	08	01	1	0.6	0.6	110143	-1111	2.44675	-1111	5.80615	
10470	1535760000	2018	09	01	1	0.6	0.6	110394	-1111	2.44675	-1111	5.79013	
10500	1538352000	2018	10	01	1	0.6	0.6	110613	-1111	2.44675	-1111	5.8197	
10531	1541030400	2018	11	01	1	0.6	0.6	110870	-1111	2.44675	-1111	5.71348	
10561	1543622400	2018	12	01	1	0.6	0.6	111103	-1111	2.44675	-1111	5.50355	
10592	1546300800	2019	01	01	1	0.6	0.6	111330	-1111	2.44675	-1111	5.73563	
10623	1548979200	2019	02	01	1	0.6	0.6	111571	-1111	3.31482	-1111	5.56489	
10651	1551398400	2019	03	01	1	0.6	0.6	111800	-1111	3.31482	-1111	5.45111	
10682	1554076800	2019	04	01	1	0.6	0.6	112117	-1111	3.31482	-1111	5.69954	
10712	1556668800	2019	05	01	1	0.6	0.6	112376	-1111	3.31482	-1111	6.04606	
10743	1559347200	2019	06	01	1	0.6	0.6	112697	-1111	3.31482	-1111	6.15694	
10773	1561939200	2019	07	01	1	0.6	0.6	112976	-1111	3.31482	-1111	6.21279	
10804	1564617600	2019	08	01	1	0.6	0.6	113224	-1111	3.31482	-1111	6.26705	
10835	1567296000	2019	09	01	1	0.6	0.6	113493	-1111	3.31482	-1111	6.20666	
10865	1569888000	2019	10	01	1	0.6	0.6	113705	-1111	3.31482	-1111	5.96701	
10896	1572566400	2019	11	01	1	0.6	0.6	113961	-1111	3.31482	-1111	5.94838	
10926	1575158400	2019	12	01	1	0.6	0.6	114215	-1111	3.31482	-1111	5.9523	
10957	1577836800	2020	01	01	1	0.6	0.6	114471	-1111	3.31482	-1111	5.91152	
10988	1580515200	2020	02	01	1	0.6	0.6	114765	-1111	3.29966	-1111	5.87172	
11017	1583020800	2020	03	01	1	0.6	0.6	115027	-1111	3.29966	-1111	5.51945	
11048	1585699200	2020	04	01	1	0.6	0.6	115255	-1111	3.29966	-1111	5.49768	
11078	1588291200	2020	05	01	1	0.6	0.6	115498	-1111	3.29966	-1111	5.32164	
11109	1590969600	2020	06	01	1	0.6	0.6	115758	-1111	3.29966	-1111	5.34036	
11139	1593561600	2020	07	01	1	0.6	0.6	115994	-1111	3.29966	-1111	5.40996	
11170	1596240000	2020	08	01	1	0.6	0.6	116236	-1111	3.29966	-1111	5.50789	
11201	1598918400	2020	09	01	1	0.6	0.6	116543	-1111	3.29966	-1111	5.39742	
11231	1601510400	2020	10	01	1	0.6	0.6	116781	-1111	3.29966	-1111	5.35643	
11262	1604188800	2020	11	01	1	0.6	0.6	117071	-1111	3.29966	-1111	5.11706	
11292	1606780800	2020	12	01	1	0.6	0.6	117364	-1111	3.29966	-1111	5.24226	
11323	1609459200	2021	01	01	1	0.6	0.6	117641	-1111	3.29966	-1111	5.15127	
11354	1612137600	2021	02	01	1	0.6	0.6	117946	-1111	2.93752	-1111	4.96005	
11382	1614556800	2021	03	01	1	0.6	0.6	118208	-1111	2.93752	-1111	4.76997	
11413	1617235200	2021	04	01	1	0.6	0.6	118484	-1111	2.93752	-1111	4.3228	
11443	1619827200	2021	05	01	1	0.6	0.6	118743	-1111	2.93752	-1111	3.72777	
11474	1622505600	2021	06	01	1	0.6	0.6	119037	-1111	2.93752	-1111	3.52508	
11504	1625097600	2021	07	01	1	0.6	0.6	119298	-1111	2.93752	-1111	3.15206	
11535	1627776000	2021	08	01	1	0.6	0.6	119575	-1111	2.93752	-1111	2.84311	
11566	1630454400	2021	09	01	1	0.6	0.6	119872	-1111	2.93752	-1111	2.73695	
11596	1633046400	2021	10	01	1	0.6	0.6	120154	-1111	2.93752	-1111	2.65371	
11627	1635724800	2021	11	01	1	0.6	0.6	120433	-1111	2.93752	-1111	2.4816	
11657	1638316800	2021	12	01	1	0.6	0.6	120680	-1111	2.93752	-1111	2.47985	
11688	1640995200	2022	01	01	1	0.6	0.6	120962	-1111	2.93752	-1111	2.41789	
11719	1643673600	2022	02	01	1	0.6	0.6	121239	-1111	2.02586	-1111	2.26464	
11747	1646092800	2022	03	01	1	0.6	0.6	121503	-1111	2.02586	-1111	2.26231	
11778	1648771200	2022	04	01	1	0.6	0.6	121754	-1111	2.02586	-1111	2.2717	
11808	1651363200	2022	05	01	1	0.6	0.6	122039	-1111	2.02586	-1111	2.26396	
11839	1654041600	2022	06	01	1	0.6	0.6	122304	-1111	2.02586	-1111	2.43855	
11869	1656633600	2022	07	01	1	0.6	0.6	122595	-1111	2.02586	-1111	2.35434	
11900	1659312000	2022	08	01	1	0.6	0.6	122888	-1111	2.02586	-1111	2.33108	
11931	1661990400	2022	09	01	1	0.6	0.6	123166	-1111	2.02586	-1111	2.43482	
11961	1664582400	2022	10	01	1	0.6	0.6	123441	-1111	2.02586	-1111	2.4781	
11992	1667260800	2022	11	01	1	0.6	0.6	123761	-1111	2.02586	-1111	2.51858	
12022	1669852800	2022	12	01	1	0.6	0.6	124019	-1111	2.02586	-1111	2.51662	
12053	1672531200	2023	01	01	1	0.6	0.6	124329	-1111	2.02586	-1111	2.61547	
12084	1675209600	2023	02	01	1	0.6	0.6	124654	-1111	1.52584	-1111	2.63563	
12112	1677628800	2023	03	01	1	0.6	0.6	124904	-1111	1.52584	-1111	2.58156	
12143	1680307200	2023	04	01	1	0.6	0.6	125157	-1111	1.52584	-1111	2.77204	
12173	1682899200	2023	05	01	1	0.6	0.6	125479	-1111	1.52584	-1111	3.06616	
12204	1685577600	2023	06	01	1	0.6	0.6	125741	-1111	1.52584	-1111	3.46127	
12234	1688169600	2023	07	01	1	0.6	0.6	126056	-1111	1.52584	-1111	3.77863	
12265	1690848000	2023	08	01	1	0.6	0.6	126377	-1111	1.52584	-1111	4.12764	
12296	1693526400	2023	09	01	1	0.6	0.6	126659	-1111	1.52584	-1111	4.36881	
12326	1696118400	2023	10	01	1	0.6	0.6	126949	-1111	1.52584	-1111	4.55864	
12357	1698796800	2023	11	01	1	0.6	0.6	127236	-1111	1.52584	-1111	4.99384	
12387	1701388800	2023	12	01	1	0.6	0.6	127569	-1111	1.52584	-1111	5.04625	
12418	1704067200	2024	01	01	1	0.6	0.6	127869	-1111	1.52584	-1111	5.10138	
12449	1706745600	2024	02	01	1	0.6	0.6	128176	-1111	2.32597	-1111	5.3112	
12478	1709251200	2024	03	01	1	0.6	0.6	128423	-1111	2.32597	-1111	5.59597	
12509	1711929600	2024	04	01	1	0.6	0.6	128697	-1111	2.32597	-1111	5.63793	
12539	1714521600	2024	05	01	1	0.6	0.6	128987	-1111	2.32597	-1111	5.72698	
12570	1717200000	2024	06	01	1	0.6	0.6	129294	-1111	2.32597	-1111	5.66971	
12600	1719792000	2024	07	01	1	0.6	0.6	129586	-1111	2.32597	-1111	5.79987	
12631	1722470400	2024	08	01	1	0.6	0.6	129904	-1111	2.32597	-1111	5.78005	
12662	1725148800	2024	09	01	1	0.6	0.6	130179	-1111	2.32597	-1111	6.01581	
12692	1727740800	2024	10	01	1	0.6	0.6	130512	-1111	2.32597	-1111	5.88094	
12723	1730419200	2024	11	01	1	0.6	0.6	130805	-1111	2.32597	-1111	5.88694	
12753	1733011200	2024	12	01	1	0.6	0.6	131091	-1111	2.32597	-1111	6.0048	
12784	1735689600	2025	01	01	1	0.6	0.6	131386	-1111	2.32597	-1111	6.0113	
12815	1738368000	2025	02	01	1	0.6	0.6	131701	-1111	3.46074	-1111	5.78231	
12843	1740787200	2025	03	01	1	0.6	0.6	131982	-1111	3.46074	-1111	5.8631	
12874	1743465600	2025	04	01	1	0.6	0.6	132282	-1111	3.46074	-1111	5.98288	
12904	1746057600	2025	05	01	1	0.6	0.6	132543	-1111	3.46074	-1111	6.08554	
12935	1748736000	2025	06	01	1	0.6	0.6	132840	-1111	3.46074	-1111	5.947	
12965	1751328000	2025	07	01	1	0.6	0.6	133147	-1111	3.46074	-1111	6.01891	
12996	1754006400	2025	08	01	1	0.6	0.6	133469	-1111	3.46074	-1111	6.03036	
13027	1756684800	2025	09	01	1	0.6	0.6	133805	-1111	3.46074	-1111	5.94976	
13057	1759276800	2025	10	01	1	0.6	0.6	134098	-1111	3.46074	-1111	5.72764	
13088	1761955200	2025	11	01	1	0.6	0.6	134395	-1111	3.46074	-1111	5.67209	
13118	1764547200	2025	12	01	1	0.6	0.6	134701	-1111	3.46074	-1111	5.6767	
13149	1767225600	2026	01	01	1	0.6	0.6	135017	-1111	3.46074	-1111	5.52981	
13180	1769904000	2026	02	01	1	0.6	0.6	135308	-1111	3.24275	-1111	5.56149	
13208	1772323200	2026	03	01	1	0.6	0.6	135575	-1111	3.24275	-1111	5.51824	
13239	1775001600	2026	04	01	1	0.6	0.6	135864	-1111	3.24275	-1111	5.4023	
13269	1777593600	2026	05	01	1	0.6	0.6	136228	-1111	3.24275	-1111	5.37474	
13300	1780272000	2026	06	01	1	0.6	0.6	136552	-1111	3.24275	-1111	5.39116	
13330	1782864000	2026	07	01	1	0.6	0.6	136825	-1111	3.24275	-1111	5.17478	
13361	1785542400	2026	08	01	1	0.6	0.6	137108	-1111	3.24275	-1111	5.48641	
13392	1788220800	2026	09	01	1	0.6	0.6	137406	-1111	3.24275	-1111	5.41219	
13422	1790812800	2026	10	01	1	0.6	0.6	137683	-1111	3.24275	-1111	5.42001	
13453	1793491200	2026	11	01	1	0.6	0.6	138004	-1111	3.24275	-1111	5.37619	
13483	1796083200	2026	12	01	1	0.6	0.6	138319	-1111	3.24275	-1111	5.35371	
13514	1798761600	2027	01	01	1	0.6	0.6	138658	-1111	3.24275	-1111	5.29749	
13545	1801440000	2027	02	01	1	0.6	0.6	138968	-1111	2.94301	-1111	5.27279	
13573	1803859200	2027	03	01	1	0.6	0.6	139269	-1111	2.94301	-1111	5.1132	
13604	1806537600	2027	04	01	1	0.6	0.6	139609	-1111	2.94301	-1111	4.35918	
13634	1809129600	2027	05	01	1	0.6	0.6	139928	-1111	2.94301	-1111	3.66702	
13665	1811808000	2027	06	01	1	0.6	0.6	140255	-1111	2.94301	-1111	3.39391	
13695	1814400000	2027	07	01	1	0.6	0.6	140598	-1111	2.94301	-1111	3.09051	
13726	1817078400	2027	08	01	1	0.6	0.6	140919	-1111	2.94301	-1111	3.02016	
13757	1819756800	2027	09	01	1	0.6	0.6	141303	-1111	2.94301	-1111	2.8314	
13787	1822348800	2027	10	01	1	0.6	0.6	141620	-1111	2.94301	-1111	2.7649	
13818	1825027200	2027	11	01	1	0.6	0.6	142000	-1111	2.94301	-1111	2.54641	
13848	1827619200	2027	12	01	1	0.6	0.6	142311	-1111	2.94301	-1111	2.60024	
13879	1830297600	2028	01	01	1	0.6	0.6	142646	-1111	2.94301	-1111	2.5704	
13910	1832976000	2028	02	01	1	0.6	0.6	142989	-1111	2.12081	-1111	2.57865	
13939	1835481600	2028	03	01	1	0.6	0.6	143319	-1111	2.12081	-1111	2.56206	
13970	1838160000	2028	04	01	1	0.6	0.6	143671	-1111	2.12081	-1111	2.45742	
14000	1840752000	2028	05	01	1	0.6	0.6	144007	-1111	2.12081	-1111	2.51046	
14031	1843430400	2028	06	01	1	0.6	0.6	144343	-1111	2.12081	-1111	2.59963	
14061	1846022400	2028	07	01	1	0.6	0.6	144691	-1111	2.12081	-1111	2.54581	
14092	1848700800	2028	08	01	1	0.6	0.6	145016	-1111	2.12081	-1111	2.56229	
14123	1851379200	2028	09	01	1	0.6	0.6	145356	-1111	2.12081	-1111	2.68225	
14153	1853971200	2028	10	01	1	0.6	0.6	145687	-1111	2.12081	-1111	2.81435	
14184	1856649600	2028	11	01	1	0.6	0.6	146013	-1111	2.12081	-1111	2.93426	
14214	1859241600	2028	12	01	1	0.6	0.6	146352	-1111	2.12081	-1111	2.87834	
14245	1861920000	2029	01	01	1	0.6	0.6	146693	-1111	2.12081	-1111	2.81156	
14276	1864598400	2029	02	01	1	0.6	0.6	147034	-1111	1.67236	-1111	2.84924	
14304	1867017600	2029	03	01	1	0.6	0.6	147342	-1111	1.67236	-1111	2.79402	
14335	1869696000	2029	04	01	1	0.6	0.6	147667	-1111	1.67236	-1111	2.86517	
14365	1872288000	2029	05	01	1	0.6	0.6	148021	-1111	1.67236	-1111	3.03483	
14396	1874966400	2029	06	01	1	0.6	0.6	148395	-1111	1.67236	-1111	3.06283	
14426	1877558400	2029	07	01	1	0.6	0.6	148740	-1111	1.67236	-1111	3.13147	
14457	1880236800	2029	08	01	1	0.6	0.6	149082	-1111	1.67236	-1111	2.98982	
14488	1882915200	2029	09	01	1	0.6	0.6	149384	-1111	1.67236	-1111	3.17452	
14518	1885507200	2029	10	01	1	0.6	0.6	149717	-1111	1.67236	-1111	3.23209	
14549	1888185600	2029	11	01	1	0.6	0.6	150067	-1111	1.67236	-1111	3.33753	
14579	1890777600	2029	12	01	1	0.6	0.6	150448	-1111	1.67236	-1111	3.67414	
14610	1893456000	2030	01	01	1	0.6	0.6	150760	-1111	1.67236	-1111	4.10033	
