0	631152000	1990	01	01	1	0.6	0.5	50000	-1111	0	-1111	4.97757	
31	633830400	1990	02	01	1	0	0	50086	-1111	0	-1111	12.6808	
59	636249600	1990	03	01	1	0	0	50201	-1111	0	-1111	15.5289	
90	638928000	1990	04	01	1	0	0	50318	-1111	0	-1111	14.9535	
120	641520000	1990	05	01	1	0	0	50431	-1111	0	-1111	17.7074	
151	644198400	1990	06	01	1	0	0	50537	-1111	0	-1111	19.1944	
181	646790400	1990	07	01	1	0	0	50631	-1111	0	-1111	20.228	
212	649468800	1990	08	01	1	0	0	50753	-1111	0	-1111	20.8643	
243	652147200	1990	09	01	1	0	0	50865	-1111	0	-1111	21.243	
273	654739200	1990	10	01	1	0	0	50961	-1111	0	-1111	20.9544	
304	657417600	1990	11	01	1	0	0	51085	-1111	0	-1111	20.63	
334	660009600	1990	12	01	1	0	0	51179	-1111	0	-1111	19.4645	
365	662688000	1991	01	01	1	0	0	51294	-1111	0	-1111	18.584	
396	665366400	1991	02	01	1	0	0	51373	-1111	0	-1111	17.2777	
424	667785600	1991	03	01	1	0	0	51472	-1111	0	-1111	15.8569	
455	670464000	1991	04	01	1	0	0	51575	-1111	0	-1111	14.3735	
485	673056000	1991	05	01	1	0	0	51687	-1111	0	-1111	12.9783	
516	675734400	1991	06	01	1	0	0	51778	-1111	0	-1111	11.4142	
546	678326400	1991	07	01	1	0	0	51899	-1111	0	-1111	10.8148	
577	681004800	1991	08	01	1	0	0	52009	-1111	0	-1111	9.60238	
608	683683200	1991	09	01	1	0	0	52128	-1111	0	-1111	8.94843	
638	686275200	1991	10	01	1	0	0	52255	-1111	0	-1111	8.0027	
669	688953600	1991	11	01	1	0	0	52388	-1111	0	-1111	7.41632	
699	691545600	1991	12	01	1	0	0	52532	-1111	0	-1111	6.81458	
730	694224000	1992	01	01	1	0	0	52666	-1111	0	-1111	6.2732	
761	696902400	1992	02	01	1	0	0	52795	-1111	5.36155	-1111	5.92514	
790	699408000	1992	03	01	1	0	0	52891	-1111	5.36155	-1111	5.55976	
821	702086400	1992	04	01	1	0	0	53005	-1111	5.36155	-1111	5.34699	
851	704678400	1992	05	01	1	0	0	53108	-1111	5.36155	-1111	5.45069	
882	707356800	1992	06	01	1	0	0	53246	-1111	5.36155	-1111	5.60018	
912	709948800	1992	07	01	1	0	0	53376	-1111	5.36155	-1111	5.54166	
943	712627200	1992	08	01	1	0	0	53484	-1111	5.36155	-1111	5.9873	
974	715305600	1992	09	01	1	0	0	53617	-1111	5.36155	-1111	5.90899	
1004	717897600	1992	10	01	1	0	0	53753	-1111	5.36155	-1111	5.87304	
1035	720576000	1992	11	01	1	0	0	53856	-1111	5.36155	-1111	6.50094	
1065	723168000	1992	12	01	1	0	0	53984	-1111	5.36155	-1111	6.52942	
1096	725846400	1993	01	01	1	0	0	54122	-1111	5.36155	-1111	7.18788	
1127	728524800	1993	02	01	1	0	0	54257	-1111	3.05215	-1111	7.46414	
1155	730944000	1993	03	01	1	0	0	54371	-1111	3.05215	-1111	7.79376	
1186	733622400	1993	04	01	1	0	0	54494	-1111	3.05215	-1111	7.90244	
1216	736214400	1993	05	01	1	0	0	54602	-1111	3.05215	-1111	7.81297	
1247	738892800	1993	06	01	1	0	0	54728	-1111	3.05215	-1111	8.38152	
1277	741484800	1993	07	01	1	0	0	54838	-1111	3.05215	-1111	8.70216	
1308	744163200	1993	08	01	1	0	0	54930	-1111	3.05215	-1111	9.09295	
1339	746841600	1993	09	01	1	0	0	55026	-1111	3.05215	-1111	9.47967	
1369	749433600	1993	10	01	1	0	0	55170	-1111	3.05215	-1111	9.48932	
1400	752112000	1993	11	01	1	0	0	55278	-1111	3.05215	-1111	9.35429	
1430	754704000	1993	12	01	1	0	0	55406	-1111	3.05215	-1111	9.1645	
1461	757382400	1994	01	01	1	0	0	55515	-1111	3.05215	-1111	9.1354	
1492	760060800	1994	02	01	1	0	0	55631	-1111	4.64188	-1111	9.68125	
1520	762480000	1994	03	01	1	0	0	55753	-1111	4.64188	-1111	9.46368	
1551	765158400	1994	04	01	1	0	0	55876	-1111	4.64188	-1111	9.61967	
1581	767750400	1994	05	01	1	0	0	55989	-1111	4.64188	-1111	9.28486	
1612	770428800	1994	06	01	1	0	0	56113	-1111	4.64188	-1111	8.74341	
1642	773020800	1994	07	01	1	0	0	56275	-1111	4.64188	-1111	8.32223	
1673	775699200	1994	08	01	1	0	0	56381	-1111	4.64188	-1111	8.24704	
1704	778377600	1994	09	01	1	0	0	56512	-1111	4.64188	-1111	8.4077	
1734	780969600	1994	10	01	1	0	0	56629	-1111	4.64188	-1111	8.58571	
1765	783648000	1994	11	01	1	0	0	56747	-1111	4.64188	-1111	8.27084	
1795	786240000	1994	12	01	1	0	0	56891	-1111	4.64188	-1111	7.99824	
1826	788918400	1995	01	01	1	0	0	57032	-1111	4.64188	-1111	7.86023	
1857	791596800	1995	02	01	1	0	0	57151	-1111	4.41529	-1111	7.68218	
1885	794016000	1995	03	01	1	0	0	57278	-1111	4.41529	-1111	7.57975	
1916	796694400	1995	04	01	1	0	0	57400	-1111	4.41529	-1111	7.79401	
1946	799286400	1995	05	01	1	0	0	57541	-1111	4.41529	-1111	8.00088	
1977	801964800	1995	06	01	1	0	0	57649	-1111	4.41529	-1111	7.64289	
2007	804556800	1995	07	01	1	0	0	57800	-1111	4.41529	-1111	7.66479	
2038	807235200	1995	08	01	1	0	0	57948	-1111	4.41529	-1111	7.75969	
2069	809913600	1995	09	01	1	0	0	58095	-1111	4.41529	-1111	7.49562	
2099	812505600	1995	10	01	1	0	0	58217	-1111	4.41529	-1111	7.48597	
2130	815184000	1995	11	01	1	0	0	58359	-1111	4.41529	-1111	7.84014	
2160	817776000	1995	12	01	1	0	0	58504	-1111	4.41529	-1111	7.84527	
2191	820454400	1996	01	01	1	0	0	58622	-1111	4.41529	-1111	8.22087	
2222	823132800	1996	02	01	1	0	0	58752	-1111	3.93001	-1111	8.35386	
2251	825638400	1996	03	01	1	0	0	58890	-1111	3.93001	-1111	8.30803	
2282	828316800	1996	04	01	1	0	0	59027	-1111	3.93001	-1111	8.52232	
2312	830908800	1996	05	01	1	0	0	59149	-1111	3.93001	-1111	8.77028	
2343	833587200	1996	06	01	1	0	0	59280	-1111	3.93001	-1111	8.71351	
2373	836179200	1996	07	01	1	0	0	59406	-1111	3.93001	-1111	8.66724	
2404	838857600	1996	08	01	1	0	0	59557	-1111	3.93001	-1111	8.60176	
2435	841536000	1996	09	01	1	0	0	59686	-1111	3.93001	-1111	8.40264	
2465	844128000	1996	10	01	1	0	0	59807	-1111	3.93001	-1111	8.24617	
2496	846806400	1996	11	01	1	0	0	59932	-1111	3.93001	-1111	8.16954	
2526	849398400	1996	12	01	1	0	0	60067	-1111	3.93001	-1111	7.95098	
2557	852076800	1997	01	01	1	0	0	60205	-1111	3.93001	-1111	7.94905	
2588	854755200	1997	02	01	1	0	0	60331	-1111	4.24012	-1111	7.87189	
2616	857174400	1997	03	01	1	0	0	60451	-1111	4.24012	-1111	7.82893	
2647	859852800	1997	04	01	1	0	0	60592	-1111	4.24012	-1111	7.81062	
2677	862444800	1997	05	01	1	0	0	60756	-1111	4.24012	-1111	7.65198	
2708	865123200	1997	06	01	1	0	0	60878	-1111	4.24012	-1111	7.65093	
2738	867715200	1997	07	01	1	0	0	61004	-1111	4.24012	-1111	7.46437	
2769	870393600	1997	08	01	1	0	0	61165	-1111	4.24012	-1111	7.72098	
2800	873072000	1997	09	01	1	0	0	61292	-1111	4.24012	-1111	7.9669	
2830	875664000	1997	10	01	1	0	0	61422	-1111	4.24012	-1111	7.99132	
2861	878342400	1997	11	01	1	0	0	61558	-1111	4.24012	-1111	8.12452	
2891	880934400	1997	12	01	1	0	0	61691	-1111	4.24012	-1111	8.16966	
2922	883612800	1998	01	01	1	0	0	61822	-1111	4.24012	-1111	8.25726	
2953	886291200	1998	02	01	1	0	0	61984	-1111	4.04403	-1111	8.22384	
2981	888710400	1998	03	01	1	0	0	62128	-1111	4.04403	-1111	8.1053	
3012	891388800	1998	04	01	1	0	0	62276	-1111	4.04403	-1111	8.1689	
3042	893980800	1998	05	01	1	0	0	62401	-1111	4.04403	-1111	8.28341	
3073	896659200	1998	06	01	1	0	0	62548	-1111	4.04403	-1111	8.29151	
3103	899251200	1998	07	01	1	0	0	62710	-1111	4.04403	-1111	8.17795	
3134	901929600	1998	08	01	1	0	0	62854	-1111	4.04403	-1111	8.06804	
3165	904608000	1998	09	01	1	0	0	62986	-1111	4.04403	-1111	7.74528	
3195	907200000	1998	10	01	1	0	0	63161	-1111	4.04403	-1111	7.91338	
3226	909878400	1998	11	01	1	0	0	63342	-1111	4.04403	-1111	7.85365	
3256	912470400	1998	12	01	1	0	0	63462	-1111	4.04403	-1111	7.97567	
3287	915148800	1999	01	01	1	0	0	63640	-1111	4.04403	-1111	7.95869	
3318	917827200	1999	02	01	1	0	0	63766	-1111	4.06525	-1111	7.93287	
3346	920246400	1999	03	01	1	0	0	63888	-1111	4.06525	-1111	7.80557	
3377	922924800	1999	04	01	1	0	0	64031	-1111	4.06525	-1111	7.62428	
3407	925516800	1999	05	01	1	0	0	64186	-1111	4.06525	-1111	7.66513	
3438	928195200	1999	06	01	1	0	0	64330	-1111	4.06525	-1111	7.64522	
3468	930787200	1999	07	01	1	0	0	64472	-1111	4.06525	-1111	7.85316	
3499	933465600	1999	08	01	1	0	0	64616	-1111	4.06525	-1111	8.08736	
3530	936144000	1999	09	01	1	0	0	64775	-1111	4.06525	-1111	8.02742	
3560	938736000	1999	10	01	1	0	0	64940	-1111	4.06525	-1111	8.17226	
3591	941414400	1999	11	01	1	0	0	65080	-1111	4.06525	-1111	8.13077	
3621	944006400	1999	12	01	1	0	0	65254	-1111	4.06525	-1111	8.14941	
3652	946684800	2000	01	01	1	0	0	65419	-1111	4.06525	-1111	7.62762	
3683	949363200	2000	02	01	1	0.6	0.6	65566	-1111	3.97653	-1111	6.3805	
3712	951868800	2000	03	01	1	0.6	0.6	65693	-1111	3.97653	-1111	4.77873	
3743	954547200	2000	04	01	1	0.6	0.6	65865	-1111	3.97653	-1111	3.47333	
3773	957139200	2000	05	01	1	0.6	0.6	66023	-1111	3.97653	-1111	3.11767	
3804	959817600	2000	06	01	1	0.6	0.6	66178	-1111	3.97653	-1111	2.69284	
3834	962409600	2000	07	01	1	0.6	0.6	66354	-1111	3.97653	-1111	2.2876	
3865	965088000	2000	08	01	1	0.6	0.6	66528	-1111	3.97653	-1111	1.93225	
3896	967766400	2000	09	01	1	0.6	0.6	66677	-1111	3.97653	-1111	1.92461	
3926	970358400	2000	10	01	1	0.6	0.6	66847	-1111	3.97653	-1111	1.61477	
3957	973036800	2000	11	01	1	0.6	0.6	66998	-1111	3.97653	-1111	1.48144	
3987	975628800	2000	12	01	1	0.6	0.6	67150	-1111	3.97653	-1111	1.29269	
4018	978307200	2001	01	01	1	0.6	0.6	67308	-1111	3.97653	-1111	1.11555	
4049	980985600	2001	02	01	1	0.6	0.6	67458	-1111	1.68557	-1111	1.14895	
4077	983404800	2001	03	01	1	0.6	0.6	67619	-1111	1.68557	-1111	1.19444	
4108	986083200	2001	04	01	1	0.6	0.6	67780	-1111	1.68557	-1111	1.3753	
4138	988675200	2001	05	01	1	0.6	0.6	67923	-1111	1.68557	-1111	1.44234	
4169	991353600	2001	06	01	1	0.6	0.6	68071	-1111	1.68557	-1111	1.48752	
4199	993945600	2001	07	01	1	0.6	0.6	68250	-1111	1.68557	-1111	1.42891	
4230	996624000	2001	08	01	1	0.6	0.6	68401	-1111	1.68557	-1111	1.53864	
4261	999302400	2001	09	01	1	0.6	0.6	68572	-1111	1.68557	-1111	1.59148	
4291	1001894400	2001	10	01	1	0.6	0.6	68728	-1111	1.68557	-1111	1.66628	
4322	1004572800	2001	11	01	1	0.6	0.6	68882	-1111	1.68557	-1111	1.5743	
4352	1007164800	2001	12	01	1	0.6	0.6	69065	-1111	1.68557	-1111	1.78809	
4383	1009843200	2002	01	01	1	0.6	0.6	69215	-1111	1.68557	-1111	2.17855	
4414	1012521600	2002	02	01	1	0.6	0.6	69363	-1111	1.0645	-1111	2.25642	
4442	1014940800	2002	03	01	1	0.6	0.6	69514	-1111	1.0645	-1111	2.28863	
4473	1017619200	2002	04	01	1	0.6	0.6	69665	-1111	1.0645	-1111	2.48802	
4503	1020211200	2002	05	01	1	0.6	0.6	69823	-1111	1.0645	-1111	2.48235	
4534	1022889600	2002	06	01	1	0.6	0.6	70015	-1111	1.0645	-1111	2.69964	
4564	1025481600	2002	07	01	1	0.6	0.6	70183	-1111	1.0645	-1111	2.72517	
4595	1028160000	2002	08	01	1	0.6	0.6	70354	-1111	1.0645	-1111	3.08308	
4626	1030838400	2002	09	01	1	0.6	0.6	70516	-1111	1.0645	-1111	3.43413	
4656	1033430400	2002	10	01	1	0.6	0.6	70663	-1111	1.0645	-1111	3.67194	
4687	1036108800	2002	11	01	1	0.6	0.6	70824	-1111	1.0645	-1111	3.47008	
4717	1038700800	2002	12	01	1	0.6	0.6	70986	-1111	1.0645	-1111	3.5179	
4748	1041379200	2003	01	01	1	0.6	0.6	71145	-1111	1.0645	-1111	3.50466	
4779	1044057600	2003	02	01	1	0.6	0.6	71319	-1111	1.8849	-1111	3.7697	
4807	1046476800	2003	03	01	1	0.6	0.6	71479	-1111	1.8849	-1111	4.07032	
4838	1049155200	2003	04	01	1	0.6	0.6	71632	-1111	1.8849	-1111	4.23002	
4868	1051747200	2003	05	01	1	0.6	0.6	71811	-1111	1.8849	-1111	4.25508	
4899	1054425600	2003	06	01	1	0.6	0.6	71971	-1111	1.8849	-1111	4.27054	
4929	1057017600	2003	07	01	1	0.6	0.6	72127	-1111	1.8849	-1111	4.36286	
4960	1059696000	2003	08	01	1	0.6	0.6	72294	-1111	1.8849	-1111	4.55566	
4991	1062374400	2003	09	01	1	0.6	0.6	72487	-1111	1.8849	-1111	4.5318	
5021	1064966400	2003	10	01	1	0.6	0.6	72670	-1111	1.8849	-1111	4.72454	
5052	1067644800	2003	11	01	1	0.6	0.6	72822	-1111	1.8849	-1111	4.70185	
5082	1070236800	2003	12	01	1	0.6	0.6	72996	-1111	1.8849	-1111	4.43951	
5113	1072915200	2004	01	01	1	0.6	0.6	73152	-1111	1.8849	-1111	4.4667	
5144	1075593600	2004	02	01	1	0.6	0.6	73323	-1111	2.83377	-1111	4.65946	
5173	1078099200	2004	03	01	1	0.6	0.6	73486	-1111	2.83377	-1111	4.55526	
5204	1080777600	2004	04	01	1	0.6	0.6	73674	-1111	2.83377	-1111	4.77241	
5234	1083369600	2004	05	01	1	0.6	0.6	73858	-1111	2.83377	-1111	4.89402	
5265	1086048000	2004	06	01	1	0.6	0.6	74052	-1111	2.83377	-1111	4.59364	
5295	1088640000	2004	07	01	1	0.6	0.6	74215	-1111	2.83377	-1111	4.29258	
5326	1091318400	2004	08	01	1	0.6	0.6	74399	-1111	2.83377	-1111	4.20101	
5357	1093996800	2004	09	01	1	0.6	0.6	74588	-1111	2.83377	-1111	4.25724	
5387	1096588800	2004	10	01	1	0.6	0.6	74794	-1111	2.83377	-1111	4.42314	
5418	1099267200	2004	11	01	1	0.6	0.6	74993	-1111	2.83377	-1111	4.37929	
5448	1101859200	2004	12	01	1	0.6	0.6	75176	-1111	2.83377	-1111	4.2754	
5479	1104537600	2005	01	01	1	0.6	0.6	75386	-1111	2.83377	-1111	4.06641	
5510	1107216000	2005	02	01	1	0.6	0.6	75588	-1111	2.85454	-1111	3.86367	
5538	1109635200	2005	03	01	1	0.6	0.6	75729	-1111	2.85454	-1111	3.94441	
5569	1112313600	2005	04	01	1	0.6	0.6	75910	-1111	2.85454	-1111	3.88927	
5599	1114905600	2005	05	01	1	0.6	0.6	76120	-1111	2.85454	-1111	3.91352	
5630	1117584000	2005	06	01	1	0.6	0.6	76311	-1111	2.85454	-1111	4.01265	
5660	1120176000	2005	07	01	1	0.6	0.6	76465	-1111	2.85454	-1111	3.88244	
5691	1122854400	2005	08	01	1	0.6	0.6	76624	-1111	2.85454	-1111	3.98388	
5722	1125532800	2005	09	01	1	0.6	0.6	76803	-1111	2.85454	-1111	3.77961	
5752	1128124800	2005	10	01	1	0.6	0.6	76984	-1111	2.85454	-1111	3.97334	
5783	1130803200	2005	11	01	1	0.6	0.6	77146	-1111	2.85454	-1111	3.71622	
5813	1133395200	2005	12	01	1	0.6	0.6	77310	-1111	2.85454	-1111	3.6307	
5844	1136073600	2006	01	01	1	0.6	0.6	77477	-1111	2.85454	-1111	3.32007	
5875	1138752000	2006	02	01	1	0.6	0.6	77647	-1111	2.38636	-1111	3.53132	
5903	1141171200	2006	03	01	1	0.6	0.6	77799	-1111	2.38636	-1111	3.54445	
5934	1143849600	2006	04	01	1	0.6	0.6	78027	-1111	2.38636	-1111	3.47861	
5964	1146441600	2006	05	01	1	0.6	0.6	78222	-1111	2.38636	-1111	3.64187	
5995	1149120000	2006	06	01	1	0.6	0.6	78433	-1111	2.38636	-1111	3.7199	
6025	1151712000	2006	07	01	1	0.6	0.6	78614	-1111	2.38636	-1111	3.72474	
6056	1154390400	2006	08	01	1	0.6	0.6	78781	-1111	2.38636	-1111	3.73883	
6087	1157068800	2006	09	01	1	0.6	0.6	78938	-1111	2.38636	-1111	4.12371	
6117	1159660800	2006	10	01	1	0.6	0.6	79122	-1111	2.38636	-1111	4.20612	
6148	1162339200	2006	11	01	1	0.6	0.6	79323	-1111	2.38636	-1111	4.11102	
6178	1164931200	2006	12	01	1	0.6	0.6	79457	-1111	2.38636	-1111	4.23498	
6209	1167609600	2007	01	01	1	0.6	0.6	79632	-1111	2.38636	-1111	4.3489	
6240	1170288000	2007	02	01	1	0.6	0.6	79831	-1111	2.41851	-1111	4.69479	
6268	1172707200	2007	03	01	1	0.6	0.6	79999	-1111	2.41851	-1111	4.7285	
6299	1175385600	2007	04	01	1	0.6	0.6	80174	-1111	2.41851	-1111	4.53967	
6329	1177977600	2007	05	01	1	0.6	0.6	80354	-1111	2.41851	-1111	4.86603	
6360	1180656000	2007	06	01	1	0.6	0.6	80534	-1111	2.41851	-1111	4.88411	
6390	1183248000	2007	07	01	1	0.6	0.6	80704	-1111	2.41851	-1111	4.95964	
6421	1185926400	2007	08	01	1	0.6	0.6	80897	-1111	2.41851	-1111	5.12646	
6452	1188604800	2007	09	01	1	0.6	0.6	81099	-1111	2.41851	-1111	4.93684	
6482	1191196800	2007	10	01	1	0.6	0.6	81270	-1111	2.41851	-1111	5.007	
6513	1193875200	2007	11	01	1	0.6	0.6	81489	-1111	2.41851	-1111	5.11339	
6543	1196467200	2007	12	01	1	0.6	0.6	81682	-1111	2.41851	-1111	5.61511	
6574	1199145600	2008	01	01	1	0.6	0.6	81866	-1111	2.41851	-1111	5.79599	
6605	1201824000	2008	02	01	1	0.6	0.6	82057	-1111	2.90994	-1111	5.99895	
6634	1204329600	2008	03	01	1	0.6	0.6	82241	-1111	2.90994	-1111	5.90064	
6665	1207008000	2008	04	01	1	0.6	0.6	82422	-1111	2.90994	-1111	5.86274	
6695	1209600000	2008	05	01	1	0.6	0.6	82627	-1111	2.90994	-1111	5.84656	
6726	1212278400	2008	06	01	1	0.6	0.6	82798	-1111	2.90994	-1111	5.65135	
6756	1214870400	2008	07	01	1	0.6	0.6	82951	-1111	2.90994	-1111	5.68718	
6787	1217548800	2008	08	01	1	0.6	0.6	83166	-1111	2.90994	-1111	5.79061	
6818	1220227200	2008	09	01	1	0.6	0.6	83338	-1111	2.90994	-1111	5.95238	
6848	1222819200	2008	10	01	1	0.6	0.6	83499	-1111	2.90994	-1111	6.15847	
6879	1225497600	2008	11	01	1	0.6	0.6	83692	-1111	2.90994	-1111	5.62082	
6909	1228089600	2008	12	01	1	0.6	0.6	83884	-1111	2.90994	-1111	5.33626	
6940	1230768000	2009	01	01	1	0.6	0.6	84068	-1111	2.90994	-1111	4.64086	
6971	1233446400	2009	02	01	1	0.6	0.6	84247	-1111	3.2597	-1111	4.51412	
6999	1235865600	2009	03	01	1	0.6	0.6	84427	-1111	3.2597	-1111	4.24454	
7030	1238544000	2009	04	01	1	0.6	0.6	84647	-1111	3.2597	-1111	4.04879	
7060	1241136000	2009	05	01	1	0.6	0.6	84850	-1111	3.2597	-1111	3.86786	
7091	1243814400	2009	06	01	1	0.6	0.6	85080	-1111	3.2597	-1111	3.75756	
7121	1246406400	2009	07	01	1	0.6	0.6	85272	-1111	3.2597	-1111	3.61212	
7152	1249084800	2009	08	01	1	0.6	0.6	85456	-1111	3.2597	-1111	3.77506	
7183	1251763200	2009	09	01	1	0.6	0.6	85655	-1111	3.2597	-1111	3.4791	
7213	1254355200	2009	10	01	1	0.6	0.6	85894	-1111	3.2597	-1111	3.28568	
7244	1257033600	2009	11	01	1	0.6	0.6	86049	-1111	3.2597	-1111	3.27876	
7274	1259625600	2009	12	01	1	0.6	0.6	86236	-1111	3.2597	-1111	3.37191	
7305	1262304000	2010	01	01	1	0.6	0.6	86426	-1111	3.2597	-1111	3.34182	
7336	1264982400	2010	02	01	1	0.6	0.6	86644	-1111	2.22741	-1111	3.16691	
7364	1267401600	2010	03	01	1	0.6	0.6	86849	-1111	2.22741	-1111	3.16793	
7395	1270080000	2010	04	01	1	0.6	0.6	87079	-1111	2.22741	-1111	3.22377	
7425	1272672000	2010	05	01	1	0.6	0.6	87284	-1111	2.22741	-1111	3.11235	
7456	1275350400	2010	06	01	1	0.6	0.6	87514	-1111	2.22741	-1111	3.24361	
7486	1277942400	2010	07	01	1	0.6	0.6	87689	-1111	2.22741	-1111	3.37174	
7517	1280620800	2010	08	01	1	0.6	0.6	87888	-1111	2.22741	-1111	3.3743	
7548	1283299200	2010	09	01	1	0.6	0.6	88067	-1111	2.22741	-1111	3.39089	
7578	1285891200	2010	10	01	1	0.6	0.6	88305	-1111	2.22741	-1111	3.33497	
7609	1288569600	2010	11	01	1	0.6	0.6	88534	-1111	2.22741	-1111	3.41187	
7639	1291161600	2010	12	01	1	0.6	0.6	88756	-1111	2.22741	-1111	3.47451	
7670	1293840000	2011	01	01	1	0.6	0.6	88983	-1111	2.22741	-1111	3.58762	
7701	1296518400	2011	02	01	1	0.6	0.6	89212	-1111	2.02261	-1111	3.6237	
7729	1298937600	2011	03	01	1	0.6	0.6	89417	-1111	2.02261	-1111	3.64014	
7760	1301616000	2011	04	01	1	0.6	0.6	89623	-1111	2.02261	-1111	3.69439	
7790	1304208000	2011	05	01	1	0.6	0.6	89830	-1111	2.02261	-1111	3.75291	
7821	1306886400	2011	06	01	1	0.6	0.6	90041	-1111	2.02261	-1111	3.87617	
7851	1309478400	2011	07	01	1	0.6	0.6	90246	-1111	2.02261	-1111	3.8438	
7882	1312156800	2011	08	01	1	0.6	0.6	90454	-1111	2.02261	-1111	3.86465	
7913	1314835200	2011	09	01	1	0.6	0.6	90671	-1111	2.02261	-1111	4.03679	
7943	1317427200	2011	10	01	1	0.6	0.6	90922	-1111	2.02261	-1111	3.91331	
7974	1320105600	2011	11	01	1	0.6	0.6	91122	-1111	2.02261	-1111	4.10597	
8004	1322697600	2011	12	01	1	0.6	0.6	91346	-1111	2.02261	-1111	4.20793	
8035	1325376000	2012	01	01	1	0.6	0.6	91577	-1111	2.02261	-1111	4.07582	
8066	1328054400	2012	02	01	1	0.6	0.6	91794	-1111	2.39422	-1111	4.22638	
8095	1330560000	2012	03	01	1	0.6	0.6	92009	-1111	2.39422	-1111	4.05771	
8126	1333238400	2012	04	01	1	0.6	0.6	92231	-1111	2.39422	-1111	4.1631	
8156	1335830400	2012	05	01	1	0.6	0.6	92447	-1111	2.39422	-1111	4.47538	
8187	1338508800	2012	06	01	1	0.6	0.6	92679	-1111	2.39422	-1111	4.62462	
8217	1341100800	2012	07	01	1	0.6	0.6	92854	-1111	2.39422	-1111	4.6575	
8248	1343779200	2012	08	01	1	0.6	0.6	93068	-1111	2.39422	-1111	4.72531	
8279	1346457600	2012	09	01	1	0.6	0.6	93306	-1111	2.39422	-1111	4.58614	
8309	1349049600	2012	10	01	1	0.6	0.6	93511	-1111	2.39422	-1111	4.65254	
8340	1351728000	2012	11	01	1	0.6	0.6	93763	-1111	2.39422	-1111	4.56673	
8370	1354320000	2012	12	01	1	0.6	0.6	93975	-1111	2.39422	-1111	5.06121	
8401	1356998400	2013	01	01	1	0.6	0.6	94187	-1111	2.39422	-1111	5.2539	
8432	1359676800	2013	02	01	1	0.6	0.6	94425	-1111	2.78543	-1111	5.70701	
8460	1362096000	2013	03	01	1	0.6	0.6	94599	-1111	2.78543	-1111	5.93527	
8491	1364774400	2013	04	01	1	0.6	0.6	94833	-1111	2.78543	-1111	6.06652	
8521	1367366400	2013	05	01	1	0.6	0.6	95044	-1111	2.78543	-1111	6.08422	
8552	1370044800	2013	06	01	1	0.6	0.6	95249	-1111	2.78543	-1111	6.16906	
8582	1372636800	2013	07	01	1	0.6	0.6	95457	-1111	2.78543	-1111	6.33486	
8613	1375315200	2013	08	01	1	0.6	0.6	95653	-1111	2.78543	-1111	6.26904	
8644	1377993600	2013	09	01	1	0.6	0.6	95877	-1111	2.78543	-1111	6.37661	
8674	1380585600	2013	10	01	1	0.6	0.6	96099	-1111	2.78543	-1111	6.13469	
8705	1383264000	2013	11	01	1	0.6	0.6	96315	-1111	2.78543	-1111	6.21766	
8735	1385856000	2013	12	01	1	0.6	0.6	96543	-1111	2.78543	-1111	6.10321	
8766	1388534400	2014	01	01	1	0.6	0.6	96781	-1111	2.78543	-1111	6.18214	
8797	1391212800	2014	02	01	1	0.6	0.6	97013	-1111	3.35972	-1111	6.07518	
8825	1393632000	2014	03	01	1	0.6	0.6	97215	-1111	3.35972	-1111	5.91367	
8856	1396310400	2014	04	01	1	0.6	0.6	97460	-1111	3.35972	-1111	5.69615	
8886	1398902400	2014	05	01	1	0.6	0.6	97687	-1111	3.35972	-1111	5.71875	
8917	1401580800	2014	06	01	1	0.6	0.6	97912	-1111	3.35972	-1111	5.82101	
8947	1404172800	2014	07	01	1	0.6	0.6	98117	-1111	3.35972	-1111	5.69206	
8978	1406851200	2014	08	01	1	0.6	0.6	98326	-1111	3.35972	-1111	5.38217	
9009	1409529600	2014	09	01	1	0.6	0.6	98533	-1111	3.35972	-1111	5.18275	
9039	1412121600	2014	10	01	1	0.6	0.6	98768	-1111	3.35972	-1111	5.1214	
9070	1414800000	2014	11	01	1	0.6	0.6	99007	-1111	3.35972	-1111	5.0069	
9100	1417392000	2014	12	01	1	0.6	0.6	99199	-1111	3.35972	-1111	4.4819	
9131	1420070400	2015	01	01	1	0.6	0.6	99431	-1111	3.35972	-1111	3.91279	
9162	1422748800	2015	02	01	1	0.6	0.6	99699	-1111	3.01292	-1111	3.7169	
9190	1425168000	2015	03	01	1	0.6	0.6	99916	-1111	3.01292	-1111	3.52421	
9221	1427846400	2015	04	01	1	0.6	0.6	100141	-1111	3.01292	-1111	3.42014	
9251	1430438400	2015	05	01	1	0.6	0.6	100369	-1111	3.01292	-1111	3.25197	
9282	1433116800	2015	06	01	1	0.6	0.6	100586	-1111	3.01292	-1111	3.10494	
9312	1435708800	2015	07	01	1	0.6	0.6	100802	-1111	3.01292	-1111	2.96753	
9343	1438387200	2015	08	01	1	0.6	0.6	100992	-1111	3.01292	-1111	2.98548	
9374	1441065600	2015	09	01	1	0.6	0.6	101212	-1111	3.01292	-1111	2.82833	
9404	1443657600	2015	10	01	1	0.6	0.6	101399	-1111	3.01292	-1111	2.87478	
9435	1446336000	2015	11	01	1	0.6	0.6	101634	-1111	3.01292	-1111	2.84778	
9465	1448928000	2015	12	01	1	0.6	0.6	101851	-1111	3.01292	-1111	2.80277	
9496	1451606400	2016	01	01	1	0.6	0.6	102095	-1111	3.01292	-1111	2.82317	
9527	1454284800	2016	02	01	1	0.6	0.6	102349	-1111	1.93805	-1111	2.8671	
9556	1456790400	2016	03	01	1	0.6	0.6	102578	-1111	1.93805	-1111	2.83729	
9587	1459468800	2016	04	01	1	0.6	0.6	102836	-1111	1.93805	-1111	2.71927	
9617	1462060800	2016	05	01	1	0.6	0.6	103052	-1111	1.93805	-1111	2.70198	
9648	1464739200	2016	06	01	1	0.6	0.6	103272	-1111	1.93805	-1111	2.78273	
9678	1467331200	2016	07	01	1	0.6	0.6	103523	-1111	1.93805	-1111	2.86093	
9709	1470009600	2016	08	01	1	0.6	0.6	103739	-1111	1.93805	-1111	3.02355	
9740	1472688000	2016	09	01	1	0.6	0.6	103961	-1111	1.93805	-1111	3.06707	
9770	1475280000	2016	10	01	1	0.6	0.6	104221	-1111	1.93805	-1111	3.19636	
9801	1477958400	2016	11	01	1	0.6	0.6	104458	-1111	1.93805	-1111	3.26979	
9831	1480550400	2016	12	01	1	0.6	0.6	104685	-1111	1.93805	-1111	3.37557	
9862	1483228800	2017	01	01	1	0.6	0.6	104911	-1111	1.93805	-1111	3.48274	
9893	1485907200	2017	02	01	1	0.6	0.6	105184	-1111	1.90234	-1111	3.56294	
9921	1488326400	2017	03	01	1	0.6	0.6	105406	-1111	1.90234	-1111	3.70864	
9952	1491004800	2017	04	01	1	0.6	0.6	105679	-1111	1.90234	-1111	4.11623	
9982	1493596800	2017	05	01	1	0.6	0.6	105902	-1111	1.90234	-1111	4.20885	
10013	1496275200	2017	06	01	1	0.6	0.6	106164	-1111	1.90234	-1111	4.46053	
10043	1498867200	2017	07	01	1	0.6	0.6	106408	-1111	1.90234	-1111	4.7143	
10074	1501545600	2017	08	01	1	0.6	0.6	106621	-1111	1.90234	-1111	4.75296	
10105	1504224000	2017	09	01	1	0.6	0.6	106856	-1111	1.90234	-1111	5.04976	
10135	1506816000	2017	10	01	1	0.6	0.6	107085	-1111	1.90234	-1111	5.13028	
10166	1509494400	2017	11	01	1	0.6	0.6	107347	-1111	1.90234	-1111	5.06593	
10196	1512086400	2017	12	01	1	0.6	0.6	107586	-1111	1.90234	-1111	5.00985	
10227	1514764800	2018	01	01	1	0.6	0.6	107868	-1111	1.90234	-1111	5.03037	
10258	1517443200	2018	02	01	1	0.6	0.6	108125	-1111	2.78231	-1111	5.09908	
10286	1519862400	2018	03	01	1	0.6	0.6	108337	-1111	2.78231	-1111	5.12895	
10317	1522540800	2018	04	01	1	0.6	0.6	108583	-1111	2.78231	-1111	4.96136	
10347	1525132800	2018	05	01	1	0.6	0.6	108859	-1111	2.78231	-1111	4.98163	
10378	1527811200	2018	06	01	1	0.6	0.6	109102	-1111	2.78231	-1111	5.21548	
10408	1530403200	2018	07	01	1	0.6	0.6	109357	-1111	2.78231	-1111	5.20942	
10439	1533081600	2018	08	01	1	0.6	0.6	109572	-1111	2.78231	-1111	5.2914	
10470	1535760000	2018	09	01	1	0.6	0.6	109818	-1111	2.78231	-1111	5.15331	
10500	1538352000	2018	10	01	1	0.6	0.6	110037	-1111	2.78231	-1111	5.21649	
10531	1541030400	2018	11	01	1	0.6	0.6	110287	-1111	2.78231	-1111	5.11162	
10561	1543622400	2018	12	01	1	0.6	0.6	110547	-1111	2.78231	-1111	5.45558	
10592	1546300800	2019	01	01	1	0.6	0.6	110773	-1111	2.78231	-1111	5.82817	
10623	1548979200	2019	02	01	1	0.6	0.6	111064	-1111	3.10321	-1111	6.10226	
10651	1551398400	2019	03	01	1	0.6	0.6	111306	-1111	3.10321	-1111	6.17724	
10682	1554076800	2019	04	01	1	0.6	0.6	111585	-1111	3.10321	-1111	6.14297	
10712	1556668800	2019	05	01	1	0.6	0.6	111804	-1111	3.10321	-1111	6.24101	
10743	1559347200	2019	06	01	1	0.6	0.6	112026	-1111	3.10321	-1111	6.25634	
10773	1561939200	2019	07	01	1	0.6	0.6	112267	-1111	3.10321	-1111	6.13754	
10804	1564617600	2019	08	01	1	0.6	0.6	112541	-1111	3.10321	-1111	6.1814	
10835	1567296000	2019	09	01	1	0.6	0.6	112814	-1111	3.10321	-1111	6.02615	
10865	1569888000	2019	10	01	1	0.6	0.6	113046	-1111	3.10321	-1111	6.11792	
10896	1572566400	2019	11	01	1	0.6	0.6	113258	-1111	3.10321	-1111	6.17019	
10926	1575158400	2019	12	01	1	0.6	0.6	113529	-1111	3.10321	-1111	6.0561	
10957	1577836800	2020	01	01	1	0.6	0.6	113763	-1111	3.10321	-1111	5.91453	
10988	1580515200	2020	02	01	1	0.6	0.6	114026	-1111	3.37584	-1111	5.97599	
11017	1583020800	2020	03	01	1	0.6	0.6	114294	-1111	3.37584	-1111	5.89484	
11048	1585699200	2020	04	01	1	0.6	0.6	114519	-1111	3.37584	-1111	5.79537	
11078	1588291200	2020	05	01	1	0.6	0.6	114774	-1111	3.37584	-1111	5.53474	
11109	1590969600	2020	06	01	1	0.6	0.6	115054	-1111	3.37584	-1111	5.20855	
11139	1593561600	2020	07	01	1	0.6	0.6	115356	-1111	3.37584	-1111	5.18405	
11170	1596240000	2020	08	01	1	0.6	0.6	115642	-1111	3.37584	-1111	5.05502	
11201	1598918400	2020	09	01	1	0.6	0.6	115932	-1111	3.37584	-1111	4.90756	
11231	1601510400	2020	10	01	1	0.6	0.6	116181	-1111	3.37584	-1111	4.77301	
11262	1604188800	2020	11	01	1	0.6	0.6	116449	-1111	3.37584	-1111	4.68218	
11292	1606780800	2020	12	01	1	0.6	0.6	116716	-1111	3.37584	-1111	4.38201	
11323	1609459200	2021	01	01	1	0.6	0.6	116985	-1111	3.37584	-1111	3.86086	
11354	1612137600	2021	02	01	1	0.6	0.6	117266	-1111	2.87052	-1111	3.64902	
11382	1614556800	2021	03	01	1	0.6	0.6	117521	-1111	2.87052	-1111	3.45335	
11413	1617235200	2021	04	01	1	0.6	0.6	117777	-1111	2.87052	-1111	3.41849	
11443	1619827200	2021	05	01	1	0.6	0.6	118007	-1111	2.87052	-1111	3.42635	
11474	1622505600	2021	06	01	1	0.6	0.6	118293	-1111	2.87052	-1111	3.16098	
11504	1625097600	2021	07	01	1	0.6	0.6	118539	-1111	2.87052	-1111	3.16907	
11535	1627776000	2021	08	01	1	0.6	0.6	118808	-1111	2.87052	-1111	3.03662	
11566	1630454400	2021	09	01	1	0.6	0.6	119109	-1111	2.87052	-1111	2.94651	
11596	1633046400	2021	10	01	1	0.6	0.6	119377	-1111	2.87052	-1111	2.86015	
11627	1635724800	2021	11	01	1	0.6	0.6	119659	-1111	2.87052	-1111	3.07672	
11657	1638316800	2021	12	01	1	0.6	0.6	119920	-1111	2.87052	-1111	3.00079	
11688	1640995200	2022	01	01	1	0.6	0.6	120209	-1111	2.87052	-1111	3.02961	
11719	1643673600	2022	02	01	1	0.6	0.6	120445	-1111	1.91459	-1111	3.00634	
11747	1646092800	2022	03	01	1	0.6	0.6	120692	-1111	1.91459	-1111	3.04946	
11778	1648771200	2022	04	01	1	0.6	0.6	120971	-1111	1.91459	-1111	3.23966	
11808	1651363200	2022	05	01	1	0.6	0.6	121261	-1111	1.91459	-1111	3.22968	
11839	1654041600	2022	06	01	1	0.6	0.6	121567	-1111	1.91459	-1111	3.32352	
11869	1656633600	2022	07	01	1	0.6	0.6	121833	-1111	1.91459	-1111	3.21863	
11900	1659312000	2022	08	01	1	0.6	0.6	122089	-1111	1.91459	-1111	3.32057	
11931	1661990400	2022	09	01	1	0.6	0.6	122348	-1111	1.91459	-1111	3.41062	
11961	1664582400	2022	10	01	1	0.6	0.6	122648	-1111	1.91459	-1111	3.40158	
11992	1667260800	2022	11	01	1	0.6	0.6	122934	-1111	1.91459	-1111	3.55312	
12022	1669852800	2022	12	01	1	0.6	0.6	123214	-1111	1.91459	-1111	3.86115	
12053	1672531200	2023	01	01	1	0.6	0.6	123509	-1111	1.91459	-1111	4.06125	
12084	1675209600	2023	02	01	1	0.6	0.6	123806	-1111	2.10143	-1111	4.40053	
12112	1677628800	2023	03	01	1	0.6	0.6	124081	-1111	2.10143	-1111	4.4568	
12143	1680307200	2023	04	01	1	0.6	0.6	124365	-1111	2.10143	-1111	4.56291	
12173	1682899200	2023	05	01	1	0.6	0.6	124671	-1111	2.10143	-1111	4.61387	
12204	1685577600	2023	06	01	1	0.6	0.6	124963	-1111	2.10143	-1111	4.78103	
12234	1688169600	2023	07	01	1	0.6	0.6	125259	-1111	2.10143	-1111	4.90697	
12265	1690848000	2023	08	01	1	0.6	0.6	125562	-1111	2.10143	-1111	5.07146	
12296	1693526400	2023	09	01	1	0.6	0.6	125841	-1111	2.10143	-1111	5.14674	
12326	1696118400	2023	10	01	1	0.6	0.6	126143	-1111	2.10143	-1111	5.02147	
12357	1698796800	2023	11	01	1	0.6	0.6	126422	-1111	2.10143	-1111	5.12724	
12387	1701388800	2023	12	01	1	0.6	0.6	126708	-1111	2.10143	-1111	5.3115	
12418	1704067200	2024	01	01	1	0.6	0.6	127007	-1111	2.10143	-1111	5.47459	
12449	1706745600	2024	02	01	1	0.6	0.6	127287	-1111	2.94489	-1111	5.33898	
12478	1709251200	2024	03	01	1	0.6	0.6	127599	-1111	2.94489	-1111	5.45624	
12509	1711929600	2024	04	01	1	0.6	0.6	127891	-1111	2.94489	-1111	5.32281	
12539	1714521600	2024	05	01	1	0.6	0.6	128199	-1111	2.94489	-1111	5.21277	
12570	1717200000	2024	06	01	1	0.6	0.6	128520	-1111	2.94489	-1111	5.27142	
12600	1719792000	2024	07	01	1	0.6	0.6	128839	-1111	2.94489	-1111	5.17872	
12631	1722470400	2024	08	01	1	0.6	0.6	129154	-1111	2.94489	-1111	5.28318	
12662	1725148800	2024	09	01	1	0.6	0.6	129477	-1111	2.94489	-1111	5.4614	
12692	1727740800	2024	10	01	1	0.6	0.6	129800	-1111	2.94489	-1111	5.28664	
12723	1730419200	2024	11	01	1	0.6	0.6	130090	-1111	2.94489	-1111	5.30375	
12753	1733011200	2024	12	01	1	0.6	0.6	130379	-1111	2.94489	-1111	5.50788	
12784	1735689600	2025	01	01	1	0.6	0.6	130711	-1111	2.94489	-1111	5.80925	
12815	1738368000	2025	02	01	1	0.6	0.6	131031	-1111	3.10443	-1111	5.91161	
12843	1740787200	2025	03	01	1	0.6	0.6	131295	-1111	3.10443	-1111	6.13165	
12874	1743465600	2025	04	01	1	0.6	0.6	131567	-1111	3.10443	-1111	6.11284	
12904	1746057600	2025	05	01	1	0.6	0.6	131806	-1111	3.10443	-1111	6.0879	
12935	1748736000	2025	06	01	1	0.6	0.6	132113	-1111	3.10443	-1111	6.28889	
12965	1751328000	2025	07	01	1	0.6	0.6	132459	-1111	3.10443	-1111	6.21985	
12996	1754006400	2025	08	01	1	0.6	0.6	132774	-1111	3.10443	-1111	6.05861	
13027	1756684800	2025	09	01	1	0.6	0.6	133120	-1111	3.10443	-1111	5.98278	
13057	1759276800	2025	10	01	1	0.6	0.6	133426	-1111	3.10443	-1111	5.89966	
13088	1761955200	2025	11	01	1	0.6	0.6	133720	-1111	3.10443	-1111	5.78777	
13118	1764547200	2025	12	01	1	0.6	0.6	134011	-1111	3.10443	-1111	5.87783	
13149	1767225600	2026	01	01	1	0.6	0.6	134334	-1111	3.10443	-1111	5.9346	
13180	1769904000	2026	02	01	1	0.6	0.6	134654	-1111	3.30204	-1111	5.84421	
13208	1772323200	2026	03	01	1	0.6	0.6	134925	-1111	3.30204	-1111	5.65223	
13239	1775001600	2026	04	01	1	0.6	0.6	135276	-1111	3.30204	-1111	5.58682	
13269	1777593600	2026	05	01	1	0.6	0.6	135588	-1111	3.30204	-1111	5.60442	
13300	1780272000	2026	06	01	1	0.6	0.6	135901	-1111	3.30204	-1111	5.52806	
13330	1782864000	2026	07	01	1	0.6	0.6	136201	-1111	3.30204	-1111	5.55862	
13361	1785542400	2026	08	01	1	0.6	0.6	136508	-1111	3.30204	-1111	5.56053	
13392	1788220800	2026	09	01	1	0.6	0.6	136833	-1111	3.30204	-1111	5.59076	
13422	1790812800	2026	10	01	1	0.6	0.6	137153	-1111	3.30204	-1111	5.55269	
13453	1793491200	2026	11	01	1	0.6	0.6	137510	-1111	3.30204	-1111	5.40865	
13483	1796083200	2026	12	01	1	0.6	0.6	137843	-1111	3.30204	-1111	4.50342	
13514	1798761600	2027	01	01	1	0.6	0.6	138171	-1111	3.30204	-1111	3.98918	
13545	1801440000	2027	02	01	1	0.6	0.6	138496	-1111	2.93713	-1111	3.7462	
13573	1803859200	2027	03	01	1	0.6	0.6	138764	-1111	2.93713	-1111	3.62668	
13604	1806537600	2027	04	01	1	0.6	0.6	139067	-1111	2.93713	-1111	3.30457	
13634	1809129600	2027	05	01	1	0.6	0.6	139377	-1111	2.93713	-1111	3.20011	
13665	1811808000	2027	06	01	1	0.6	0.6	139686	-1111	2.93713	-1111	3.10907	
13695	1814400000	2027	07	01	1	0.6	0.6	140010	-1111	2.93713	-1111	3.1257	
13726	1817078400	2027	08	01	1	0.6	0.6	140318	-1111	2.93713	-1111	2.87131	
13757	1819756800	2027	09	01	1	0.6	0.6	140686	-1111	2.93713	-1111	2.69886	
13787	1822348800	2027	10	01	1	0.6	0.6	141010	-1111	2.93713	-1111	2.61875	
13818	1825027200	2027	11	01	1	0.6	0.6	141396	-1111	2.93713	-1111	2.45984	
13848	1827619200	2027	12	01	1	0.6	0.6	141707	-1111	2.93713	-1111	2.50783	
13879	1830297600	2028	01	01	1	0.6	0.6	142026	-1111	2.93713	-1111	2.57977	
13910	1832976000	2028	02	01	1	0.6	0.6	142349	-1111	1.83562	-1111	2.65839	
13939	1835481600	2028	03	01	1	0.6	0.6	142678	-1111	1.83562	-1111	2.70962	
13970	1838160000	2028	04	01	1	0.6	0.6	143002	-1111	1.83562	-1111	2.81775	
14000	1840752000	2028	05	01	1	0.6	0.6	143291	-1111	1.83562	-1111	2.84932	
14031	1843430400	2028	06	01	1	0.6	0.6	143635	-1111	1.83562	-1111	2.97038	
14061	1846022400	2028	07	01	1	0.6	0.6	143950	-1111	1.83562	-1111	2.77452	
14092	1848700800	2028	08	01	1	0.6	0.6	144257	-1111	1.83562	-1111	2.80529	
14123	1851379200	2028	09	01	1	0.6	0.6	144583	-1111	1.83562	-1111	2.91636	
14153	1853971200	2028	10	01	1	0.6	0.6	144906	-1111	1.83562	-1111	2.91611	
14184	1856649600	2028	11	01	1	0.6	0.6	145252	-1111	1.83562	-1111	3.03741	
14214	1859241600	2028	12	01	1	0.6	0.6	145602	-1111	1.83562	-1111	3.0899	
14245	1861920000	2029	01	01	1	0.6	0.6	145926	-1111	1.83562	-1111	3.37501	
14276	1864598400	2029	02	01	1	0.6	0.6	146232	-1111	1.78125	-1111	3.44837	
14304	1867017600	2029	03	01	1	0.6	0.6	146528	-1111	1.78125	-1111	3.62489	
14335	1869696000	2029	04	01	1	0.6	0.6	146850	-1111	1.78125	-1111	3.86801	
14365	1872288000	2029	05	01	1	0.6	0.6	147213	-1111	1.78125	-1111	4.16567	
14396	1874966400	2029	06	01	1	0.6	0.6	147541	-1111	1.78125	-1111	4.42083	
14426	1877558400	2029	07	01	1	0.6	0.6	147863	-1111	1.78125	-1111	4.47231	
14457	1880236800	2029	08	01	1	0.6	0.6	148211	-1111	1.78125	-1111	4.75549	
14488	1882915200	2029	09	01	1	0.6	0.6	148547	-1111	1.78125	-1111	4.97009	
14518	1885507200	2029	10	01	1	0.6	0.6	148827	-1111	1.78125	-1111	4.99225	
14549	1888185600	2029	11	01	1	0.6	0.6	149212	-1111	1.78125	-1111	5.10477	
14579	1890777600	2029	12	01	1	0.6	0.6	149520	-1111	1.78125	-1111	5.38379	
14610	1893456000	2030	01	01	1	0.6	0.6	149883	-1111	1.78125	-1111	5.32503	
