0	631152000	1990	01	01	1	0.6	0.5	50000	-1111	0	-1111	4.60061	
31	633830400	1990	02	01	1	0	0	50106	-1111	0	-1111	12.5786	
59	636249600	1990	03	01	1	0	0	50224	-1111	0	-1111	15.544	
90	638928000	1990	04	01	1	0	0	50322	-1111	0	-1111	14.9881	
120	641520000	1990	05	01	1	0	0	50446	-1111	0	-1111	17.8899	
151	644198400	1990	06	01	1	0	0	50571	-1111	0	-1111	19.0521	
181	646790400	1990	07	01	1	0	0	50673	-1111	0	-1111	20.4272	
212	649468800	1990	08	01	1	0	0	50784	-1111	0	-1111	20.8403	
243	652147200	1990	09	01	1	0	0	50892	-1111	0	-1111	21.0015	
273	654739200	1990	10	01	1	0	0	50972	-1111	0	-1111	20.6342	
304	657417600	1990	11	01	1	0	0	51076	-1111	0	-1111	19.5588	
334	660009600	1990	12	01	1	0	0	51167	-1111	0	-1111	18.6289	
365	662688000	1991	01	01	1	0	0	51267	-1111	0	-1111	17.7771	
396	665366400	1991	02	01	1	0	0	51349	-1111	0	-1111	16.8471	
424	667785600	1991	03	01	1	0	0	51447	-1111	0	-1111	15.695	
455	670464000	1991	04	01	1	0	0	51564	-1111	0	-1111	14.0773	
485	673056000	1991	05	01	1	0	0	51674	-1111	0	-1111	12.9447	
516	675734400	1991	06	01	1	0	0	51805	-1111	0	-1111	11.9221	
546	678326400	1991	07	01	1	0	0	51912	-1111	0	-1111	10.7209	
577	681004800	1991	08	01	1	0	0	52049	-1111	0	-1111	9.56599	
608	683683200	1991	09	01	1	0	0	52188	-1111	0	-1111	8.54944	
638	686275200	1991	10	01	1	0	0	52320	-1111	0	-1111	7.97868	
669	688953600	1991	11	01	1	0	0	52436	-1111	0	-1111	7.35627	
699	691545600	1991	12	01	1	0	0	52567	-1111	0	-1111	7.04012	
730	694224000	1992	01	01	1	0	0	52686	-1111	0	-1111	6.37199	
761	696902400	1992	02	01	1	0	0	52838	-1111	5.40922	-1111	5.73273	
790	699408000	1992	03	01	1	0	0	52944	-1111	5.40922	-1111	5.33657	
821	702086400	1992	04	01	1	0	0	53058	-1111	5.40922	-1111	5.19658	
851	704678400	1992	05	01	1	0	0	53197	-1111	5.40922	-1111	5.19785	
882	707356800	1992	06	01	1	0	0	53325	-1111	5.40922	-1111	5.24328	
912	709948800	1992	07	01	1	0	0	53448	-1111	5.40922	-1111	5.3434	
943	712627200	1992	08	01	1	0	0	53596	-1111	5.40922	-1111	5.4989	
974	715305600	1992	09	01	1	0	0	53713	-1111	5.40922	-1111	5.52582	
1004	717897600	1992	10	01	1	0	0	53855	-1111	5.40922	-1111	5.90364	
1035	720576000	1992	11	01	1	0	0	53985	-1111	5.40922	-1111	6.18075	
1065	723168000	1992	12	01	1	0	0	54099	-1111	5.40922	-1111	6.62755	
1096	725846400	1993	01	01	1	0	0	54260	-1111	5.40922	-1111	6.77393	
1127	728524800	1993	02	01	1	0	0	54378	-1111	2.97434	-1111	6.8828	
1155	730944000	1993	03	01	1	0	0	54468	-1111	2.97434	-1111	7.21147	
1186	733622400	1993	04	01	1	0	0	54611	-1111	2.97434	-1111	7.57428	
1216	736214400	1993	05	01	1	0	0	54729	-1111	2.97434	-1111	7.97606	
1247	738892800	1993	06	01	1	0	0	54832	-1111	2.97434	-1111	8.19207	
1277	741484800	1993	07	01	1	0	0	54963	-1111	2.97434	-1111	8.34265	
1308	744163200	1993	08	01	1	0	0	55054	-1111	2.97434	-1111	8.662	
1339	746841600	1993	09	01	1	0	0	55170	-1111	2.97434	-1111	9.02881	
1369	749433600	1993	10	01	1	0	0	55287	-1111	2.97434	-1111	9.18943	
1400	752112000	1993	11	01	1	0	0	55416	-1111	2.97434	-1111	9.58985	
1430	754704000	1993	12	01	1	0	0	55543	-1111	2.97434	-1111	9.5499	
1461	757382400	1994	01	01	1	0	0	55682	-1111	2.97434	-1111	9.22872	
1492	760060800	1994	02	01	1	0	0	55792	-1111	4.5462	-1111	9.02522	
1520	762480000	1994	03	01	1	0	0	55921	-1111	4.5462	-1111	8.92081	
1551	765158400	1994	04	01	1	0	0	56056	-1111	4.5462	-1111	9.14454	
1581	767750400	1994	05	01	1	0	0	56197	-1111	4.5462	-1111	9.01531	
1612	770428800	1994	06	01	1	0	0	56318	-1111	4.5462	-1111	9.06351	
1642	773020800	1994	07	01	1	0	0	56427	-1111	4.5462	-1111	8.66627	
1673	775699200	1994	08	01	1	0	0	56548	-1111	4.5462	-1111	8.64604	
1704	778377600	1994	09	01	1	0	0	56673	-1111	4.5462	-1111	8.27561	
1734	780969600	1994	10	01	1	0	0	56779	-1111	4.5462	-1111	8.2442	
1765	783648000	1994	11	01	1	0	0	56914	-1111	4.5462	-1111	8.54545	
1795	786240000	1994	12	01	1	0	0	57033	-1111	4.5462	-1111	8.06545	
1826	788918400	1995	01	01	1	0	0	57192	-1111	4.5462	-1111	8.05155	
1857	791596800	1995	02	01	1	0	0	57314	-1111	4.47919	-1111	8.04772	
1885	794016000	1995	03	01	1	0	0	57440	-1111	4.47919	-1111	7.66891	
1916	796694400	1995	04	01	1	0	0	57561	-1111	4.47919	-1111	7.65336	
1946	799286400	1995	05	01	1	0	0	57686	-1111	4.47919	-1111	7.84116	
1977	801964800	1995	06	01	1	0	0	57830	-1111	4.47919	-1111	7.871	
2007	804556800	1995	07	01	1	0	0	57951	-1111	4.47919	-1111	7.69951	
2038	807235200	1995	08	01	1	0	0	58062	-1111	4.47919	-1111	7.55206	
2069	809913600	1995	09	01	1	0	0	58217	-1111	4.47919	-1111	7.46828	
2099	812505600	1995	10	01	1	0	0	58364	-1111	4.47919	-1111	7.56442	
2130	815184000	1995	11	01	1	0	0	58518	-1111	4.47919	-1111	7.52209	
2160	817776000	1995	12	01	1	0	0	58671	-1111	4.47919	-1111	7.66473	
2191	820454400	1996	01	01	1	0	0	58795	-1111	4.47919	-1111	7.94536	
2222	823132800	1996	02	01	1	0	0	58949	-1111	3.90946	-1111	7.88797	
2251	825638400	1996	03	01	1	0	0	59101	-1111	3.90946	-1111	7.81183	
2282	828316800	1996	04	01	1	0	0	59244	-1111	3.90946	-1111	8.02051	
2312	830908800	1996	05	01	1	0	0	59391	-1111	3.90946	-1111	7.888	
2343	833587200	1996	06	01	1	0	0	59516	-1111	3.90946	-1111	8.11923	
2373	836179200	1996	07	01	1	0	0	59646	-1111	3.90946	-1111	8.13978	
2404	838857600	1996	08	01	1	0	0	59784	-1111	3.90946	-1111	8.05088	
2435	841536000	1996	09	01	1	0	0	59916	-1111	3.90946	-1111	8.10505	
2465	844128000	1996	10	01	1	0	0	60056	-1111	3.90946	-1111	8.0555	
2496	846806400	1996	11	01	1	0	0	60201	-1111	3.90946	-1111	8.06998	
2526	849398400	1996	12	01	1	0	0	60327	-1111	3.90946	-1111	8.16355	
2557	852076800	1997	01	01	1	0	0	60459	-1111	3.90946	-1111	8.41016	
2588	854755200	1997	02	01	1	0	0	60581	-1111	4.09779	-1111	8.39249	
2616	857174400	1997	03	01	1	0	0	60700	-1111	4.09779	-1111	8.41588	
2647	859852800	1997	04	01	1	0	0	60819	-1111	4.09779	-1111	8.33509	
2677	862444800	1997	05	01	1	0	0	60959	-1111	4.09779	-1111	8.26493	
2708	865123200	1997	06	01	1	0	0	61104	-1111	4.09779	-1111	8.27083	
2738	867715200	1997	07	01	1	0	0	61260	-1111	4.09779	-1111	8.11718	
2769	870393600	1997	08	01	1	0	0	61407	-1111	4.09779	-1111	8.39498	
2800	873072000	1997	09	01	1	0	0	61563	-1111	4.09779	-1111	8.27073	
2830	875664000	1997	10	01	1	0	0	61732	-1111	4.09779	-1111	8.50621	
2861	878342400	1997	11	01	1	0	0	61876	-1111	4.09779	-1111	8.77485	
2891	880934400	1997	12	01	1	0	0	61999	-1111	4.09779	-1111	8.5584	
2922	883612800	1998	01	01	1	0	0	62133	-1111	4.09779	-1111	8.14708	
2953	886291200	1998	02	01	1	0	0	62232	-1111	4.2439	-1111	7.98737	
2981	888710400	1998	03	01	1	0	0	62361	-1111	4.2439	-1111	7.80224	
3012	891388800	1998	04	01	1	0	0	62482	-1111	4.2439	-1111	7.84487	
3042	893980800	1998	05	01	1	0	0	62608	-1111	4.2439	-1111	7.97854	
3073	896659200	1998	06	01	1	0	0	62731	-1111	4.2439	-1111	8.16465	
3103	899251200	1998	07	01	1	0	0	62869	-1111	4.2439	-1111	8.14205	
3134	901929600	1998	08	01	1	0	0	63039	-1111	4.2439	-1111	8.12778	
3165	904608000	1998	09	01	1	0	0	63193	-1111	4.2439	-1111	8.0398	
3195	907200000	1998	10	01	1	0	0	63321	-1111	4.2439	-1111	8.05824	
3226	909878400	1998	11	01	1	0	0	63459	-1111	4.2439	-1111	8.13432	
3256	912470400	1998	12	01	1	0	0	63605	-1111	4.2439	-1111	8.03899	
3287	915148800	1999	01	01	1	0	0	63762	-1111	4.2439	-1111	7.92158	
3318	917827200	1999	02	01	1	0	0	63907	-1111	4.09584	-1111	8.03726	
3346	920246400	1999	03	01	1	0	0	64047	-1111	4.09584	-1111	8.00186	
3377	922924800	1999	04	01	1	0	0	64208	-1111	4.09584	-1111	8.05693	
3407	925516800	1999	05	01	1	0	0	64359	-1111	4.09584	-1111	8.00106	
3438	928195200	1999	06	01	1	0	0	64526	-1111	4.09584	-1111	7.66502	
3468	930787200	1999	07	01	1	0	0	64708	-1111	4.09584	-1111	7.51063	
3499	933465600	1999	08	01	1	0	0	64853	-1111	4.09584	-1111	7.40692	
3530	936144000	1999	09	01	1	0	0	64992	-1111	4.09584	-1111	7.70631	
3560	938736000	1999	10	01	1	0	0	65143	-1111	4.09584	-1111	7.77108	
3591	941414400	1999	11	01	1	0	0	65306	-1111	4.09584	-1111	7.76787	
3621	944006400	1999	12	01	1	0	0	65466	-1111	4.09584	-1111	7.92455	
3652	946684800	2000	01	01	1	0	0	65582	-1111	4.09584	-1111	7.82324	
3683	949363200	2000	02	01	1	0.6	0.6	65773	-1111	4.0513	-1111	6.58273	
3712	951868800	2000	03	01	1	0.6	0.6	65912	-1111	4.0513	-1111	5.06474	
3743	954547200	2000	04	01	1	0.6	0.6	66077	-1111	4.0513	-1111	3.98437	
3773	957139200	2000	05	01	1	0.6	0.6	66239	-1111	4.0513	-1111	3.34148	
3804	959817600	2000	06	01	1	0.6	0.6	66389	-1111	4.0513	-1111	2.65536	
3834	962409600	2000	07	01	1	0.6	0.6	66537	-1111	4.0513	-1111	2.29159	
3865	965088000	2000	08	01	1	0.6	0.6	66702	-1111	4.0513	-1111	2.06363	
3896	967766400	2000	09	01	1	0.6	0.6	66895	-1111	4.0513	-1111	2.04007	
3926	970358400	2000	10	01	1	0.6	0.6	67043	-1111	4.0513	-1111	1.77719	
3957	973036800	2000	11	01	1	0.6	0.6	67180	-1111	4.0513	-1111	1.67568	
3987	975628800	2000	12	01	1	0.6	0.6	67303	-1111	4.0513	-1111	1.54919	
4018	978307200	2001	01	01	1	0.6	0.6	67461	-1111	4.0513	-1111	1.533	
4049	980985600	2001	02	01	1	0.6	0.6	67613	-1111	1.77307	-1111	1.48831	
4077	983404800	2001	03	01	1	0.6	0.6	67788	-1111	1.77307	-1111	1.47397	
4108	986083200	2001	04	01	1	0.6	0.6	67945	-1111	1.77307	-1111	1.32213	
4138	988675200	2001	05	01	1	0.6	0.6	68096	-1111	1.77307	-1111	1.23522	
4169	991353600	2001	06	01	1	0.6	0.6	68250	-1111	1.77307	-1111	1.25496	
4199	993945600	2001	07	01	1	0.6	0.6	68406	-1111	1.77307	-1111	1.31327	
4230	996624000	2001	08	01	1	0.6	0.6	68584	-1111	1.77307	-1111	1.43676	
4261	999302400	2001	09	01	1	0.6	0.6	68736	-1111	1.77307	-1111	1.45825	
4291	1001894400	2001	10	01	1	0.6	0.6	68921	-1111	1.77307	-1111	1.55151	
4322	1004572800	2001	11	01	1	0.6	0.6	69083	-1111	1.77307	-1111	1.6917	
4352	1007164800	2001	12	01	1	0.6	0.6	69243	-1111	1.77307	-1111	1.64621	
4383	1009843200	2002	01	01	1	0.6	0.6	69416	-1111	1.77307	-1111	1.71772	
4414	1012521600	2002	02	01	1	0.6	0.6	69626	-1111	0.99819	-1111	1.96559	
4442	1014940800	2002	03	01	1	0.6	0.6	69780	-1111	0.99819	-1111	2.18986	
4473	1017619200	2002	04	01	1	0.6	0.6	69939	-1111	0.99819	-1111	2.46725	
4503	1020211200	2002	05	01	1	0.6	0.6	70127	-1111	0.99819	-1111	2.51768	
4534	1022889600	2002	06	01	1	0.6	0.6	70285	-1111	0.99819	-1111	2.3991	
4564	1025481600	2002	07	01	1	0.6	0.6	70411	-1111	0.99819	-1111	2.62921	
4595	1028160000	2002	08	01	1	0.6	0.6	70564	-1111	0.99819	-1111	2.77778	
4626	1030838400	2002	09	01	1	0.6	0.6	70746	-1111	0.99819	-1111	3.04458	
4656	1033430400	2002	10	01	1	0.6	0.6	70910	-1111	0.99819	-1111	3.43862	
4687	1036108800	2002	11	01	1	0.6	0.6	71084	-1111	0.99819	-1111	3.59917	
4717	1038700800	2002	12	01	1	0.6	0.6	71216	-1111	0.99819	-1111	3.53513	
4748	1041379200	2003	01	01	1	0.6	0.6	71391	-1111	0.99819	-1111	3.79472	
4779	1044057600	2003	02	01	1	0.6	0.6	71562	-1111	1.84137	-1111	3.87485	
4807	1046476800	2003	03	01	1	0.6	0.6	71702	-1111	1.84137	-1111	3.88177	
4838	1049155200	2003	04	01	1	0.6	0.6	71869	-1111	1.84137	-1111	4.1547	
4868	1051747200	2003	05	01	1	0.6	0.6	72045	-1111	1.84137	-1111	4.29509	
4899	1054425600	2003	06	01	1	0.6	0.6	72191	-1111	1.84137	-1111	4.37534	
4929	1057017600	2003	07	01	1	0.6	0.6	72378	-1111	1.84137	-1111	4.47532	
4960	1059696000	2003	08	01	1	0.6	0.6	72529	-1111	1.84137	-1111	4.6917	
4991	1062374400	2003	09	01	1	0.6	0.6	72724	-1111	1.84137	-1111	4.86043	
5021	1064966400	2003	10	01	1	0.6	0.6	72882	-1111	1.84137	-1111	4.74839	
5052	1067644800	2003	11	01	1	0.6	0.6	73072	-1111	1.84137	-1111	4.79303	
5082	1070236800	2003	12	01	1	0.6	0.6	73219	-1111	1.84137	-1111	4.65331	
5113	1072915200	2004	01	01	1	0.6	0.6	73392	-1111	1.84137	-1111	4.37351	
5144	1075593600	2004	02	01	1	0.6	0.6	73561	-1111	2.84385	-1111	4.48535	
5173	1078099200	2004	03	01	1	0.6	0.6	73717	-1111	2.84385	-1111	4.47513	
5204	1080777600	2004	04	01	1	0.6	0.6	73889	-1111	2.84385	-1111	4.50252	
5234	1083369600	2004	05	01	1	0.6	0.6	74055	-1111	2.84385	-1111	4.3922	
5265	1086048000	2004	06	01	1	0.6	0.6	74254	-1111	2.84385	-1111	4.4823	
5295	1088640000	2004	07	01	1	0.6	0.6	74432	-1111	2.84385	-1111	4.3742	
5326	1091318400	2004	08	01	1	0.6	0.6	74631	-1111	2.84385	-1111	4.49045	
5357	1093996800	2004	09	01	1	0.6	0.6	74834	-1111	2.84385	-1111	4.32552	
5387	1096588800	2004	10	01	1	0.6	0.6	74961	-1111	2.84385	-1111	4.19019	
5418	1099267200	2004	11	01	1	0.6	0.6	75127	-1111	2.84385	-1111	4.25465	
5448	1101859200	2004	12	01	1	0.6	0.6	75257	-1111	2.84385	-1111	4.19934	
5479	1104537600	2005	01	01	1	0.6	0.6	75442	-1111	2.84385	-1111	4.09354	
5510	1107216000	2005	02	01	1	0.6	0.6	75609	-1111	2.82771	-1111	3.97507	
5538	1109635200	2005	03	01	1	0.6	0.6	75799	-1111	2.82771	-1111	3.88213	
5569	1112313600	2005	04	01	1	0.6	0.6	75987	-1111	2.82771	-1111	3.79905	
5599	1114905600	2005	05	01	1	0.6	0.6	76175	-1111	2.82771	-1111	3.94675	
5630	1117584000	2005	06	01	1	0.6	0.6	76333	-1111	2.82771	-1111	3.90244	
5660	1120176000	2005	07	01	1	0.6	0.6	76506	-1111	2.82771	-1111	3.93018	
5691	1122854400	2005	08	01	1	0.6	0.6	76709	-1111	2.82771	-1111	3.95632	
5722	1125532800	2005	09	01	1	0.6	0.6	76917	-1111	2.82771	-1111	4.03818	
5752	1128124800	2005	10	01	1	0.6	0.6	77097	-1111	2.82771	-1111	4.0311	
5783	1130803200	2005	11	01	1	0.6	0.6	77302	-1111	2.82771	-1111	3.96939	
5813	1133395200	2005	12	01	1	0.6	0.6	77491	-1111	2.82771	-1111	4.16751	
5844	1136073600	2006	01	01	1	0.6	0.6	77689	-1111	2.82771	-1111	3.9935	
5875	1138752000	2006	02	01	1	0.6	0.6	77851	-1111	2.53439	-1111	4.20781	
5903	1141171200	2006	03	01	1	0.6	0.6	78004	-1111	2.53439	-1111	4.04469	
5934	1143849600	2006	04	01	1	0.6	0.6	78167	-1111	2.53439	-1111	4.10807	
5964	1146441600	2006	05	01	1	0.6	0.6	78343	-1111	2.53439	-1111	4.12309	
5995	1149120000	2006	06	01	1	0.6	0.6	78545	-1111	2.53439	-1111	4.21448	
6025	1151712000	2006	07	01	1	0.6	0.6	78738	-1111	2.53439	-1111	4.36585	
6056	1154390400	2006	08	01	1	0.6	0.6	78934	-1111	2.53439	-1111	4.66342	
6087	1157068800	2006	09	01	1	0.6	0.6	79147	-1111	2.53439	-1111	4.79992	
6117	1159660800	2006	10	01	1	0.6	0.6	79332	-1111	2.53439	-1111	4.87467	
6148	1162339200	2006	11	01	1	0.6	0.6	79529	-1111	2.53439	-1111	4.93271	
6178	1164931200	2006	12	01	1	0.6	0.6	79736	-1111	2.53439	-1111	4.94486	
6209	1167609600	2007	01	01	1	0.6	0.6	79924	-1111	2.53439	-1111	5.07957	
6240	1170288000	2007	02	01	1	0.6	0.6	80140	-1111	2.75026	-1111	5.39942	
6268	1172707200	2007	03	01	1	0.6	0.6	80342	-1111	2.75026	-1111	5.43222	
6299	1175385600	2007	04	01	1	0.6	0.6	80513	-1111	2.75026	-1111	5.48998	
6329	1177977600	2007	05	01	1	0.6	0.6	80700	-1111	2.75026	-1111	5.63752	
6360	1180656000	2007	06	01	1	0.6	0.6	80888	-1111	2.75026	-1111	5.55772	
6390	1183248000	2007	07	01	1	0.6	0.6	81067	-1111	2.75026	-1111	5.47525	
6421	1185926400	2007	08	01	1	0.6	0.6	81231	-1111	2.75026	-1111	5.53293	
6452	1188604800	2007	09	01	1	0.6	0.6	81427	-1111	2.75026	-1111	5.60309	
6482	1191196800	2007	10	01	1	0.6	0.6	81608	-1111	2.75026	-1111	5.86533	
6513	1193875200	2007	11	01	1	0.6	0.6	81785	-1111	2.75026	-1111	5.9132	
6543	1196467200	2007	12	01	1	0.6	0.6	82012	-1111	2.75026	-1111	5.87671	
6574	1199145600	2008	01	01	1	0.6	0.6	82208	-1111	2.75026	-1111	5.96644	
6605	1201824000	2008	02	01	1	0.6	0.6	82378	-1111	3.20834	-1111	6.13637	
6634	1204329600	2008	03	01	1	0.6	0.6	82555	-1111	3.20834	-1111	6.34021	
6665	1207008000	2008	04	01	1	0.6	0.6	82753	-1111	3.20834	-1111	6.36286	
6695	1209600000	2008	05	01	1	0.6	0.6	82941	-1111	3.20834	-1111	6.52885	
6726	1212278400	2008	06	01	1	0.6	0.6	83147	-1111	3.20834	-1111	6.12699	
6756	1214870400	2008	07	01	1	0.6	0.6	83318	-1111	3.20834	-1111	6.01898	
6787	1217548800	2008	08	01	1	0.6	0.6	83503	-1111	3.20834	-1111	5.99143	
6818	1220227200	2008	09	01	1	0.6	0.6	83703	-1111	3.20834	-1111	6.04994	
6848	1222819200	2008	10	01	1	0.6	0.6	83884	-1111	3.20834	-1111	5.90385	
6879	1225497600	2008	11	01	1	0.6	0.6	84063	-1111	3.20834	-1111	5.13877	
6909	1228089600	2008	12	01	1	0.6	0.6	84252	-1111	3.20834	-1111	4.47511	
6940	1230768000	2009	01	01	1	0.6	0.6	84410	-1111	3.20834	-1111	4.25077	
6971	1233446400	2009	02	01	1	0.6	0.6	84636	-1111	3.29394	-1111	3.91612	
6999	1235865600	2009	03	01	1	0.6	0.6	84825	-1111	3.29394	-1111	3.61179	
7030	1238544000	2009	04	01	1	0.6	0.6	85027	-1111	3.29394	-1111	3.41176	
7060	1241136000	2009	05	01	1	0.6	0.6	85221	-1111	3.29394	-1111	3.15814	
7091	1243814400	2009	06	01	1	0.6	0.6	85385	-1111	3.29394	-1111	3.128	
7121	1246406400	2009	07	01	1	0.6	0.6	85563	-1111	3.29394	-1111	2.94198	
7152	1249084800	2009	08	01	1	0.6	0.6	85760	-1111	3.29394	-1111	2.94493	
7183	1251763200	2009	09	01	1	0.6	0.6	85980	-1111	3.29394	-1111	2.94211	
7213	1254355200	2009	10	01	1	0.6	0.6	86155	-1111	3.29394	-1111	2.84845	
7244	1257033600	2009	11	01	1	0.6	0.6	86345	-1111	3.29394	-1111	2.60105	
7274	1259625600	2009	12	01	1	0.6	0.6	86554	-1111	3.29394	-1111	2.69636	
7305	1262304000	2010	01	01	1	0.6	0.6	86771	-1111	3.29394	-1111	2.75287	
7336	1264982400	2010	02	01	1	0.6	0.6	86979	-1111	1.94568	-1111	2.71109	
7364	1267401600	2010	03	01	1	0.6	0.6	87188	-1111	1.94568	-1111	2.77267	
7395	1270080000	2010	04	01	1	0.6	0.6	87402	-1111	1.94568	-1111	2.62263	
7425	1272672000	2010	05	01	1	0.6	0.6	87593	-1111	1.94568	-1111	2.64874	
7456	1275350400	2010	06	01	1	0.6	0.6	87826	-1111	1.94568	-1111	2.70174	
7486	1277942400	2010	07	01	1	0.6	0.6	88027	-1111	1.94568	-1111	2.85294	
7517	1280620800	2010	08	01	1	0.6	0.6	88261	-1111	1.94568	-1111	2.94405	
7548	1283299200	2010	09	01	1	0.6	0.6	88492	-1111	1.94568	-1111	2.90754	
7578	1285891200	2010	10	01	1	0.6	0.6	88697	-1111	1.94568	-1111	2.94638	
7609	1288569600	2010	11	01	1	0.6	0.6	88946	-1111	1.94568	-1111	3.04436	
7639	1291161600	2010	12	01	1	0.6	0.6	89145	-1111	1.94568	-1111	3.27927	
7670	1293840000	2011	01	01	1	0.6	0.6	89354	-1111	1.94568	-1111	3.6915	
7701	1296518400	2011	02	01	1	0.6	0.6	89563	-1111	1.8528	-1111	3.97613	
7729	1298937600	2011	03	01	1	0.6	0.6	89754	-1111	1.8528	-1111	4.18016	
7760	1301616000	2011	04	01	1	0.6	0.6	89974	-1111	1.8528	-1111	4.40079	
7790	1304208000	2011	05	01	1	0.6	0.6	90175	-1111	1.8528	-1111	4.44232	
7821	1306886400	2011	06	01	1	0.6	0.6	90352	-1111	1.8528	-1111	4.35843	
7851	1309478400	2011	07	01	1	0.6	0.6	90564	-1111	1.8528	-1111	4.70496	
7882	1312156800	2011	08	01	1	0.6	0.6	90770	-1111	1.8528	-1111	4.70568	
7913	1314835200	2011	09	01	1	0.6	0.6	90987	-1111	1.8528	-1111	4.91398	
7943	1317427200	2011	10	01	1	0.6	0.6	91194	-1111	1.8528	-1111	5.04387	
7974	1320105600	2011	11	01	1	0.6	0.6	91418	-1111	1.8528	-1111	5.20757	
8004	1322697600	2011	12	01	1	0.6	0.6	91637	-1111	1.8528	-1111	5.17338	
8035	1325376000	2012	01	01	1	0.6	0.6	91855	-1111	1.8528	-1111	5.3243	
8066	1328054400	2012	02	01	1	0.6	0.6	92009	-1111	2.90336	-1111	5.33339	
8095	1330560000	2012	03	01	1	0.6	0.6	92238	-1111	2.90336	-1111	5.38567	
8126	1333238400	2012	04	01	1	0.6	0.6	92428	-1111	2.90336	-1111	5.39205	
8156	1335830400	2012	05	01	1	0.6	0.6	92616	-1111	2.90336	-1111	5.35327	
8187	1338508800	2012	06	01	1	0.6	0.6	92831	-1111	2.90336	-1111	5.55579	
8217	1341100800	2012	07	01	1	0.6	0.6	92994	-1111	2.90336	-1111	5.55955	
8248	1343779200	2012	08	01	1	0.6	0.6	93178	-1111	2.90336	-1111	5.32198	
8279	1346457600	2012	09	01	1	0.6	0.6	93372	-1111	2.90336	-1111	5.50328	
8309	1349049600	2012	10	01	1	0.6	0.6	93610	-1111	2.90336	-1111	5.55719	
8340	1351728000	2012	11	01	1	0.6	0.6	93803	-1111	2.90336	-1111	5.70199	
8370	1354320000	2012	12	01	1	0.6	0.6	94043	-1111	2.90336	-1111	5.85663	
8401	1356998400	2013	01	01	1	0.6	0.6	94267	-1111	2.90336	-1111	5.97672	
8432	1359676800	2013	02	01	1	0.6	0.6	94479	-1111	3.29395	-1111	6.21729	
8460	1362096000	2013	03	01	1	0.6	0.6	94685	-1111	3.29395	-1111	6.31191	
8491	1364774400	2013	04	01	1	0.6	0.6	94858	-1111	3.29395	-1111	6.59563	
8521	1367366400	2013	05	01	1	0.6	0.6	95061	-1111	3.29395	-1111	6.68455	
8552	1370044800	2013	06	01	1	0.6	0.6	95271	-1111	3.29395	-1111	6.67134	
8582	1372636800	2013	07	01	1	0.6	0.6	95486	-1111	3.29395	-1111	6.61435	
8613	1375315200	2013	08	01	1	0.6	0.6	95695	-1111	3.29395	-1111	6.61912	
8644	1377993600	2013	09	01	1	0.6	0.6	95885	-1111	3.29395	-1111	6.30494	
8674	1380585600	2013	10	01	1	0.6	0.6	96081	-1111	3.29395	-1111	6.15416	
8705	1383264000	2013	11	01	1	0.6	0.6	96318	-1111	3.29395	-1111	5.91201	
8735	1385856000	2013	12	01	1	0.6	0.6	96536	-1111	3.29395	-1111	5.91905	
8766	1388534400	2014	01	01	1	0.6	0.6	96752	-1111	3.29395	-1111	5.78609	
8797	1391212800	2014	02	01	1	0.6	0.6	96994	-1111	3.4686	-1111	5.6478	
8825	1393632000	2014	03	01	1	0.6	0.6	97191	-1111	3.4686	-1111	5.41836	
8856	1396310400	2014	04	01	1	0.6	0.6	97412	-1111	3.4686	-1111	5.3165	
8886	1398902400	2014	05	01	1	0.6	0.6	97624	-1111	3.4686	-1111	5.26548	
8917	1401580800	2014	06	01	1	0.6	0.6	97889	-1111	3.4686	-1111	5.22965	
8947	1404172800	2014	07	01	1	0.6	0.6	98103	-1111	3.4686	-1111	5.35171	
8978	1406851200	2014	08	01	1	0.6	0.6	98350	-1111	3.4686	-1111	5.21246	
9009	1409529600	2014	09	01	1	0.6	0.6	98620	-1111	3.4686	-1111	5.03695	
9039	1412121600	2014	10	01	1	0.6	0.6	98855	-1111	3.4686	-1111	5.21497	
9070	1414800000	2014	11	01	1	0.6	0.6	99073	-1111	3.4686	-1111	4.74088	
9100	1417392000	2014	12	01	1	0.6	0.6	99268	-1111	3.4686	-1111	4.16452	
9131	1420070400	2015	01	01	1	0.6	0.6	99532	-1111	3.4686	-1111	3.8151	
9162	1422748800	2015	02	01	1	0.6	0.6	99756	-1111	2.82779	-1111	3.46284	
9190	1425168000	2015	03	01	1	0.6	0.6	99964	-1111	2.82779	-1111	3.27443	
9221	1427846400	2015	04	01	1	0.6	0.6	100215	-1111	2.82779	-1111	3.14404	
9251	1430438400	2015	05	01	1	0.6	0.6	100453	-1111	2.82779	-1111	2.89997	
9282	1433116800	2015	06	01	1	0.6	0.6	100726	-1111	2.82779	-1111	2.78028	
9312	1435708800	2015	07	01	1	0.6	0.6	100953	-1111	2.82779	-1111	2.71667	
9343	1438387200	2015	08	01	1	0.6	0.6	101208	-1111	2.82779	-1111	2.60335	
9374	1441065600	2015	09	01	1	0.6	0.6	101467	-1111	2.82779	-1111	2.67386	
9404	1443657600	2015	10	01	1	0.6	0.6	101698	-1111	2.82779	-1111	2.69048	
9435	1446336000	2015	11	01	1	0.6	0.6	101908	-1111	2.82779	-1111	2.65941	
9465	1448928000	2015	12	01	1	0.6	0.6	102128	-1111	2.82779	-1111	2.61109	
9496	1451606400	2016	01	01	1	0.6	0.6	102387	-1111	2.82779	-1111	2.52215	
9527	1454284800	2016	02	01	1	0.6	0.6	102627	-1111	1.81054	-1111	2.58614	
9556	1456790400	2016	03	01	1	0.6	0.6	102861	-1111	1.81054	-1111	2.58355	
9587	1459468800	2016	04	01	1	0.6	0.6	103115	-1111	1.81054	-1111	2.6703	
9617	1462060800	2016	05	01	1	0.6	0.6	103327	-1111	1.81054	-1111	2.49933	
9648	1464739200	2016	06	01	1	0.6	0.6	103597	-1111	1.81054	-1111	2.60192	
9678	1467331200	2016	07	01	1	0.6	0.6	103853	-1111	1.81054	-1111	2.79694	
9709	1470009600	2016	08	01	1	0.6	0.6	104070	-1111	1.81054	-1111	2.90395	
9740	1472688000	2016	09	01	1	0.6	0.6	104341	-1111	1.81054	-1111	3.03753	
9770	1475280000	2016	10	01	1	0.6	0.6	104542	-1111	1.81054	-1111	3.05594	
9801	1477958400	2016	11	01	1	0.6	0.6	104801	-1111	1.81054	-1111	3.29099	
9831	1480550400	2016	12	01	1	0.6	0.6	105021	-1111	1.81054	-1111	3.63342	
9862	1483228800	2017	01	01	1	0.6	0.6	105294	-1111	1.81054	-1111	3.96638	
9893	1485907200	2017	02	01	1	0.6	0.6	105528	-1111	1.9148	-1111	4.21206	
9921	1488326400	2017	03	01	1	0.6	0.6	105752	-1111	1.9148	-1111	4.51097	
9952	1491004800	2017	04	01	1	0.6	0.6	105997	-1111	1.9148	-1111	4.91076	
9982	1493596800	2017	05	01	1	0.6	0.6	106247	-1111	1.9148	-1111	5.17318	
10013	1496275200	2017	06	01	1	0.6	0.6	106507	-1111	1.9148	-1111	5.35635	
10043	1498867200	2017	07	01	1	0.6	0.6	106758	-1111	1.9148	-1111	5.84144	
10074	1501545600	2017	08	01	1	0.6	0.6	107017	-1111	1.9148	-1111	6.03779	
10105	1504224000	2017	09	01	1	0.6	0.6	107286	-1111	1.9148	-1111	6.23551	
10135	1506816000	2017	10	01	1	0.6	0.6	107495	-1111	1.9148	-1111	6.18318	
10166	1509494400	2017	11	01	1	0.6	0.6	107782	-1111	1.9148	-1111	6.17207	
10196	1512086400	2017	12	01	1	0.6	0.6	108007	-1111	1.9148	-1111	6.08192	
10227	1514764800	2018	01	01	1	0.6	0.6	108249	-1111	1.9148	-1111	6.15683	
10258	1517443200	2018	02	01	1	0.6	0.6	108499	-1111	3.32314	-1111	6.29103	
10286	1519862400	2018	03	01	1	0.6	0.6	108759	-1111	3.32314	-1111	6.06259	
10317	1522540800	2018	04	01	1	0.6	0.6	108991	-1111	3.32314	-1111	6.09977	
10347	1525132800	2018	05	01	1	0.6	0.6	109223	-1111	3.32314	-1111	6.18381	
10378	1527811200	2018	06	01	1	0.6	0.6	109485	-1111	3.32314	-1111	5.88746	
10408	1530403200	2018	07	01	1	0.6	0.6	109734	-1111	3.32314	-1111	6.12068	
10439	1533081600	2018	08	01	1	0.6	0.6	109998	-1111	3.32314	-1111	5.87855	
10470	1535760000	2018	09	01	1	0.6	0.6	110241	-1111	3.32314	-1111	5.81383	
10500	1538352000	2018	10	01	1	0.6	0.6	110498	-1111	3.32314	-1111	5.5663	
10531	1541030400	2018	11	01	1	0.6	0.6	110776	-1111	3.32314	-1111	5.82184	
10561	1543622400	2018	12	01	1	0.6	0.6	110995	-1111	3.32314	-1111	6.0287	
10592	1546300800	2019	01	01	1	0.6	0.6	111238	-1111	3.32314	-1111	6.17038	
10623	1548979200	2019	02	01	1	0.6	0.6	111458	-1111	3.48435	-1111	6.27573	
10651	1551398400	2019	03	01	1	0.6	0.6	111710	-1111	3.48435	-1111	6.09186	
10682	1554076800	2019	04	01	1	0.6	0.6	111997	-1111	3.48435	-1111	6.16777	
10712	1556668800	2019	05	01	1	0.6	0.6	112251	-1111	3.48435	-1111	6.07493	
10743	1559347200	2019	06	01	1	0.6	0.6	112524	-1111	3.48435	-1111	6.03906	
10773	1561939200	2019	07	01	1	0.6	0.6	112771	-1111	3.48435	-1111	6.05487	
10804	1564617600	2019	08	01	1	0.6	0.6	113045	-1111	3.48435	-1111	6.12345	
10835	1567296000	2019	09	01	1	0.6	0.6	113315	-1111	3.48435	-1111	6.01787	
10865	1569888000	2019	10	01	1	0.6	0.6	113589	-1111	3.48435	-1111	5.67267	
10896	1572566400	2019	11	01	1	0.6	0.6	113831	-1111	3.48435	-1111	5.85561	
10926	1575158400	2019	12	01	1	0.6	0.6	114095	-1111	3.48435	-1111	5.80775	
10957	1577836800	2020	01	01	1	0.6	0.6	114401	-1111	3.48435	-1111	5.83561	
10988	1580515200	2020	02	01	1	0.6	0.6	114661	-1111	3.2538	-1111	5.93141	
11017	1583020800	2020	03	01	1	0.6	0.6	114940	-1111	3.2538	-1111	5.70418	
11048	1585699200	2020	04	01	1	0.6	0.6	115207	-1111	3.2538	-1111	5.6849	
11078	1588291200	2020	05	01	1	0.6	0.6	115426	-1111	3.2538	-1111	5.59132	
11109	1590969600	2020	06	01	1	0.6	0.6	115704	-1111	3.2538	-1111	5.47712	
11139	1593561600	2020	07	01	1	0.6	0.6	115974	-1111	3.2538	-1111	5.3487	
11170	1596240000	2020	08	01	1	0.6	0.6	116240	-1111	3.2538	-1111	5.35037	
11201	1598918400	2020	09	01	1	0.6	0.6	116511	-1111	3.2538	-1111	5.38165	
11231	1601510400	2020	10	01	1	0.6	0.6	116773	-1111	3.2538	-1111	5.24933	
11262	1604188800	2020	11	01	1	0.6	0.6	117020	-1111	3.2538	-1111	4.60515	
11292	1606780800	2020	12	01	1	0.6	0.6	117276	-1111	3.2538	-1111	3.86021	
11323	1609459200	2021	01	01	1	0.6	0.6	117557	-1111	3.2538	-1111	3.76916	
11354	1612137600	2021	02	01	1	0.6	0.6	117868	-1111	2.8828	-1111	3.55663	
11382	1614556800	2021	03	01	1	0.6	0.6	118132	-1111	2.8828	-1111	3.32277	
11413	1617235200	2021	04	01	1	0.6	0.6	118429	-1111	2.8828	-1111	3.3117	
11443	1619827200	2021	05	01	1	0.6	0.6	118748	-1111	2.8828	-1111	3.10477	
11474	1622505600	2021	06	01	1	0.6	0.6	119037	-1111	2.8828	-1111	2.98725	
11504	1625097600	2021	07	01	1	0.6	0.6	119309	-1111	2.8828	-1111	2.81983	
11535	1627776000	2021	08	01	1	0.6	0.6	119589	-1111	2.8828	-1111	2.65668	
11566	1630454400	2021	09	01	1	0.6	0.6	119842	-1111	2.8828	-1111	2.7571	
11596	1633046400	2021	10	01	1	0.6	0.6	120119	-1111	2.8828	-1111	2.69223	
11627	1635724800	2021	11	01	1	0.6	0.6	120463	-1111	2.8828	-1111	2.60111	
11657	1638316800	2021	12	01	1	0.6	0.6	120729	-1111	2.8828	-1111	2.63872	
11688	1640995200	2022	01	01	1	0.6	0.6	121036	-1111	2.8828	-1111	2.51263	
11719	1643673600	2022	02	01	1	0.6	0.6	121288	-1111	1.80423	-1111	2.62884	
11747	1646092800	2022	03	01	1	0.6	0.6	121595	-1111	1.80423	-1111	2.68011	
11778	1648771200	2022	04	01	1	0.6	0.6	121877	-1111	1.80423	-1111	2.60282	
11808	1651363200	2022	05	01	1	0.6	0.6	122160	-1111	1.80423	-1111	2.61052	
11839	1654041600	2022	06	01	1	0.6	0.6	122471	-1111	1.80423	-1111	2.63412	
11869	1656633600	2022	07	01	1	0.6	0.6	122775	-1111	1.80423	-1111	2.77573	
11900	1659312000	2022	08	01	1	0.6	0.6	123076	-1111	1.80423	-1111	2.96443	
11931	1661990400	2022	09	01	1	0.6	0.6	123365	-1111	1.80423	-1111	3.11063	
11961	1664582400	2022	10	01	1	0.6	0.6	123628	-1111	1.80423	-1111	3.08766	
11992	1667260800	2022	11	01	1	0.6	0.6	123944	-1111	1.80423	-1111	3.00156	
12022	1669852800	2022	12	01	1	0.6	0.6	124245	-1111	1.80423	-1111	3.28082	
12053	1672531200	2023	01	01	1	0.6	0.6	124508	-1111	1.80423	-1111	3.57946	
12084	1675209600	2023	02	01	1	0.6	0.6	124823	-1111	1.83803	-1111	3.87247	
12112	1677628800	2023	03	01	1	0.6	0.6	125104	-1111	1.83803	-1111	4.08979	
12143	1680307200	2023	04	01	1	0.6	0.6	125404	-1111	1.83803	-1111	4.33759	
12173	1682899200	2023	05	01	1	0.6	0.6	125711	-1111	1.83803	-1111	4.67202	
12204	1685577600	2023	06	01	1	0.6	0.6	125997	-1111	1.83803	-1111	5.02058	
12234	1688169600	2023	07	01	1	0.6	0.6	126301	-1111	1.83803	-1111	5.21361	
12265	1690848000	2023	08	01	1	0.6	0.6	126604	-1111	1.83803	-1111	5.51169	
12296	1693526400	2023	09	01	1	0.6	0.6	126908	-1111	1.83803	-1111	5.7816	
12326	1696118400	2023	10	01	1	0.6	0.6	127221	-1111	1.83803	-1111	6.13908	
12357	1698796800	2023	11	01	1	0.6	0.6	127492	-1111	1.83803	-1111	6.22389	
12387	1701388800	2023	12	01	1	0.6	0.6	127804	-1111	1.83803	-1111	6.00877	
12418	1704067200	2024	01	01	1	0.6	0.6	128078	-1111	1.83803	-1111	6.13735	
12449	1706745600	2024	02	01	1	0.6	0.6	128370	-1111	3.1869	-1111	6.46027	
12478	1709251200	2024	03	01	1	0.6	0.6	128646	-1111	3.1869	-1111	6.57907	
12509	1711929600	2024	04	01	1	0.6	0.6	128999	-1111	3.1869	-1111	6.51336	
12539	1714521600	2024	05	01	1	0.6	0.6	129331	-1111	3.1869	-1111	6.57855	
12570	1717200000	2024	06	01	1	0.6	0.6	129609	-1111	3.1869	-1111	6.50693	
12600	1719792000	2024	07	01	1	0.6	0.6	129889	-1111	3.1869	-1111	6.34162	
12631	1722470400	2024	08	01	1	0.6	0.6	130193	-1111	3.1869	-1111	6.13449	
12662	1725148800	2024	09	01	1	0.6	0.6	130469	-1111	3.1869	-1111	6.12019	
12692	1727740800	2024	10	01	1	0.6	0.6	130733	-1111	3.1869	-1111	6.15013	
12723	1730419200	2024	11	01	1	0.6	0.6	131024	-1111	3.1869	-1111	6.08584	
12753	1733011200	2024	12	01	1	0.6	0.6	131318	-1111	3.1869	-1111	6.04784	
12784	1735689600	2025	01	01	1	0.6	0.6	131663	-1111	3.1869	-1111	6.31719	
12815	1738368000	2025	02	01	1	0.6	0.6	131958	-1111	3.67724	-1111	6.2524	
12843	1740787200	2025	03	01	1	0.6	0.6	132274	-1111	3.67724	-1111	5.97213	
12874	1743465600	2025	04	01	1	0.6	0.6	132567	-1111	3.67724	-1111	5.89774	
12904	1746057600	2025	05	01	1	0.6	0.6	132873	-1111	3.67724	-1111	5.93454	
12935	1748736000	2025	06	01	1	0.6	0.6	133174	-1111	3.67724	-1111	5.81287	
12965	1751328000	2025	07	01	1	0.6	0.6	133460	-1111	3.67724	-1111	5.8223	
12996	1754006400	2025	08	01	1	0.6	0.6	133779	-1111	3.67724	-1111	5.75188	
13027	1756684800	2025	09	01	1	0.6	0.6	134068	-1111	3.67724	-1111	5.74633	
13057	1759276800	2025	10	01	1	0.6	0.6	134366	-1111	3.67724	-1111	5.7373	
13088	1761955200	2025	11	01	1	0.6	0.6	134672	-1111	3.67724	-1111	5.54945	
13118	1764547200	2025	12	01	1	0.6	0.6	134992	-1111	3.67724	-1111	5.53026	
13149	1767225600	2026	01	01	1	0.6	0.6	135346	-1111	3.67724	-1111	5.55348	
13180	1769904000	2026	02	01	1	0.6	0.6	135659	-1111	3.17766	-1111	5.6871	
13208	1772323200	2026	03	01	1	0.6	0.6	135958	-1111	3.17766	-1111	5.56286	
13239	1775001600	2026	04	01	1	0.6	0.6	136254	-1111	3.17766	-1111	5.58247	
13269	1777593600	2026	05	01	1	0.6	0.6	136569	-1111	3.17766	-1111	5.74781	
13300	1780272000	2026	06	01	1	0.6	0.6	136909	-1111	3.17766	-1111	5.65599	
13330	1782864000	2026	07	01	1	0.6	0.6	137197	-1111	3.17766	-1111	5.59456	
13361	1785542400	2026	08	01	1	0.6	0.6	137536	-1111	3.17766	-1111	5.68692	
13392	1788220800	2026	09	01	1	0.6	0.6	137863	-1111	3.17766	-1111	5.49956	
13422	1790812800	2026	10	01	1	0.6	0.6	138151	-1111	3.17766	-1111	5.35679	
13453	1793491200	2026	11	01	1	0.6	0.6	138464	-1111	3.17766	-1111	5.31984	
13483	1796083200	2026	12	01	1	0.6	0.6	138796	-1111	3.17766	-1111	4.9892	
13514	1798761600	2027	01	01	1	0.6	0.6	139151	-1111	3.17766	-1111	4.16911	
13545	1801440000	2027	02	01	1	0.6	0.6	139499	-1111	2.98819	-1111	3.70515	
13573	1803859200	2027	03	01	1	0.6	0.6	139819	-1111	2.98819	-1111	3.40068	
13604	1806537600	2027	04	01	1	0.6	0.6	140125	-1111	2.98819	-1111	3.08508	
13634	1809129600	2027	05	01	1	0.6	0.6	140449	-1111	2.98819	-1111	2.89321	
13665	1811808000	2027	06	01	1	0.6	0.6	140734	-1111	2.98819	-1111	2.8164	
13695	1814400000	2027	07	01	1	0.6	0.6	140990	-1111	2.98819	-1111	2.81954	
13726	1817078400	2027	08	01	1	0.6	0.6	141333	-1111	2.98819	-1111	2.82899	
13757	1819756800	2027	09	01	1	0.6	0.6	141668	-1111	2.98819	-1111	2.69765	
13787	1822348800	2027	10	01	1	0.6	0.6	142000	-1111	2.98819	-1111	2.49507	
13818	1825027200	2027	11	01	1	0.6	0.6	142328	-1111	2.98819	-1111	2.37327	
13848	1827619200	2027	12	01	1	0.6	0.6	142645	-1111	2.98819	-1111	2.24033	
13879	1830297600	2028	01	01	1	0.6	0.6	142987	-1111	2.98819	-1111	2.2073	
13910	1832976000	2028	02	01	1	0.6	0.6	143342	-1111	1.78646	-1111	2.10723	
13939	1835481600	2028	03	01	1	0.6	0.6	143640	-1111	1.78646	-1111	2.21044	
13970	1838160000	2028	04	01	1	0.6	0.6	143990	-1111	1.78646	-1111	2.26653	
14000	1840752000	2028	05	01	1	0.6	0.6	144317	-1111	1.78646	-1111	2.19899	
14031	1843430400	2028	06	01	1	0.6	0.6	144680	-1111	1.78646	-1111	2.41084	
14061	1846022400	2028	07	01	1	0.6	0.6	144999	-1111	1.78646	-1111	2.45558	
14092	1848700800	2028	08	01	1	0.6	0.6	145298	-1111	1.78646	-1111	2.64947	
14123	1851379200	2028	09	01	1	0.6	0.6	145613	-1111	1.78646	-1111	2.69809	
14153	1853971200	2028	10	01	1	0.6	0.6	145921	-1111	1.78646	-1111	2.89539	
14184	1856649600	2028	11	01	1	0.6	0.6	146232	-1111	1.78646	-1111	2.87445	
14214	1859241600	2028	12	01	1	0.6	0.6	146553	-1111	1.78646	-1111	2.99674	
14245	1861920000	2029	01	01	1	0.6	0.6	146924	-1111	1.78646	-1111	3.09404	
14276	1864598400	2029	02	01	1	0.6	0.6	147261	-1111	1.72696	-1111	3.18857	
14304	1867017600	2029	03	01	1	0.6	0.6	147553	-1111	1.72696	-1111	3.27537	
14335	1869696000	2029	04	01	1	0.6	0.6	147899	-1111	1.72696	-1111	3.30253	
14365	1872288000	2029	05	01	1	0.6	0.6	148245	-1111	1.72696	-1111	3.25654	
14396	1874966400	2029	06	01	1	0.6	0.6	148582	-1111	1.72696	-1111	3.36227	
14426	1877558400	2029	07	01	1	0.6	0.6	148887	-1111	1.72696	-1111	3.48448	
14457	1880236800	2029	08	01	1	0.6	0.6	149252	-1111	1.72696	-1111	3.60717	
14488	1882915200	2029	09	01	1	0.6	0.6	149598	-1111	1.72696	-1111	3.61891	
14518	1885507200	2029	10	01	1	0.6	0.6	149932	-1111	1.72696	-1111	3.69044	
14549	1888185600	2029	11	01	1	0.6	0.6	150256	-1111	1.72696	-1111	3.61159	
14579	1890777600	2029	12	01	1	0.6	0.6	150558	-1111	1.72696	-1111	3.63025	
14610	1893456000	2030	01	01	1	0.6	0.6	150940	-1111	1.72696	-1111	3.57548	
