current_time	sclock_to_time	year	month	day	seasonal_fac	treated_p_5-	treated_p_5+	population	sep	EIR_loc_yr	sep	blood_slide_prev	bsp_2_10	bsp_0_5	sep	monthly_new_inf	sep	mon_treatment	sep	mon_clinical_ep	sep	KNY--C1x	KNY--C1X	KNY--C2x	KNY--C2X	KNY--Y1x	KNY--Y1X	KNY--Y2x	KNY--Y2X	KYY--C1x	KYY--C1X	KYY--C2x	KYY--C2X	KYY--Y1x	KYY--Y1X	KYY--Y2x	KYY--Y2X	KNF--C1x	KNF--C1X	KNF--C2x	KNF--C2X	KNF--Y1x	KNF--Y1X	KNF--Y2x	KNF--Y2X	KYF--C1x	KYF--C1X	KYF--C2x	KYF--C2X	KYF--Y1x	KYF--Y1X	KYF--Y2x	KYF--Y2X	KNYNYC1x	KNYNYC1X	KNYNYC2x	KNYNYC2X	KNYNYY1x	KNYNYY1X	KNYNYY2x	KNYNYY2X	KYYYYC1x	KYYYYC1X	KYYYYC2x	KYYYYC2X	KYYYYY1x	KYYYYY1X	KYYYYY2x	KYYYYY2X	KNFNFC1x	KNFNFC1X	KNFNFC2x	KNFNFC2X	KNFNFY1x	KNFNFY1X	KNFNFY2x	KNFNFY2X	KYFYFC1x	KYFYFC1X	KYFYFC2x	KYFYFC2X	KYFYFY1x	KYFYFY1X	KYFYFY2x	KYFYFY2X	TNY--C1x	TNY--C1X	TNY--C2x	TNY--C2X	TNY--Y1x	TNY--Y1X	TNY--Y2x	TNY--Y2X	TYY--C1x	TYY--C1X	TYY--C2x	TYY--C2X	TYY--Y1x	TYY--Y1X	TYY--Y2x	TYY--Y2X	TNF--C1x	TNF--C1X	TNF--C2x	TNF--C2X	TNF--Y1x	TNF--Y1X	TNF--Y2x	TNF--Y2X	TYF--C1x	TYF--C1X	TYF--C2x	TYF--C2X	TYF--Y1x	TYF--Y1X	TYF--Y2x	TYF--Y2X	TNYNYC1x	TNYNYC1X	TNYNYC2x	TNYNYC2X	TNYNYY1x	TNYNYY1X	TNYNYY2x	TNYNYY2X	TYYYYC1x	TYYYYC1X	TYYYYC2x	TYYYYC2X	TYYYYY1x	TYYYYY1X	TYYYYY2x	TYYYYY2X	TNFNFC1x	TNFNFC1X	TNFNFC2x	TNFNFC2X	TNFNFY1x	TNFNFY1X	TNFNFY2x	TNFNFY2X	TYFYFC1x	TYFYFC1X	TYFYFC2x	TYFYFC2X	TYFYFY1x	TYFYFY1X	TYFYFY2x	TYFYFY2X	sep	KNY--C1x	KNY--C1X	KNY--C2x	KNY--C2X	KNY--Y1x	KNY--Y1X	KNY--Y2x	KNY--Y2X	KYY--C1x	KYY--C1X	KYY--C2x	KYY--C2X	KYY--Y1x	KYY--Y1X	KYY--Y2x	KYY--Y2X	KNF--C1x	KNF--C1X	KNF--C2x	KNF--C2X	KNF--Y1x	KNF--Y1X	KNF--Y2x	KNF--Y2X	KYF--C1x	KYF--C1X	KYF--C2x	KYF--C2X	KYF--Y1x	KYF--Y1X	KYF--Y2x	KYF--Y2X	KNYNYC1x	KNYNYC1X	KNYNYC2x	KNYNYC2X	KNYNYY1x	KNYNYY1X	KNYNYY2x	KNYNYY2X	KYYYYC1x	KYYYYC1X	KYYYYC2x	KYYYYC2X	KYYYYY1x	KYYYYY1X	KYYYYY2x	KYYYYY2X	KNFNFC1x	KNFNFC1X	KNFNFC2x	KNFNFC2X	KNFNFY1x	KNFNFY1X	KNFNFY2x	KNFNFY2X	KYFYFC1x	KYFYFC1X	KYFYFC2x	KYFYFC2X	KYFYFY1x	KYFYFY1X	KYFYFY2x	KYFYFY2X	TNY--C1x	TNY--C1X	TNY--C2x	TNY--C2X	TNY--Y1x	TNY--Y1X	TNY--Y2x	TNY--Y2X	TYY--C1x	TYY--C1X	TYY--C2x	TYY--C2X	TYY--Y1x	TYY--Y1X	TYY--Y2x	TYY--Y2X	TNF--C1x	TNF--C1X	TNF--C2x	TNF--C2X	TNF--Y1x	TNF--Y1X	TNF--Y2x	TNF--Y2X	TYF--C1x	TYF--C1X	TYF--C2x	TYF--C2X	TYF--Y1x	TYF--Y1X	TYF--Y2x	TYF--Y2X	TNYNYC1x	TNYNYC1X	TNYNYC2x	TNYNYC2X	TNYNYY1x	TNYNYY1X	TNYNYY2x	TNYNYY2X	TYYYYC1x	TYYYYC1X	TYYYYC2x	TYYYYC2X	TYYYYY1x	TYYYYY1X	TYYYYY2x	TYYYYY2X	TNFNFC1x	TNFNFC1X	TNFNFC2x	TNFNFC2X	TNFNFY1x	TNFNFY1X	TNFNFY2x	TNFNFY2X	TYFYFC1x	TYFYFC1X	TYFYFC2x	TYFYFC2X	TYFYFY1x	TYFYFY1X	TYFYFY2x	TYFYFY2X 	
0	631152000	1990	01	01	1	0.6	0.5	50000	-1111	0	-1111	5.00398	
31	633830400	1990	02	01	1	0	0	50108	-1111	0	-1111	12.1921	
59	636249600	1990	03	01	1	0	0	50227	-1111	0	-1111	15.0402	
90	638928000	1990	04	01	1	0	0	50349	-1111	0	-1111	14.6767	
120	641520000	1990	05	01	1	0	0	50440	-1111	0	-1111	17.5309	
151	644198400	1990	06	01	1	0	0	50561	-1111	0	-1111	18.5448	
181	646790400	1990	07	01	1	0	0	50684	-1111	0	-1111	19.8527	
212	649468800	1990	08	01	1	0	0	50784	-1111	0	-1111	20.2512	
243	652147200	1990	09	01	1	0	0	50889	-1111	0	-1111	20.2239	
273	654739200	1990	10	01	1	0	0	50975	-1111	0	-1111	19.496	
304	657417600	1990	11	01	1	0	0	51094	-1111	0	-1111	19.1104	
334	660009600	1990	12	01	1	0	0	51192	-1111	0	-1111	18.1851	
365	662688000	1991	01	01	1	0	0	51309	-1111	0	-1111	17.3553	
396	665366400	1991	02	01	1	0	0	51380	-1111	0	-1111	15.7571	
424	667785600	1991	03	01	1	0	0	51477	-1111	0	-1111	14.4702	
455	670464000	1991	04	01	1	0	0	51588	-1111	0	-1111	13.4279	
485	673056000	1991	05	01	1	0	0	51709	-1111	0	-1111	12.347	
516	675734400	1991	06	01	1	0	0	51805	-1111	0	-1111	11.4424	
546	678326400	1991	07	01	1	0	0	51924	-1111	0	-1111	10.5096	
577	681004800	1991	08	01	1	0	0	52054	-1111	0	-1111	9.28148	
608	683683200	1991	09	01	1	0	0	52186	-1111	0	-1111	8.30852	
638	686275200	1991	10	01	1	0	0	52311	-1111	0	-1111	7.67852	
669	688953600	1991	11	01	1	0	0	52443	-1111	0	-1111	6.77915	
699	691545600	1991	12	01	1	0	0	52580	-1111	0	-1111	6.54713	
730	694224000	1992	01	01	1	0	0	52709	-1111	0	-1111	6.05831	
761	696902400	1992	02	01	1	0	0	52829	-1111	5.16959	-1111	5.91443	
790	699408000	1992	03	01	1	0	0	52971	-1111	5.16959	-1111	5.40438	
821	702086400	1992	04	01	1	0	0	53113	-1111	5.16959	-1111	5.48813	
851	704678400	1992	05	01	1	0	0	53222	-1111	5.16959	-1111	5.39848	
882	707356800	1992	06	01	1	0	0	53375	-1111	5.16959	-1111	5.62754	
912	709948800	1992	07	01	1	0	0	53502	-1111	5.16959	-1111	5.59025	
943	712627200	1992	08	01	1	0	0	53637	-1111	5.16959	-1111	5.97667	
974	715305600	1992	09	01	1	0	0	53740	-1111	5.16959	-1111	6.09095	
1004	717897600	1992	10	01	1	0	0	53847	-1111	5.16959	-1111	6.38554	
1035	720576000	1992	11	01	1	0	0	53962	-1111	5.16959	-1111	6.52304	
1065	723168000	1992	12	01	1	0	0	54075	-1111	5.16959	-1111	6.4567	
1096	725846400	1993	01	01	1	0	0	54189	-1111	5.16959	-1111	6.79022	
1127	728524800	1993	02	01	1	0	0	54298	-1111	3.0501	-1111	7.52066	
1155	730944000	1993	03	01	1	0	0	54400	-1111	3.0501	-1111	7.71772	
1186	733622400	1993	04	01	1	0	0	54517	-1111	3.0501	-1111	8.22956	
1216	736214400	1993	05	01	1	0	0	54661	-1111	3.0501	-1111	8.71096	
1247	738892800	1993	06	01	1	0	0	54775	-1111	3.0501	-1111	9.18551	
1277	741484800	1993	07	01	1	0	0	54880	-1111	3.0501	-1111	9.0018	
1308	744163200	1993	08	01	1	0	0	55034	-1111	3.0501	-1111	9.08412	
1339	746841600	1993	09	01	1	0	0	55138	-1111	3.0501	-1111	9.34336	
1369	749433600	1993	10	01	1	0	0	55249	-1111	3.0501	-1111	9.40756	
1400	752112000	1993	11	01	1	0	0	55381	-1111	3.0501	-1111	9.60994	
1430	754704000	1993	12	01	1	0	0	55488	-1111	3.0501	-1111	9.63398	
1461	757382400	1994	01	01	1	0	0	55608	-1111	3.0501	-1111	9.47119	
1492	760060800	1994	02	01	1	0	0	55735	-1111	4.61335	-1111	9.30233	
1520	762480000	1994	03	01	1	0	0	55851	-1111	4.61335	-1111	9.36922	
1551	765158400	1994	04	01	1	0	0	55956	-1111	4.61335	-1111	9.46794	
1581	767750400	1994	05	01	1	0	0	56085	-1111	4.61335	-1111	8.92067	
1612	770428800	1994	06	01	1	0	0	56209	-1111	4.61335	-1111	8.70301	
1642	773020800	1994	07	01	1	0	0	56328	-1111	4.61335	-1111	8.54116	
1673	775699200	1994	08	01	1	0	0	56472	-1111	4.61335	-1111	8.44791	
1704	778377600	1994	09	01	1	0	0	56622	-1111	4.61335	-1111	8.05907	
1734	780969600	1994	10	01	1	0	0	56771	-1111	4.61335	-1111	7.86212	
1765	783648000	1994	11	01	1	0	0	56916	-1111	4.61335	-1111	7.54509	
1795	786240000	1994	12	01	1	0	0	57047	-1111	4.61335	-1111	7.50073	
1826	788918400	1995	01	01	1	0	0	57176	-1111	4.61335	-1111	7.53916	
1857	791596800	1995	02	01	1	0	0	57317	-1111	4.21755	-1111	7.50348	
1885	794016000	1995	03	01	1	0	0	57445	-1111	4.21755	-1111	7.51297	
1916	796694400	1995	04	01	1	0	0	57563	-1111	4.21755	-1111	7.4309	
1946	799286400	1995	05	01	1	0	0	57666	-1111	4.21755	-1111	7.55459	
1977	801964800	1995	06	01	1	0	0	57789	-1111	4.21755	-1111	7.72641	
2007	804556800	1995	07	01	1	0	0	57917	-1111	4.21755	-1111	7.87905	
2038	807235200	1995	08	01	1	0	0	58084	-1111	4.21755	-1111	7.85409	
2069	809913600	1995	09	01	1	0	0	58237	-1111	4.21755	-1111	7.80594	
2099	812505600	1995	10	01	1	0	0	58368	-1111	4.21755	-1111	7.77697	
2130	815184000	1995	11	01	1	0	0	58523	-1111	4.21755	-1111	7.80244	
2160	817776000	1995	12	01	1	0	0	58667	-1111	4.21755	-1111	7.44381	
2191	820454400	1996	01	01	1	0	0	58816	-1111	4.21755	-1111	7.34243	
2222	823132800	1996	02	01	1	0	0	58955	-1111	3.8224	-1111	7.22944	
2251	825638400	1996	03	01	1	0	0	59074	-1111	3.8224	-1111	7.60689	
2282	828316800	1996	04	01	1	0	0	59198	-1111	3.8224	-1111	7.8471	
2312	830908800	1996	05	01	1	0	0	59334	-1111	3.8224	-1111	7.86121	
2343	833587200	1996	06	01	1	0	0	59445	-1111	3.8224	-1111	8.05605	
2373	836179200	1996	07	01	1	0	0	59571	-1111	3.8224	-1111	8.09045	
2404	838857600	1996	08	01	1	0	0	59709	-1111	3.8224	-1111	8.319	
2435	841536000	1996	09	01	1	0	0	59856	-1111	3.8224	-1111	8.57449	
2465	844128000	1996	10	01	1	0	0	59996	-1111	3.8224	-1111	8.60767	
2496	846806400	1996	11	01	1	0	0	60142	-1111	3.8224	-1111	8.74973	
2526	849398400	1996	12	01	1	0	0	60271	-1111	3.8224	-1111	8.63759	
2557	852076800	1997	01	01	1	0	0	60398	-1111	3.8224	-1111	9.04063	
2588	854755200	1997	02	01	1	0	0	60525	-1111	4.13671	-1111	9.46653	
2616	857174400	1997	03	01	1	0	0	60640	-1111	4.13671	-1111	9.74127	
2647	859852800	1997	04	01	1	0	0	60782	-1111	4.13671	-1111	9.45021	
2677	862444800	1997	05	01	1	0	0	60925	-1111	4.13671	-1111	9.1967	
2708	865123200	1997	06	01	1	0	0	61065	-1111	4.13671	-1111	8.78416	
2738	867715200	1997	07	01	1	0	0	61183	-1111	4.13671	-1111	8.67516	
2769	870393600	1997	08	01	1	0	0	61333	-1111	4.13671	-1111	8.78767	
2800	873072000	1997	09	01	1	0	0	61460	-1111	4.13671	-1111	8.58879	
2830	875664000	1997	10	01	1	0	0	61614	-1111	4.13671	-1111	8.88966	
2861	878342400	1997	11	01	1	0	0	61753	-1111	4.13671	-1111	9.00181	
2891	880934400	1997	12	01	1	0	0	61883	-1111	4.13671	-1111	8.59321	
2922	883612800	1998	01	01	1	0	0	62016	-1111	4.13671	-1111	8.71936	
2953	886291200	1998	02	01	1	0	0	62164	-1111	4.44854	-1111	8.39873	
2981	888710400	1998	03	01	1	0	0	62323	-1111	4.44854	-1111	8.1298	
3012	891388800	1998	04	01	1	0	0	62441	-1111	4.44854	-1111	8.29572	
3042	893980800	1998	05	01	1	0	0	62574	-1111	4.44854	-1111	8.21918	
3073	896659200	1998	06	01	1	0	0	62693	-1111	4.44854	-1111	8.36797	
3103	899251200	1998	07	01	1	0	0	62822	-1111	4.44854	-1111	8.15313	
3134	901929600	1998	08	01	1	0	0	62973	-1111	4.44854	-1111	8.16796	
3165	904608000	1998	09	01	1	0	0	63120	-1111	4.44854	-1111	8.0729	
3195	907200000	1998	10	01	1	0	0	63271	-1111	4.44854	-1111	8.26931	
3226	909878400	1998	11	01	1	0	0	63420	-1111	4.44854	-1111	8.23648	
3256	912470400	1998	12	01	1	0	0	63580	-1111	4.44854	-1111	7.75365	
3287	915148800	1999	01	01	1	0	0	63722	-1111	4.44854	-1111	7.50803	
3318	917827200	1999	02	01	1	0	0	63864	-1111	3.99637	-1111	7.42052	
3346	920246400	1999	03	01	1	0	0	63986	-1111	3.99637	-1111	7.5405	
3377	922924800	1999	04	01	1	0	0	64112	-1111	3.99637	-1111	8.0016	
3407	925516800	1999	05	01	1	0	0	64245	-1111	3.99637	-1111	8.09698	
3438	928195200	1999	06	01	1	0	0	64392	-1111	3.99637	-1111	8.21637	
3468	930787200	1999	07	01	1	0	0	64540	-1111	3.99637	-1111	8.10936	
3499	933465600	1999	08	01	1	0	0	64675	-1111	3.99637	-1111	7.99789	
3530	936144000	1999	09	01	1	0	0	64808	-1111	3.99637	-1111	8.02757	
3560	938736000	1999	10	01	1	0	0	64955	-1111	3.99637	-1111	7.76217	
3591	941414400	1999	11	01	1	0	0	65131	-1111	3.99637	-1111	7.9186	
3621	944006400	1999	12	01	1	0	0	65273	-1111	3.99637	-1111	8.09264	
3652	946684800	2000	01	01	1	0	0	65406	-1111	3.99637	-1111	8.09515	
3683	949363200	2000	02	01	1	0.6	0.6	65578	-1111	3.90345	-1111	6.9152	
3712	951868800	2000	03	01	1	0.6	0.6	65733	-1111	3.90345	-1111	5.05973	
3743	954547200	2000	04	01	1	0.6	0.6	65894	-1111	3.90345	-1111	3.78605	
3773	957139200	2000	05	01	1	0.6	0.6	66066	-1111	3.90345	-1111	3.45481	
3804	959817600	2000	06	01	1	0.6	0.6	66235	-1111	3.90345	-1111	3.14521	
3834	962409600	2000	07	01	1	0.6	0.6	66399	-1111	3.90345	-1111	2.59335	
3865	965088000	2000	08	01	1	0.6	0.6	66548	-1111	3.90345	-1111	2.28904	
3896	967766400	2000	09	01	1	0.6	0.6	66714	-1111	3.90345	-1111	1.9935	
3926	970358400	2000	10	01	1	0.6	0.6	66882	-1111	3.90345	-1111	1.7768	
3957	973036800	2000	11	01	1	0.6	0.6	67045	-1111	3.90345	-1111	1.63647	
3987	975628800	2000	12	01	1	0.6	0.6	67200	-1111	3.90345	-1111	1.51642	
4018	978307200	2001	01	01	1	0.6	0.6	67345	-1111	3.90345	-1111	1.63554	
4049	980985600	2001	02	01	1	0.6	0.6	67541	-1111	1.79862	-1111	1.82659	
4077	983404800	2001	03	01	1	0.6	0.6	67684	-1111	1.79862	-1111	1.71198	
4108	986083200	2001	04	01	1	0.6	0.6	67851	-1111	1.79862	-1111	1.47398	
4138	988675200	2001	05	01	1	0.6	0.6	67992	-1111	1.79862	-1111	1.32239	
4169	991353600	2001	06	01	1	0.6	0.6	68157	-1111	1.79862	-1111	1.61195	
4199	993945600	2001	07	01	1	0.6	0.6	68318	-1111	1.79862	-1111	1.55075	
4230	996624000	2001	08	01	1	0.6	0.6	68462	-1111	1.79862	-1111	1.68687	
4261	999302400	2001	09	01	1	0.6	0.6	68593	-1111	1.79862	-1111	1.60037	
4291	1001894400	2001	10	01	1	0.6	0.6	68755	-1111	1.79862	-1111	1.73427	
4322	1004572800	2001	11	01	1	0.6	0.6	68951	-1111	1.79862	-1111	1.71114	
4352	1007164800	2001	12	01	1	0.6	0.6	69118	-1111	1.79862	-1111	1.79263	
4383	1009843200	2002	01	01	1	0.6	0.6	69287	-1111	1.79862	-1111	1.89125	
4414	1012521600	2002	02	01	1	0.6	0.6	69437	-1111	0.999991	-1111	1.90596	
4442	1014940800	2002	03	01	1	0.6	0.6	69607	-1111	0.999991	-1111	1.92264	
4473	1017619200	2002	04	01	1	0.6	0.6	69773	-1111	0.999991	-1111	1.99121	
4503	1020211200	2002	05	01	1	0.6	0.6	69918	-1111	0.999991	-1111	2.0537	
4534	1022889600	2002	06	01	1	0.6	0.6	70084	-1111	0.999991	-1111	2.16541	
4564	1025481600	2002	07	01	1	0.6	0.6	70230	-1111	0.999991	-1111	2.20779	
4595	1028160000	2002	08	01	1	0.6	0.6	70385	-1111	0.999991	-1111	2.30947	
4626	1030838400	2002	09	01	1	0.6	0.6	70526	-1111	0.999991	-1111	2.13651	
4656	1033430400	2002	10	01	1	0.6	0.6	70693	-1111	0.999991	-1111	2.38923	
4687	1036108800	2002	11	01	1	0.6	0.6	70859	-1111	0.999991	-1111	2.63408	
4717	1038700800	2002	12	01	1	0.6	0.6	71051	-1111	0.999991	-1111	2.80426	
4748	1041379200	2003	01	01	1	0.6	0.6	71212	-1111	0.999991	-1111	2.76865	
4779	1044057600	2003	02	01	1	0.6	0.6	71375	-1111	1.44734	-1111	2.90056	
4807	1046476800	2003	03	01	1	0.6	0.6	71519	-1111	1.44734	-1111	2.83975	
4838	1049155200	2003	04	01	1	0.6	0.6	71717	-1111	1.44734	-1111	3.13208	
4868	1051747200	2003	05	01	1	0.6	0.6	71884	-1111	1.44734	-1111	3.30064	
4899	1054425600	2003	06	01	1	0.6	0.6	72051	-1111	1.44734	-1111	3.31461	
4929	1057017600	2003	07	01	1	0.6	0.6	72209	-1111	1.44734	-1111	3.3862	
4960	1059696000	2003	08	01	1	0.6	0.6	72344	-1111	1.44734	-1111	3.4426	
4991	1062374400	2003	09	01	1	0.6	0.6	72506	-1111	1.44734	-1111	3.58862	
5021	1064966400	2003	10	01	1	0.6	0.6	72670	-1111	1.44734	-1111	3.69845	
5052	1067644800	2003	11	01	1	0.6	0.6	72847	-1111	1.44734	-1111	3.68884	
5082	1070236800	2003	12	01	1	0.6	0.6	72989	-1111	1.44734	-1111	3.67667	
5113	1072915200	2004	01	01	1	0.6	0.6	73183	-1111	1.44734	-1111	3.95404	
5144	1075593600	2004	02	01	1	0.6	0.6	73359	-1111	2.12962	-1111	4.19558	
5173	1078099200	2004	03	01	1	0.6	0.6	73564	-1111	2.12962	-1111	4.19637	
5204	1080777600	2004	04	01	1	0.6	0.6	73732	-1111	2.12962	-1111	4.21278	
5234	1083369600	2004	05	01	1	0.6	0.6	73908	-1111	2.12962	-1111	4.34202	
5265	1086048000	2004	06	01	1	0.6	0.6	74065	-1111	2.12962	-1111	4.33346	
5295	1088640000	2004	07	01	1	0.6	0.6	74232	-1111	2.12962	-1111	4.29999	
5326	1091318400	2004	08	01	1	0.6	0.6	74411	-1111	2.12962	-1111	4.41552	
5357	1093996800	2004	09	01	1	0.6	0.6	74561	-1111	2.12962	-1111	4.44303	
5387	1096588800	2004	10	01	1	0.6	0.6	74712	-1111	2.12962	-1111	4.57813	
5418	1099267200	2004	11	01	1	0.6	0.6	74899	-1111	2.12962	-1111	4.41456	
5448	1101859200	2004	12	01	1	0.6	0.6	75064	-1111	2.12962	-1111	4.47024	
5479	1104537600	2005	01	01	1	0.6	0.6	75253	-1111	2.12962	-1111	4.50691	
5510	1107216000	2005	02	01	1	0.6	0.6	75422	-1111	2.75553	-1111	4.53051	
5538	1109635200	2005	03	01	1	0.6	0.6	75564	-1111	2.75553	-1111	4.57506	
5569	1112313600	2005	04	01	1	0.6	0.6	75708	-1111	2.75553	-1111	4.60676	
5599	1114905600	2005	05	01	1	0.6	0.6	75881	-1111	2.75553	-1111	4.3976	
5630	1117584000	2005	06	01	1	0.6	0.6	76050	-1111	2.75553	-1111	4.15698	
5660	1120176000	2005	07	01	1	0.6	0.6	76217	-1111	2.75553	-1111	4.20657	
5691	1122854400	2005	08	01	1	0.6	0.6	76403	-1111	2.75553	-1111	4.26101	
5722	1125532800	2005	09	01	1	0.6	0.6	76602	-1111	2.75553	-1111	4.39611	
5752	1128124800	2005	10	01	1	0.6	0.6	76791	-1111	2.75553	-1111	4.24724	
5783	1130803200	2005	11	01	1	0.6	0.6	77009	-1111	2.75553	-1111	4.44797	
5813	1133395200	2005	12	01	1	0.6	0.6	77182	-1111	2.75553	-1111	4.37647	
5844	1136073600	2006	01	01	1	0.6	0.6	77358	-1111	2.75553	-1111	4.3764	
5875	1138752000	2006	02	01	1	0.6	0.6	77544	-1111	2.70932	-1111	4.3799	
5903	1141171200	2006	03	01	1	0.6	0.6	77718	-1111	2.70932	-1111	4.29006	
5934	1143849600	2006	04	01	1	0.6	0.6	77924	-1111	2.70932	-1111	4.04715	
5964	1146441600	2006	05	01	1	0.6	0.6	78135	-1111	2.70932	-1111	4.01169	
5995	1149120000	2006	06	01	1	0.6	0.6	78310	-1111	2.70932	-1111	4.09651	
6025	1151712000	2006	07	01	1	0.6	0.6	78475	-1111	2.70932	-1111	3.97192	
6056	1154390400	2006	08	01	1	0.6	0.6	78668	-1111	2.70932	-1111	4.10863	
6087	1157068800	2006	09	01	1	0.6	0.6	78797	-1111	2.70932	-1111	4.12015	
6117	1159660800	2006	10	01	1	0.6	0.6	78992	-1111	2.70932	-1111	3.85674	
6148	1162339200	2006	11	01	1	0.6	0.6	79153	-1111	2.70932	-1111	3.88645	
6178	1164931200	2006	12	01	1	0.6	0.6	79320	-1111	2.70932	-1111	3.96754	
6209	1167609600	2007	01	01	1	0.6	0.6	79492	-1111	2.70932	-1111	3.99106	
6240	1170288000	2007	02	01	1	0.6	0.6	79695	-1111	2.47933	-1111	4.02042	
6268	1172707200	2007	03	01	1	0.6	0.6	79898	-1111	2.47933	-1111	4.19265	
6299	1175385600	2007	04	01	1	0.6	0.6	80095	-1111	2.47933	-1111	4.02137	
6329	1177977600	2007	05	01	1	0.6	0.6	80288	-1111	2.47933	-1111	3.98737	
6360	1180656000	2007	06	01	1	0.6	0.6	80478	-1111	2.47933	-1111	3.85675	
6390	1183248000	2007	07	01	1	0.6	0.6	80648	-1111	2.47933	-1111	3.81083	
6421	1185926400	2007	08	01	1	0.6	0.6	80876	-1111	2.47933	-1111	3.98629	
6452	1188604800	2007	09	01	1	0.6	0.6	81093	-1111	2.47933	-1111	4.03379	
6482	1191196800	2007	10	01	1	0.6	0.6	81277	-1111	2.47933	-1111	4.29024	
6513	1193875200	2007	11	01	1	0.6	0.6	81480	-1111	2.47933	-1111	4.57367	
6543	1196467200	2007	12	01	1	0.6	0.6	81675	-1111	2.47933	-1111	4.69052	
6574	1199145600	2008	01	01	1	0.6	0.6	81883	-1111	2.47933	-1111	4.45666	
6605	1201824000	2008	02	01	1	0.6	0.6	82106	-1111	2.56423	-1111	4.53824	
6634	1204329600	2008	03	01	1	0.6	0.6	82282	-1111	2.56423	-1111	4.58729	
6665	1207008000	2008	04	01	1	0.6	0.6	82478	-1111	2.56423	-1111	4.72621	
6695	1209600000	2008	05	01	1	0.6	0.6	82656	-1111	2.56423	-1111	4.59715	
6726	1212278400	2008	06	01	1	0.6	0.6	82845	-1111	2.56423	-1111	4.53811	
6756	1214870400	2008	07	01	1	0.6	0.6	83028	-1111	2.56423	-1111	4.49034	
6787	1217548800	2008	08	01	1	0.6	0.6	83226	-1111	2.56423	-1111	4.67413	
6818	1220227200	2008	09	01	1	0.6	0.6	83443	-1111	2.56423	-1111	4.57936	
6848	1222819200	2008	10	01	1	0.6	0.6	83658	-1111	2.56423	-1111	4.96514	
6879	1225497600	2008	11	01	1	0.6	0.6	83809	-1111	2.56423	-1111	5.05621	
6909	1228089600	2008	12	01	1	0.6	0.6	83981	-1111	2.56423	-1111	5.15696	
6940	1230768000	2009	01	01	1	0.6	0.6	84219	-1111	2.56423	-1111	4.93347	
6971	1233446400	2009	02	01	1	0.6	0.6	84416	-1111	2.76349	-1111	5.06022	
6999	1235865600	2009	03	01	1	0.6	0.6	84598	-1111	2.76349	-1111	5.06848	
7030	1238544000	2009	04	01	1	0.6	0.6	84787	-1111	2.76349	-1111	5.07334	
7060	1241136000	2009	05	01	1	0.6	0.6	84971	-1111	2.76349	-1111	5.06727	
7091	1243814400	2009	06	01	1	0.6	0.6	85152	-1111	2.76349	-1111	5.16709	
7121	1246406400	2009	07	01	1	0.6	0.6	85347	-1111	2.76349	-1111	5.40628	
7152	1249084800	2009	08	01	1	0.6	0.6	85568	-1111	2.76349	-1111	5.57594	
7183	1251763200	2009	09	01	1	0.6	0.6	85812	-1111	2.76349	-1111	5.63355	
7213	1254355200	2009	10	01	1	0.6	0.6	86037	-1111	2.76349	-1111	5.58169	
7244	1257033600	2009	11	01	1	0.6	0.6	86267	-1111	2.76349	-1111	5.63406	
7274	1259625600	2009	12	01	1	0.6	0.6	86506	-1111	2.76349	-1111	5.72988	
7305	1262304000	2010	01	01	1	0.6	0.6	86709	-1111	2.76349	-1111	5.43971	
7336	1264982400	2010	02	01	1	0.6	0.6	86916	-1111	2.99474	-1111	5.28551	
7364	1267401600	2010	03	01	1	0.6	0.6	87099	-1111	2.99474	-1111	4.64645	
7395	1270080000	2010	04	01	1	0.6	0.6	87307	-1111	2.99474	-1111	4.2578	
7425	1272672000	2010	05	01	1	0.6	0.6	87488	-1111	2.99474	-1111	3.84839	
7456	1275350400	2010	06	01	1	0.6	0.6	87727	-1111	2.99474	-1111	3.87126	
7486	1277942400	2010	07	01	1	0.6	0.6	87936	-1111	2.99474	-1111	3.70106	
7517	1280620800	2010	08	01	1	0.6	0.6	88155	-1111	2.99474	-1111	3.4696	
7548	1283299200	2010	09	01	1	0.6	0.6	88364	-1111	2.99474	-1111	3.19762	
7578	1285891200	2010	10	01	1	0.6	0.6	88577	-1111	2.99474	-1111	3.17446	
7609	1288569600	2010	11	01	1	0.6	0.6	88775	-1111	2.99474	-1111	2.88342	
7639	1291161600	2010	12	01	1	0.6	0.6	89009	-1111	2.99474	-1111	2.75436	
7670	1293840000	2011	01	01	1	0.6	0.6	89241	-1111	2.99474	-1111	2.72755	
7701	1296518400	2011	02	01	1	0.6	0.6	89442	-1111	2.17504	-1111	2.77949	
7729	1298937600	2011	03	01	1	0.6	0.6	89624	-1111	2.17504	-1111	2.81857	
7760	1301616000	2011	04	01	1	0.6	0.6	89827	-1111	2.17504	-1111	2.74254	
7790	1304208000	2011	05	01	1	0.6	0.6	90034	-1111	2.17504	-1111	2.87324	
7821	1306886400	2011	06	01	1	0.6	0.6	90267	-1111	2.17504	-1111	2.87557	
7851	1309478400	2011	07	01	1	0.6	0.6	90458	-1111	2.17504	-1111	3.00526	
7882	1312156800	2011	08	01	1	0.6	0.6	90640	-1111	2.17504	-1111	3.18466	
7913	1314835200	2011	09	01	1	0.6	0.6	90843	-1111	2.17504	-1111	3.09893	
7943	1317427200	2011	10	01	1	0.6	0.6	91070	-1111	2.17504	-1111	3.02456	
7974	1320105600	2011	11	01	1	0.6	0.6	91253	-1111	2.17504	-1111	3.16738	
8004	1322697600	2011	12	01	1	0.6	0.6	91481	-1111	2.17504	-1111	3.27357	
8035	1325376000	2012	01	01	1	0.6	0.6	91695	-1111	2.17504	-1111	3.35923	
8066	1328054400	2012	02	01	1	0.6	0.6	91921	-1111	1.86841	-1111	3.54797	
8095	1330560000	2012	03	01	1	0.6	0.6	92088	-1111	1.86841	-1111	3.49787	
8126	1333238400	2012	04	01	1	0.6	0.6	92356	-1111	1.86841	-1111	3.5458	
8156	1335830400	2012	05	01	1	0.6	0.6	92594	-1111	1.86841	-1111	3.86914	
8187	1338508800	2012	06	01	1	0.6	0.6	92832	-1111	1.86841	-1111	3.79758	
8217	1341100800	2012	07	01	1	0.6	0.6	93042	-1111	1.86841	-1111	3.96494	
8248	1343779200	2012	08	01	1	0.6	0.6	93267	-1111	1.86841	-1111	4.23091	
8279	1346457600	2012	09	01	1	0.6	0.6	93459	-1111	1.86841	-1111	4.26066	
8309	1349049600	2012	10	01	1	0.6	0.6	93641	-1111	1.86841	-1111	4.60916	
8340	1351728000	2012	11	01	1	0.6	0.6	93853	-1111	1.86841	-1111	4.72218	
8370	1354320000	2012	12	01	1	0.6	0.6	94083	-1111	1.86841	-1111	4.8746	
8401	1356998400	2013	01	01	1	0.6	0.6	94305	-1111	1.86841	-1111	5.07835	
8432	1359676800	2013	02	01	1	0.6	0.6	94547	-1111	2.58828	-1111	5.04775	
8460	1362096000	2013	03	01	1	0.6	0.6	94729	-1111	2.58828	-1111	5.3668	
8491	1364774400	2013	04	01	1	0.6	0.6	94937	-1111	2.58828	-1111	5.26337	
8521	1367366400	2013	05	01	1	0.6	0.6	95193	-1111	2.58828	-1111	5.40452	
8552	1370044800	2013	06	01	1	0.6	0.6	95426	-1111	2.58828	-1111	5.32198	
8582	1372636800	2013	07	01	1	0.6	0.6	95609	-1111	2.58828	-1111	5.15755	
8613	1375315200	2013	08	01	1	0.6	0.6	95796	-1111	2.58828	-1111	5.17066	
8644	1377993600	2013	09	01	1	0.6	0.6	96014	-1111	2.58828	-1111	5.25117	
8674	1380585600	2013	10	01	1	0.6	0.6	96267	-1111	2.58828	-1111	5.14309	
8705	1383264000	2013	11	01	1	0.6	0.6	96519	-1111	2.58828	-1111	5.03667	
8735	1385856000	2013	12	01	1	0.6	0.6	96726	-1111	2.58828	-1111	4.94297	
8766	1388534400	2014	01	01	1	0.6	0.6	96948	-1111	2.58828	-1111	4.98971	
8797	1391212800	2014	02	01	1	0.6	0.6	97173	-1111	3.08786	-1111	5.3242	
8825	1393632000	2014	03	01	1	0.6	0.6	97368	-1111	3.08786	-1111	5.46376	
8856	1396310400	2014	04	01	1	0.6	0.6	97635	-1111	3.08786	-1111	5.61901	
8886	1398902400	2014	05	01	1	0.6	0.6	97890	-1111	3.08786	-1111	5.60016	
8917	1401580800	2014	06	01	1	0.6	0.6	98112	-1111	3.08786	-1111	5.56817	
8947	1404172800	2014	07	01	1	0.6	0.6	98341	-1111	3.08786	-1111	5.6783	
8978	1406851200	2014	08	01	1	0.6	0.6	98544	-1111	3.08786	-1111	5.80732	
9009	1409529600	2014	09	01	1	0.6	0.6	98789	-1111	3.08786	-1111	5.46748	
9039	1412121600	2014	10	01	1	0.6	0.6	99042	-1111	3.08786	-1111	5.73155	
9070	1414800000	2014	11	01	1	0.6	0.6	99283	-1111	3.08786	-1111	5.75157	
9100	1417392000	2014	12	01	1	0.6	0.6	99501	-1111	3.08786	-1111	5.81738	
9131	1420070400	2015	01	01	1	0.6	0.6	99681	-1111	3.08786	-1111	5.88812	
9162	1422748800	2015	02	01	1	0.6	0.6	99919	-1111	3.14628	-1111	5.73027	
9190	1425168000	2015	03	01	1	0.6	0.6	100121	-1111	3.14628	-1111	5.68928	
9221	1427846400	2015	04	01	1	0.6	0.6	100362	-1111	3.14628	-1111	5.62727	
9251	1430438400	2015	05	01	1	0.6	0.6	100568	-1111	3.14628	-1111	5.52207	
9282	1433116800	2015	06	01	1	0.6	0.6	100810	-1111	3.14628	-1111	5.54672	
9312	1435708800	2015	07	01	1	0.6	0.6	101027	-1111	3.14628	-1111	5.41284	
9343	1438387200	2015	08	01	1	0.6	0.6	101253	-1111	3.14628	-1111	5.41199	
9374	1441065600	2015	09	01	1	0.6	0.6	101512	-1111	3.14628	-1111	5.41406	
9404	1443657600	2015	10	01	1	0.6	0.6	101737	-1111	3.14628	-1111	5.31355	
9435	1446336000	2015	11	01	1	0.6	0.6	101967	-1111	3.14628	-1111	5.38208	
9465	1448928000	2015	12	01	1	0.6	0.6	102208	-1111	3.14628	-1111	5.2565	
9496	1451606400	2016	01	01	1	0.6	0.6	102432	-1111	3.14628	-1111	5.10024	
9527	1454284800	2016	02	01	1	0.6	0.6	102670	-1111	2.96914	-1111	5.00687	
9556	1456790400	2016	03	01	1	0.6	0.6	102872	-1111	2.96914	-1111	4.62247	
9587	1459468800	2016	04	01	1	0.6	0.6	103087	-1111	2.96914	-1111	4.0244	
9617	1462060800	2016	05	01	1	0.6	0.6	103341	-1111	2.96914	-1111	3.46768	
9648	1464739200	2016	06	01	1	0.6	0.6	103546	-1111	2.96914	-1111	3.35545	
9678	1467331200	2016	07	01	1	0.6	0.6	103768	-1111	2.96914	-1111	3.31654	
9709	1470009600	2016	08	01	1	0.6	0.6	104012	-1111	2.96914	-1111	3.17758	
9740	1472688000	2016	09	01	1	0.6	0.6	104267	-1111	2.96914	-1111	2.96807	
9770	1475280000	2016	10	01	1	0.6	0.6	104517	-1111	2.96914	-1111	2.95931	
9801	1477958400	2016	11	01	1	0.6	0.6	104793	-1111	2.96914	-1111	2.76037	
9831	1480550400	2016	12	01	1	0.6	0.6	105012	-1111	2.96914	-1111	2.69415	
9862	1483228800	2017	01	01	1	0.6	0.6	105258	-1111	2.96914	-1111	2.50316	
9893	1485907200	2017	02	01	1	0.6	0.6	105449	-1111	2.13119	-1111	2.46373	
9921	1488326400	2017	03	01	1	0.6	0.6	105660	-1111	2.13119	-1111	2.50417	
9952	1491004800	2017	04	01	1	0.6	0.6	105893	-1111	2.13119	-1111	2.35516	
9982	1493596800	2017	05	01	1	0.6	0.6	106097	-1111	2.13119	-1111	2.44912	
10013	1496275200	2017	06	01	1	0.6	0.6	106316	-1111	2.13119	-1111	2.46623	
10043	1498867200	2017	07	01	1	0.6	0.6	106561	-1111	2.13119	-1111	2.47217	
10074	1501545600	2017	08	01	1	0.6	0.6	106812	-1111	2.13119	-1111	2.44135	
10105	1504224000	2017	09	01	1	0.6	0.6	107065	-1111	2.13119	-1111	2.61746	
10135	1506816000	2017	10	01	1	0.6	0.6	107338	-1111	2.13119	-1111	2.67701	
10166	1509494400	2017	11	01	1	0.6	0.6	107570	-1111	2.13119	-1111	2.72734	
10196	1512086400	2017	12	01	1	0.6	0.6	107832	-1111	2.13119	-1111	2.69526	
10227	1514764800	2018	01	01	1	0.6	0.6	108096	-1111	2.13119	-1111	2.70905	
10258	1517443200	2018	02	01	1	0.6	0.6	108324	-1111	1.58922	-1111	2.90257	
10286	1519862400	2018	03	01	1	0.6	0.6	108531	-1111	1.58922	-1111	3.14121	
10317	1522540800	2018	04	01	1	0.6	0.6	108808	-1111	1.58922	-1111	3.38032	
10347	1525132800	2018	05	01	1	0.6	0.6	109072	-1111	1.58922	-1111	3.6241	
10378	1527811200	2018	06	01	1	0.6	0.6	109339	-1111	1.58922	-1111	3.85814	
10408	1530403200	2018	07	01	1	0.6	0.6	109606	-1111	1.58922	-1111	4.19258	
10439	1533081600	2018	08	01	1	0.6	0.6	109867	-1111	1.58922	-1111	4.44921	
10470	1535760000	2018	09	01	1	0.6	0.6	110148	-1111	1.58922	-1111	4.63442	
10500	1538352000	2018	10	01	1	0.6	0.6	110429	-1111	1.58922	-1111	5.0727	
10531	1541030400	2018	11	01	1	0.6	0.6	110664	-1111	1.58922	-1111	5.10804	
10561	1543622400	2018	12	01	1	0.6	0.6	110911	-1111	1.58922	-1111	5.12358	
10592	1546300800	2019	01	01	1	0.6	0.6	111145	-1111	1.58922	-1111	5.42105	
10623	1548979200	2019	02	01	1	0.6	0.6	111433	-1111	2.56893	-1111	5.57595	
10651	1551398400	2019	03	01	1	0.6	0.6	111693	-1111	2.56893	-1111	5.9064	
10682	1554076800	2019	04	01	1	0.6	0.6	111940	-1111	2.56893	-1111	6.10314	
10712	1556668800	2019	05	01	1	0.6	0.6	112188	-1111	2.56893	-1111	6.11593	
10743	1559347200	2019	06	01	1	0.6	0.6	112472	-1111	2.56893	-1111	6.24452	
10773	1561939200	2019	07	01	1	0.6	0.6	112740	-1111	2.56893	-1111	6.02679	
10804	1564617600	2019	08	01	1	0.6	0.6	113034	-1111	2.56893	-1111	5.90206	
10835	1567296000	2019	09	01	1	0.6	0.6	113316	-1111	2.56893	-1111	5.64533	
10865	1569888000	2019	10	01	1	0.6	0.6	113553	-1111	2.56893	-1111	5.49244	
10896	1572566400	2019	11	01	1	0.6	0.6	113838	-1111	2.56893	-1111	5.64005	
10926	1575158400	2019	12	01	1	0.6	0.6	114111	-1111	2.56893	-1111	5.4097	
10957	1577836800	2020	01	01	1	0.6	0.6	114366	-1111	2.56893	-1111	5.48791	
10988	1580515200	2020	02	01	1	0.6	0.6	114635	-1111	3.38685	-1111	5.53891	
11017	1583020800	2020	03	01	1	0.6	0.6	114882	-1111	3.38685	-1111	6.15734	
11048	1585699200	2020	04	01	1	0.6	0.6	115163	-1111	3.38685	-1111	6.30383	
11078	1588291200	2020	05	01	1	0.6	0.6	115439	-1111	3.38685	-1111	6.23931	
11109	1590969600	2020	06	01	1	0.6	0.6	115701	-1111	3.38685	-1111	6.46206	
11139	1593561600	2020	07	01	1	0.6	0.6	115931	-1111	3.38685	-1111	6.43987	
11170	1596240000	2020	08	01	1	0.6	0.6	116188	-1111	3.38685	-1111	6.42096	
11201	1598918400	2020	09	01	1	0.6	0.6	116421	-1111	3.38685	-1111	6.49117	
11231	1601510400	2020	10	01	1	0.6	0.6	116697	-1111	3.38685	-1111	6.29392	
11262	1604188800	2020	11	01	1	0.6	0.6	116934	-1111	3.38685	-1111	6.24937	
11292	1606780800	2020	12	01	1	0.6	0.6	117202	-1111	3.38685	-1111	6.08933	
11323	1609459200	2021	01	01	1	0.6	0.6	117506	-1111	3.38685	-1111	6.0163	
11354	1612137600	2021	02	01	1	0.6	0.6	117785	-1111	3.34254	-1111	5.98423	
11382	1614556800	2021	03	01	1	0.6	0.6	118031	-1111	3.34254	-1111	5.93652	
11413	1617235200	2021	04	01	1	0.6	0.6	118303	-1111	3.34254	-1111	5.80887	
11443	1619827200	2021	05	01	1	0.6	0.6	118552	-1111	3.34254	-1111	5.72314	
11474	1622505600	2021	06	01	1	0.6	0.6	118793	-1111	3.34254	-1111	5.62673	
11504	1625097600	2021	07	01	1	0.6	0.6	119051	-1111	3.34254	-1111	5.55094	
11535	1627776000	2021	08	01	1	0.6	0.6	119344	-1111	3.34254	-1111	5.3543	
11566	1630454400	2021	09	01	1	0.6	0.6	119627	-1111	3.34254	-1111	5.31862	
11596	1633046400	2021	10	01	1	0.6	0.6	119909	-1111	3.34254	-1111	5.34424	
11627	1635724800	2021	11	01	1	0.6	0.6	120192	-1111	3.34254	-1111	5.21936	
11657	1638316800	2021	12	01	1	0.6	0.6	120462	-1111	3.34254	-1111	5.00591	
11688	1640995200	2022	01	01	1	0.6	0.6	120752	-1111	3.34254	-1111	4.91111	
11719	1643673600	2022	02	01	1	0.6	0.6	121056	-1111	2.95291	-1111	4.8157	
11747	1646092800	2022	03	01	1	0.6	0.6	121277	-1111	2.95291	-1111	4.16083	
11778	1648771200	2022	04	01	1	0.6	0.6	121566	-1111	2.95291	-1111	3.65089	
11808	1651363200	2022	05	01	1	0.6	0.6	121831	-1111	2.95291	-1111	3.44537	
11839	1654041600	2022	06	01	1	0.6	0.6	122131	-1111	2.95291	-1111	3.10416	
11869	1656633600	2022	07	01	1	0.6	0.6	122418	-1111	2.95291	-1111	2.82095	
11900	1659312000	2022	08	01	1	0.6	0.6	122712	-1111	2.95291	-1111	2.7331	
11931	1661990400	2022	09	01	1	0.6	0.6	123015	-1111	2.95291	-1111	2.6601	
11961	1664582400	2022	10	01	1	0.6	0.6	123270	-1111	2.95291	-1111	2.59824	
11992	1667260800	2022	11	01	1	0.6	0.6	123508	-1111	2.95291	-1111	2.67106	
12022	1669852800	2022	12	01	1	0.6	0.6	123767	-1111	2.95291	-1111	2.52179	
12053	1672531200	2023	01	01	1	0.6	0.6	124014	-1111	2.95291	-1111	2.51662	
12084	1675209600	2023	02	01	1	0.6	0.6	124327	-1111	1.92824	-1111	2.56614	
12112	1677628800	2023	03	01	1	0.6	0.6	124583	-1111	1.92824	-1111	2.49091	
12143	1680307200	2023	04	01	1	0.6	0.6	124877	-1111	1.92824	-1111	2.61512	
12173	1682899200	2023	05	01	1	0.6	0.6	125180	-1111	1.92824	-1111	2.6559	
12204	1685577600	2023	06	01	1	0.6	0.6	125476	-1111	1.92824	-1111	2.74059	
12234	1688169600	2023	07	01	1	0.6	0.6	125726	-1111	1.92824	-1111	2.67706	
12265	1690848000	2023	08	01	1	0.6	0.6	126042	-1111	1.92824	-1111	2.91195	
12296	1693526400	2023	09	01	1	0.6	0.6	126351	-1111	1.92824	-1111	2.92012	
12326	1696118400	2023	10	01	1	0.6	0.6	126651	-1111	1.92824	-1111	2.77397	
12357	1698796800	2023	11	01	1	0.6	0.6	126964	-1111	1.92824	-1111	2.89071	
12387	1701388800	2023	12	01	1	0.6	0.6	127289	-1111	1.92824	-1111	2.87611	
12418	1704067200	2024	01	01	1	0.6	0.6	127544	-1111	1.92824	-1111	2.90402	
12449	1706745600	2024	02	01	1	0.6	0.6	127869	-1111	1.71209	-1111	2.97941	
12478	1709251200	2024	03	01	1	0.6	0.6	128204	-1111	1.71209	-1111	3.37034	
12509	1711929600	2024	04	01	1	0.6	0.6	128490	-1111	1.71209	-1111	3.68445	
12539	1714521600	2024	05	01	1	0.6	0.6	128843	-1111	1.71209	-1111	3.97457	
12570	1717200000	2024	06	01	1	0.6	0.6	129136	-1111	1.71209	-1111	4.22143	
12600	1719792000	2024	07	01	1	0.6	0.6	129481	-1111	1.71209	-1111	4.42389	
12631	1722470400	2024	08	01	1	0.6	0.6	129779	-1111	1.71209	-1111	4.67105	
12662	1725148800	2024	09	01	1	0.6	0.6	130118	-1111	1.71209	-1111	4.79469	
12692	1727740800	2024	10	01	1	0.6	0.6	130397	-1111	1.71209	-1111	4.97713	
12723	1730419200	2024	11	01	1	0.6	0.6	130696	-1111	1.71209	-1111	5.40663	
12753	1733011200	2024	12	01	1	0.6	0.6	130986	-1111	1.71209	-1111	5.63925	
12784	1735689600	2025	01	01	1	0.6	0.6	131306	-1111	1.71209	-1111	5.78169	
12815	1738368000	2025	02	01	1	0.6	0.6	131604	-1111	2.69863	-1111	5.78043	
12843	1740787200	2025	03	01	1	0.6	0.6	131840	-1111	2.69863	-1111	5.81022	
12874	1743465600	2025	04	01	1	0.6	0.6	132139	-1111	2.69863	-1111	5.85468	
12904	1746057600	2025	05	01	1	0.6	0.6	132412	-1111	2.69863	-1111	5.81583	
12935	1748736000	2025	06	01	1	0.6	0.6	132720	-1111	2.69863	-1111	5.86497	
12965	1751328000	2025	07	01	1	0.6	0.6	133051	-1111	2.69863	-1111	5.79369	
12996	1754006400	2025	08	01	1	0.6	0.6	133345	-1111	2.69863	-1111	5.68263	
13027	1756684800	2025	09	01	1	0.6	0.6	133685	-1111	2.69863	-1111	5.56379	
13057	1759276800	2025	10	01	1	0.6	0.6	133996	-1111	2.69863	-1111	5.51628	
13088	1761955200	2025	11	01	1	0.6	0.6	134293	-1111	2.69863	-1111	5.67202	
13118	1764547200	2025	12	01	1	0.6	0.6	134592	-1111	2.69863	-1111	5.59121	
13149	1767225600	2026	01	01	1	0.6	0.6	134906	-1111	2.69863	-1111	5.37985	
13180	1769904000	2026	02	01	1	0.6	0.6	135190	-1111	3.34487	-1111	5.38617	
13208	1772323200	2026	03	01	1	0.6	0.6	135479	-1111	3.34487	-1111	5.57793	
13239	1775001600	2026	04	01	1	0.6	0.6	135827	-1111	3.34487	-1111	5.69257	
13269	1777593600	2026	05	01	1	0.6	0.6	136163	-1111	3.34487	-1111	5.55475	
13300	1780272000	2026	06	01	1	0.6	0.6	136482	-1111	3.34487	-1111	5.59477	
13330	1782864000	2026	07	01	1	0.6	0.6	136790	-1111	3.34487	-1111	5.48881	
13361	1785542400	2026	08	01	1	0.6	0.6	137121	-1111	3.34487	-1111	5.53895	
13392	1788220800	2026	09	01	1	0.6	0.6	137467	-1111	3.34487	-1111	5.62226	
13422	1790812800	2026	10	01	1	0.6	0.6	137770	-1111	3.34487	-1111	5.62402	
13453	1793491200	2026	11	01	1	0.6	0.6	138088	-1111	3.34487	-1111	5.6132	
13483	1796083200	2026	12	01	1	0.6	0.6	138366	-1111	3.34487	-1111	5.73054	
13514	1798761600	2027	01	01	1	0.6	0.6	138694	-1111	3.34487	-1111	5.7408	
13545	1801440000	2027	02	01	1	0.6	0.6	139025	-1111	3.10921	-1111	5.82439	
13573	1803859200	2027	03	01	1	0.6	0.6	139332	-1111	3.10921	-1111	5.61569	
13604	1806537600	2027	04	01	1	0.6	0.6	139683	-1111	3.10921	-1111	5.56495	
13634	1809129600	2027	05	01	1	0.6	0.6	139990	-1111	3.10921	-1111	5.41918	
13665	1811808000	2027	06	01	1	0.6	0.6	140334	-1111	3.10921	-1111	5.3273	
13695	1814400000	2027	07	01	1	0.6	0.6	140639	-1111	3.10921	-1111	5.31945	
13726	1817078400	2027	08	01	1	0.6	0.6	140951	-1111	3.10921	-1111	5.12921	
13757	1819756800	2027	09	01	1	0.6	0.6	141298	-1111	3.10921	-1111	5.36853	
13787	1822348800	2027	10	01	1	0.6	0.6	141641	-1111	3.10921	-1111	5.22968	
13818	1825027200	2027	11	01	1	0.6	0.6	141983	-1111	3.10921	-1111	5.29293	
13848	1827619200	2027	12	01	1	0.6	0.6	142279	-1111	3.10921	-1111	5.34569	
13879	1830297600	2028	01	01	1	0.6	0.6	142620	-1111	3.10921	-1111	5.28931	
13910	1832976000	2028	02	01	1	0.6	0.6	142936	-1111	2.91522	-1111	5.21126	
13939	1835481600	2028	03	01	1	0.6	0.6	143262	-1111	2.91522	-1111	4.64452	
13970	1838160000	2028	04	01	1	0.6	0.6	143585	-1111	2.91522	-1111	4.17591	
14000	1840752000	2028	05	01	1	0.6	0.6	143909	-1111	2.91522	-1111	3.99192	
14031	1843430400	2028	06	01	1	0.6	0.6	144270	-1111	2.91522	-1111	3.64532	
14061	1846022400	2028	07	01	1	0.6	0.6	144581	-1111	2.91522	-1111	3.32844	
14092	1848700800	2028	08	01	1	0.6	0.6	144934	-1111	2.91522	-1111	2.97775	
14123	1851379200	2028	09	01	1	0.6	0.6	145267	-1111	2.91522	-1111	3.04405	
14153	1853971200	2028	10	01	1	0.6	0.6	145597	-1111	2.91522	-1111	2.99941	
14184	1856649600	2028	11	01	1	0.6	0.6	145947	-1111	2.91522	-1111	2.90163	
14214	1859241600	2028	12	01	1	0.6	0.6	146257	-1111	2.91522	-1111	2.79927	
14245	1861920000	2029	01	01	1	0.6	0.6	146645	-1111	2.91522	-1111	2.68909	
14276	1864598400	2029	02	01	1	0.6	0.6	146984	-1111	2.1503	-1111	2.76851	
14304	1867017600	2029	03	01	1	0.6	0.6	147294	-1111	2.1503	-1111	2.60951	
14335	1869696000	2029	04	01	1	0.6	0.6	147630	-1111	2.1503	-1111	2.51686	
14365	1872288000	2029	05	01	1	0.6	0.6	147978	-1111	2.1503	-1111	2.51689	
14396	1874966400	2029	06	01	1	0.6	0.6	148310	-1111	2.1503	-1111	2.6907	
14426	1877558400	2029	07	01	1	0.6	0.6	148674	-1111	2.1503	-1111	2.75454	
14457	1880236800	2029	08	01	1	0.6	0.6	149015	-1111	2.1503	-1111	2.79007	
14488	1882915200	2029	09	01	1	0.6	0.6	149325	-1111	2.1503	-1111	2.81005	
14518	1885507200	2029	10	01	1	0.6	0.6	149681	-1111	2.1503	-1111	2.92737	
14549	1888185600	2029	11	01	1	0.6	0.6	150034	-1111	2.1503	-1111	2.83061	
14579	1890777600	2029	12	01	1	0.6	0.6	150330	-1111	2.1503	-1111	2.89473	
14610	1893456000	2030	01	01	1	0.6	0.6	150693	-1111	2.1503	-1111	2.92121	
