current_time	sclock_to_time	year	month	day	seasonal_fac	treated_p_5-	treated_p_5+	population	sep	EIR_loc_yr	sep	blood_slide_prev	bsp_2_10	bsp_0_5	sep	monthly_new_inf	sep	mon_treatment	sep	mon_clinical_ep	sep	KNY--C1x	KNY--C1X	KNY--C2x	KNY--C2X	KNY--Y1x	KNY--Y1X	KNY--Y2x	KNY--Y2X	KYY--C1x	KYY--C1X	KYY--C2x	KYY--C2X	KYY--Y1x	KYY--Y1X	KYY--Y2x	KYY--Y2X	KNF--C1x	KNF--C1X	KNF--C2x	KNF--C2X	KNF--Y1x	KNF--Y1X	KNF--Y2x	KNF--Y2X	KYF--C1x	KYF--C1X	KYF--C2x	KYF--C2X	KYF--Y1x	KYF--Y1X	KYF--Y2x	KYF--Y2X	KNYNYC1x	KNYNYC1X	KNYNYC2x	KNYNYC2X	KNYNYY1x	KNYNYY1X	KNYNYY2x	KNYNYY2X	KYYYYC1x	KYYYYC1X	KYYYYC2x	KYYYYC2X	KYYYYY1x	KYYYYY1X	KYYYYY2x	KYYYYY2X	KNFNFC1x	KNFNFC1X	KNFNFC2x	KNFNFC2X	KNFNFY1x	KNFNFY1X	KNFNFY2x	KNFNFY2X	KYFYFC1x	KYFYFC1X	KYFYFC2x	KYFYFC2X	KYFYFY1x	KYFYFY1X	KYFYFY2x	KYFYFY2X	TNY--C1x	TNY--C1X	TNY--C2x	TNY--C2X	TNY--Y1x	TNY--Y1X	TNY--Y2x	TNY--Y2X	TYY--C1x	TYY--C1X	TYY--C2x	TYY--C2X	TYY--Y1x	TYY--Y1X	TYY--Y2x	TYY--Y2X	TNF--C1x	TNF--C1X	TNF--C2x	TNF--C2X	TNF--Y1x	TNF--Y1X	TNF--Y2x	TNF--Y2X	TYF--C1x	TYF--C1X	TYF--C2x	TYF--C2X	TYF--Y1x	TYF--Y1X	TYF--Y2x	TYF--Y2X	TNYNYC1x	TNYNYC1X	TNYNYC2x	TNYNYC2X	TNYNYY1x	TNYNYY1X	TNYNYY2x	TNYNYY2X	TYYYYC1x	TYYYYC1X	TYYYYC2x	TYYYYC2X	TYYYYY1x	TYYYYY1X	TYYYYY2x	TYYYYY2X	TNFNFC1x	TNFNFC1X	TNFNFC2x	TNFNFC2X	TNFNFY1x	TNFNFY1X	TNFNFY2x	TNFNFY2X	TYFYFC1x	TYFYFC1X	TYFYFC2x	TYFYFC2X	TYFYFY1x	TYFYFY1X	TYFYFY2x	TYFYFY2X	sep	KNY--C1x	KNY--C1X	KNY--C2x	KNY--C2X	KNY--Y1x	KNY--Y1X	KNY--Y2x	KNY--Y2X	KYY--C1x	KYY--C1X	KYY--C2x	KYY--C2X	KYY--Y1x	KYY--Y1X	KYY--Y2x	KYY--Y2X	KNF--C1x	KNF--C1X	KNF--C2x	KNF--C2X	KNF--Y1x	KNF--Y1X	KNF--Y2x	KNF--Y2X	KYF--C1x	KYF--C1X	KYF--C2x	KYF--C2X	KYF--Y1x	KYF--Y1X	KYF--Y2x	KYF--Y2X	KNYNYC1x	KNYNYC1X	KNYNYC2x	KNYNYC2X	KNYNYY1x	KNYNYY1X	KNYNYY2x	KNYNYY2X	KYYYYC1x	KYYYYC1X	KYYYYC2x	KYYYYC2X	KYYYYY1x	KYYYYY1X	KYYYYY2x	KYYYYY2X	KNFNFC1x	KNFNFC1X	KNFNFC2x	KNFNFC2X	KNFNFY1x	KNFNFY1X	KNFNFY2x	KNFNFY2X	KYFYFC1x	KYFYFC1X	KYFYFC2x	KYFYFC2X	KYFYFY1x	KYFYFY1X	KYFYFY2x	KYFYFY2X	TNY--C1x	TNY--C1X	TNY--C2x	TNY--C2X	TNY--Y1x	TNY--Y1X	TNY--Y2x	TNY--Y2X	TYY--C1x	TYY--C1X	TYY--C2x	TYY--C2X	TYY--Y1x	TYY--Y1X	TYY--Y2x	TYY--Y2X	TNF--C1x	TNF--C1X	TNF--C2x	TNF--C2X	TNF--Y1x	TNF--Y1X	TNF--Y2x	TNF--Y2X	TYF--C1x	TYF--C1X	TYF--C2x	TYF--C2X	TYF--Y1x	TYF--Y1X	TYF--Y2x	TYF--Y2X	TNYNYC1x	TNYNYC1X	TNYNYC2x	TNYNYC2X	TNYNYY1x	TNYNYY1X	TNYNYY2x	TNYNYY2X	TYYYYC1x	TYYYYC1X	TYYYYC2x	TYYYYC2X	TYYYYY1x	TYYYYY1X	TYYYYY2x	TYYYYY2X	TNFNFC1x	TNFNFC1X	TNFNFC2x	TNFNFC2X	TNFNFY1x	TNFNFY1X	TNFNFY2x	TNFNFY2X	TYFYFC1x	TYFYFC1X	TYFYFC2x	TYFYFC2X	TYFYFY1x	TYFYFY1X	TYFYFY2x	TYFYFY2X
0	631152000	1990	01	01	1	0.6	0.5	50000	-1111	0	-1111	4.81102	
31	633830400	1990	02	01	1	0	0	50111	-1111	0	-1111	12.1755	
59	636249600	1990	03	01	1	0	0	50212	-1111	0	-1111	14.9982	
90	638928000	1990	04	01	1	0	0	50337	-1111	0	-1111	15.29	
120	641520000	1990	05	01	1	0	0	50438	-1111	0	-1111	17.8043	
151	644198400	1990	06	01	1	0	0	50539	-1111	0	-1111	18.8144	
181	646790400	1990	07	01	1	0	0	50641	-1111	0	-1111	19.8237	
212	649468800	1990	08	01	1	0	0	50734	-1111	0	-1111	20.516	
243	652147200	1990	09	01	1	0	0	50831	-1111	0	-1111	20.5506	
273	654739200	1990	10	01	1	0	0	50919	-1111	0	-1111	20.5436	
304	657417600	1990	11	01	1	0	0	51015	-1111	0	-1111	19.6271	
334	660009600	1990	12	01	1	0	0	51157	-1111	0	-1111	18.8465	
365	662688000	1991	01	01	1	0	0	51278	-1111	0	-1111	17.628	
396	665366400	1991	02	01	1	0	0	51386	-1111	0	-1111	16.7174	
424	667785600	1991	03	01	1	0	0	51484	-1111	0	-1111	15.0699	
455	670464000	1991	04	01	1	0	0	51596	-1111	0	-1111	13.7691	
485	673056000	1991	05	01	1	0	0	51692	-1111	0	-1111	12.6615	
516	675734400	1991	06	01	1	0	0	51817	-1111	0	-1111	11.4886	
546	678326400	1991	07	01	1	0	0	51943	-1111	0	-1111	10.5996	
577	681004800	1991	08	01	1	0	0	52054	-1111	0	-1111	9.66637	
608	683683200	1991	09	01	1	0	0	52139	-1111	0	-1111	9.0189	
638	686275200	1991	10	01	1	0	0	52247	-1111	0	-1111	7.9245	
669	688953600	1991	11	01	1	0	0	52330	-1111	0	-1111	7.41019	
699	691545600	1991	12	01	1	0	0	52444	-1111	0	-1111	6.8911	
730	694224000	1992	01	01	1	0	0	52563	-1111	0	-1111	6.63543	
761	696902400	1992	02	01	1	0	0	52689	-1111	5.45171	-1111	6.2094	
790	699408000	1992	03	01	1	0	0	52803	-1111	5.45171	-1111	6.00858	
821	702086400	1992	04	01	1	0	0	52934	-1111	5.45171	-1111	5.87262	
851	704678400	1992	05	01	1	0	0	53052	-1111	5.45171	-1111	5.75534	
882	707356800	1992	06	01	1	0	0	53167	-1111	5.45171	-1111	6.04102	
912	709948800	1992	07	01	1	0	0	53299	-1111	5.45171	-1111	6.46591	
943	712627200	1992	08	01	1	0	0	53398	-1111	5.45171	-1111	6.32408	
974	715305600	1992	09	01	1	0	0	53499	-1111	5.45171	-1111	6.23641	
1004	717897600	1992	10	01	1	0	0	53639	-1111	5.45171	-1111	6.49944	
1035	720576000	1992	11	01	1	0	0	53756	-1111	5.45171	-1111	6.80354	
1065	723168000	1992	12	01	1	0	0	53905	-1111	5.45171	-1111	6.97239	
1096	725846400	1993	01	01	1	0	0	54034	-1111	5.45171	-1111	7.1258	
1127	728524800	1993	02	01	1	0	0	54183	-1111	3.34221	-1111	7.57531	
1155	730944000	1993	03	01	1	0	0	54289	-1111	3.34221	-1111	7.9708	
1186	733622400	1993	04	01	1	0	0	54428	-1111	3.34221	-1111	8.33768	
1216	736214400	1993	05	01	1	0	0	54543	-1111	3.34221	-1111	8.32156	
1247	738892800	1993	06	01	1	0	0	54649	-1111	3.34221	-1111	7.99584	
1277	741484800	1993	07	01	1	0	0	54758	-1111	3.34221	-1111	8.05997	
1308	744163200	1993	08	01	1	0	0	54834	-1111	3.34221	-1111	8.5119	
1339	746841600	1993	09	01	1	0	0	54970	-1111	3.34221	-1111	8.6294	
1369	749433600	1993	10	01	1	0	0	55099	-1111	3.34221	-1111	8.57504	
1400	752112000	1993	11	01	1	0	0	55227	-1111	3.34221	-1111	8.73837	
1430	754704000	1993	12	01	1	0	0	55358	-1111	3.34221	-1111	9.18822	
1461	757382400	1994	01	01	1	0	0	55476	-1111	3.34221	-1111	9.33323	
1492	760060800	1994	02	01	1	0	0	55601	-1111	4.48557	-1111	9.61382	
1520	762480000	1994	03	01	1	0	0	55729	-1111	4.48557	-1111	9.33106	
1551	765158400	1994	04	01	1	0	0	55858	-1111	4.48557	-1111	9.21839	
1581	767750400	1994	05	01	1	0	0	55980	-1111	4.48557	-1111	9.24314	
1612	770428800	1994	06	01	1	0	0	56111	-1111	4.48557	-1111	8.96679	
1642	773020800	1994	07	01	1	0	0	56232	-1111	4.48557	-1111	8.82807	
1673	775699200	1994	08	01	1	0	0	56391	-1111	4.48557	-1111	8.56386	
1704	778377600	1994	09	01	1	0	0	56523	-1111	4.48557	-1111	8.25425	
1734	780969600	1994	10	01	1	0	0	56665	-1111	4.48557	-1111	8.35294	
1765	783648000	1994	11	01	1	0	0	56788	-1111	4.48557	-1111	7.86029	
1795	786240000	1994	12	01	1	0	0	56924	-1111	4.48557	-1111	8.17795	
1826	788918400	1995	01	01	1	0	0	57054	-1111	4.48557	-1111	8.22149	
1857	791596800	1995	02	01	1	0	0	57193	-1111	4.42168	-1111	8.28628	
1885	794016000	1995	03	01	1	0	0	57321	-1111	4.42168	-1111	7.81181	
1916	796694400	1995	04	01	1	0	0	57435	-1111	4.42168	-1111	7.84644	
1946	799286400	1995	05	01	1	0	0	57568	-1111	4.42168	-1111	7.6895	
1977	801964800	1995	06	01	1	0	0	57697	-1111	4.42168	-1111	7.70806	
2007	804556800	1995	07	01	1	0	0	57840	-1111	4.42168	-1111	7.94184	
2038	807235200	1995	08	01	1	0	0	57984	-1111	4.42168	-1111	8.08539	
2069	809913600	1995	09	01	1	0	0	58098	-1111	4.42168	-1111	8.44834	
2099	812505600	1995	10	01	1	0	0	58238	-1111	4.42168	-1111	8.5035	
2130	815184000	1995	11	01	1	0	0	58359	-1111	4.42168	-1111	8.50491	
2160	817776000	1995	12	01	1	0	0	58492	-1111	4.42168	-1111	8.50987	
2191	820454400	1996	01	01	1	0	0	58641	-1111	4.42168	-1111	8.22872	
2222	823132800	1996	02	01	1	0	0	58776	-1111	4.10703	-1111	8.12631	
2251	825638400	1996	03	01	1	0	0	58883	-1111	4.10703	-1111	8.22542	
2282	828316800	1996	04	01	1	0	0	59015	-1111	4.10703	-1111	8.30807	
2312	830908800	1996	05	01	1	0	0	59150	-1111	4.10703	-1111	8.47886	
2343	833587200	1996	06	01	1	0	0	59323	-1111	4.10703	-1111	8.26738	
2373	836179200	1996	07	01	1	0	0	59443	-1111	4.10703	-1111	8.49978	
2404	838857600	1996	08	01	1	0	0	59575	-1111	4.10703	-1111	8.6969	
2435	841536000	1996	09	01	1	0	0	59715	-1111	4.10703	-1111	8.89824	
2465	844128000	1996	10	01	1	0	0	59840	-1111	4.10703	-1111	8.47953	
2496	846806400	1996	11	01	1	0	0	59979	-1111	4.10703	-1111	8.2906	
2526	849398400	1996	12	01	1	0	0	60121	-1111	4.10703	-1111	8.55459	
2557	852076800	1997	01	01	1	0	0	60280	-1111	4.10703	-1111	8.67007	
2588	854755200	1997	02	01	1	0	0	60439	-1111	4.29897	-1111	8.95046	
2616	857174400	1997	03	01	1	0	0	60556	-1111	4.29897	-1111	8.47109	
2647	859852800	1997	04	01	1	0	0	60687	-1111	4.29897	-1111	8.2831	
2677	862444800	1997	05	01	1	0	0	60820	-1111	4.29897	-1111	8.10485	
2708	865123200	1997	06	01	1	0	0	60959	-1111	4.29897	-1111	8.06052	
2738	867715200	1997	07	01	1	0	0	61091	-1111	4.29897	-1111	7.97884	
2769	870393600	1997	08	01	1	0	0	61229	-1111	4.29897	-1111	8.21745	
2800	873072000	1997	09	01	1	0	0	61366	-1111	4.29897	-1111	7.95797	
2830	875664000	1997	10	01	1	0	0	61502	-1111	4.29897	-1111	8.06993	
2861	878342400	1997	11	01	1	0	0	61629	-1111	4.29897	-1111	8.20073	
2891	880934400	1997	12	01	1	0	0	61770	-1111	4.29897	-1111	8.41936	
2922	883612800	1998	01	01	1	0	0	61907	-1111	4.29897	-1111	8.32579	
2953	886291200	1998	02	01	1	0	0	62043	-1111	4.19318	-1111	8.2894	
2981	888710400	1998	03	01	1	0	0	62159	-1111	4.19318	-1111	8.40377	
3012	891388800	1998	04	01	1	0	0	62302	-1111	4.19318	-1111	8.38348	
3042	893980800	1998	05	01	1	0	0	62430	-1111	4.19318	-1111	8.62843	
3073	896659200	1998	06	01	1	0	0	62578	-1111	4.19318	-1111	8.72193	
3103	899251200	1998	07	01	1	0	0	62717	-1111	4.19318	-1111	8.36244	
3134	901929600	1998	08	01	1	0	0	62878	-1111	4.19318	-1111	8.52269	
3165	904608000	1998	09	01	1	0	0	63028	-1111	4.19318	-1111	8.53916	
3195	907200000	1998	10	01	1	0	0	63169	-1111	4.19318	-1111	8.6806	
3226	909878400	1998	11	01	1	0	0	63280	-1111	4.19318	-1111	8.23744	
3256	912470400	1998	12	01	1	0	0	63406	-1111	4.19318	-1111	7.9911	
3287	915148800	1999	01	01	1	0	0	63571	-1111	4.19318	-1111	7.85897	
3318	917827200	1999	02	01	1	0	0	63717	-1111	4.15729	-1111	7.88237	
3346	920246400	1999	03	01	1	0	0	63843	-1111	4.15729	-1111	7.70366	
3377	922924800	1999	04	01	1	0	0	63990	-1111	4.15729	-1111	7.56005	
3407	925516800	1999	05	01	1	0	0	64117	-1111	4.15729	-1111	7.56746	
3438	928195200	1999	06	01	1	0	0	64270	-1111	4.15729	-1111	7.23798	
3468	930787200	1999	07	01	1	0	0	64397	-1111	4.15729	-1111	7.80556	
3499	933465600	1999	08	01	1	0	0	64575	-1111	4.15729	-1111	8.17244	
3530	936144000	1999	09	01	1	0	0	64756	-1111	4.15729	-1111	8.2866	
3560	938736000	1999	10	01	1	0	0	64903	-1111	4.15729	-1111	8.01236	
3591	941414400	1999	11	01	1	0	0	65043	-1111	4.15729	-1111	8.19178	
3621	944006400	1999	12	01	1	0	0	65168	-1111	4.15729	-1111	8.3693	
3652	946684800	2000	01	01	1	0	0	65310	-1111	4.15729	-1111	8.20657	
3683	949363200	2000	02	01	1	0.6	0.6	65434	-1111	3.91906	-1111	6.65242	
3712	951868800	2000	03	01	1	0.6	0.6	65574	-1111	3.91906	-1111	4.99259	
3743	954547200	2000	04	01	1	0.6	0.6	65745	-1111	3.91906	-1111	3.98824	
3773	957139200	2000	05	01	1	0.6	0.6	65902	-1111	3.91906	-1111	3.8088	
3804	959817600	2000	06	01	1	0.6	0.6	66095	-1111	3.91906	-1111	3.23678	
3834	962409600	2000	07	01	1	0.6	0.6	66254	-1111	3.91906	-1111	2.93125	
3865	965088000	2000	08	01	1	0.6	0.6	66404	-1111	3.91906	-1111	2.73837	
3896	967766400	2000	09	01	1	0.6	0.6	66549	-1111	3.91906	-1111	2.34889	
3926	970358400	2000	10	01	1	0.6	0.6	66708	-1111	3.91906	-1111	2.14626	
3957	973036800	2000	11	01	1	0.6	0.6	66860	-1111	3.91906	-1111	2.10398	
3987	975628800	2000	12	01	1	0.6	0.6	67000	-1111	3.91906	-1111	2.22599	
4018	978307200	2001	01	01	1	0.6	0.6	67178	-1111	3.91906	-1111	2.11732	
4049	980985600	2001	02	01	1	0.6	0.6	67359	-1111	1.97291	-1111	1.96947	
4077	983404800	2001	03	01	1	0.6	0.6	67505	-1111	1.97291	-1111	1.88228	
4108	986083200	2001	04	01	1	0.6	0.6	67668	-1111	1.97291	-1111	1.97961	
4138	988675200	2001	05	01	1	0.6	0.6	67833	-1111	1.97291	-1111	2.0145	
4169	991353600	2001	06	01	1	0.6	0.6	68027	-1111	1.97291	-1111	1.99609	
4199	993945600	2001	07	01	1	0.6	0.6	68200	-1111	1.97291	-1111	2.0202	
4230	996624000	2001	08	01	1	0.6	0.6	68345	-1111	1.97291	-1111	2.10353	
4261	999302400	2001	09	01	1	0.6	0.6	68517	-1111	1.97291	-1111	2.1462	
4291	1001894400	2001	10	01	1	0.6	0.6	68688	-1111	1.97291	-1111	2.22093	
4322	1004572800	2001	11	01	1	0.6	0.6	68879	-1111	1.97291	-1111	2.43349	
4352	1007164800	2001	12	01	1	0.6	0.6	69051	-1111	1.97291	-1111	2.5653	
4383	1009843200	2002	01	01	1	0.6	0.6	69220	-1111	1.97291	-1111	2.72326	
4414	1012521600	2002	02	01	1	0.6	0.6	69373	-1111	1.41171	-1111	2.76989	
4442	1014940800	2002	03	01	1	0.6	0.6	69538	-1111	1.41171	-1111	2.84229	
4473	1017619200	2002	04	01	1	0.6	0.6	69691	-1111	1.41171	-1111	2.90089	
4503	1020211200	2002	05	01	1	0.6	0.6	69846	-1111	1.41171	-1111	3.11318	
4534	1022889600	2002	06	01	1	0.6	0.6	70023	-1111	1.41171	-1111	3.34628	
4564	1025481600	2002	07	01	1	0.6	0.6	70197	-1111	1.41171	-1111	3.70328	
4595	1028160000	2002	08	01	1	0.6	0.6	70350	-1111	1.41171	-1111	3.87064	
4626	1030838400	2002	09	01	1	0.6	0.6	70515	-1111	1.41171	-1111	3.95214	
4656	1033430400	2002	10	01	1	0.6	0.6	70675	-1111	1.41171	-1111	4.00226	
4687	1036108800	2002	11	01	1	0.6	0.6	70839	-1111	1.41171	-1111	4.20632	
4717	1038700800	2002	12	01	1	0.6	0.6	70986	-1111	1.41171	-1111	4.72844	
4748	1041379200	2003	01	01	1	0.6	0.6	71148	-1111	1.41171	-1111	4.81874	
4779	1044057600	2003	02	01	1	0.6	0.6	71298	-1111	2.38286	-1111	4.83583	
4807	1046476800	2003	03	01	1	0.6	0.6	71464	-1111	2.38286	-1111	4.76721	
4838	1049155200	2003	04	01	1	0.6	0.6	71623	-1111	2.38286	-1111	4.87493	
4868	1051747200	2003	05	01	1	0.6	0.6	71787	-1111	2.38286	-1111	4.97645	
4899	1054425600	2003	06	01	1	0.6	0.6	71966	-1111	2.38286	-1111	5.14673	
4929	1057017600	2003	07	01	1	0.6	0.6	72135	-1111	2.38286	-1111	5.1117	
4960	1059696000	2003	08	01	1	0.6	0.6	72319	-1111	2.38286	-1111	5.22535	
4991	1062374400	2003	09	01	1	0.6	0.6	72484	-1111	2.38286	-1111	5.51216	
5021	1064966400	2003	10	01	1	0.6	0.6	72655	-1111	2.38286	-1111	5.49433	
5052	1067644800	2003	11	01	1	0.6	0.6	72804	-1111	2.38286	-1111	5.33435	
5082	1070236800	2003	12	01	1	0.6	0.6	72965	-1111	2.38286	-1111	5.53598	
5113	1072915200	2004	01	01	1	0.6	0.6	73141	-1111	2.38286	-1111	5.24636	
5144	1075593600	2004	02	01	1	0.6	0.6	73315	-1111	3.28902	-1111	5.20175	
5173	1078099200	2004	03	01	1	0.6	0.6	73476	-1111	3.28902	-1111	5.34002	
5204	1080777600	2004	04	01	1	0.6	0.6	73660	-1111	3.28902	-1111	5.54868	
5234	1083369600	2004	05	01	1	0.6	0.6	73861	-1111	3.28902	-1111	5.35676	
5265	1086048000	2004	06	01	1	0.6	0.6	74072	-1111	3.28902	-1111	5.33248	
5295	1088640000	2004	07	01	1	0.6	0.6	74238	-1111	3.28902	-1111	5.37571	
5326	1091318400	2004	08	01	1	0.6	0.6	74436	-1111	3.28902	-1111	5.32497	
5357	1093996800	2004	09	01	1	0.6	0.6	74619	-1111	3.28902	-1111	5.26288	
5387	1096588800	2004	10	01	1	0.6	0.6	74802	-1111	3.28902	-1111	5.28625	
5418	1099267200	2004	11	01	1	0.6	0.6	74992	-1111	3.28902	-1111	5.11805	
5448	1101859200	2004	12	01	1	0.6	0.6	75168	-1111	3.28902	-1111	5.19905	
5479	1104537600	2005	01	01	1	0.6	0.6	75355	-1111	3.28902	-1111	5.10799	
5510	1107216000	2005	02	01	1	0.6	0.6	75509	-1111	3.18255	-1111	4.52256	
5538	1109635200	2005	03	01	1	0.6	0.6	75667	-1111	3.18255	-1111	4.17125	
5569	1112313600	2005	04	01	1	0.6	0.6	75787	-1111	3.18255	-1111	3.81141	
5599	1114905600	2005	05	01	1	0.6	0.6	75942	-1111	3.18255	-1111	3.53033	
5630	1117584000	2005	06	01	1	0.6	0.6	76111	-1111	3.18255	-1111	3.33506	
5660	1120176000	2005	07	01	1	0.6	0.6	76297	-1111	3.18255	-1111	3.08329	
5691	1122854400	2005	08	01	1	0.6	0.6	76490	-1111	3.18255	-1111	2.98585	
5722	1125532800	2005	09	01	1	0.6	0.6	76669	-1111	3.18255	-1111	2.82946	
5752	1128124800	2005	10	01	1	0.6	0.6	76849	-1111	3.18255	-1111	2.56489	
5783	1130803200	2005	11	01	1	0.6	0.6	77040	-1111	3.18255	-1111	2.53885	
5813	1133395200	2005	12	01	1	0.6	0.6	77224	-1111	3.18255	-1111	2.60153	
5844	1136073600	2006	01	01	1	0.6	0.6	77407	-1111	3.18255	-1111	2.68172	
5875	1138752000	2006	02	01	1	0.6	0.6	77566	-1111	2.10544	-1111	2.54829	
5903	1141171200	2006	03	01	1	0.6	0.6	77705	-1111	2.10544	-1111	2.49085	
5934	1143849600	2006	04	01	1	0.6	0.6	77882	-1111	2.10544	-1111	2.49671	
5964	1146441600	2006	05	01	1	0.6	0.6	78081	-1111	2.10544	-1111	2.36066	
5995	1149120000	2006	06	01	1	0.6	0.6	78270	-1111	2.10544	-1111	2.47789	
6025	1151712000	2006	07	01	1	0.6	0.6	78442	-1111	2.10544	-1111	2.58482	
6056	1154390400	2006	08	01	1	0.6	0.6	78667	-1111	2.10544	-1111	2.87316	
6087	1157068800	2006	09	01	1	0.6	0.6	78858	-1111	2.10544	-1111	2.9447	
6117	1159660800	2006	10	01	1	0.6	0.6	79038	-1111	2.10544	-1111	2.93458	
6148	1162339200	2006	11	01	1	0.6	0.6	79252	-1111	2.10544	-1111	3.07952	
6178	1164931200	2006	12	01	1	0.6	0.6	79415	-1111	2.10544	-1111	3.30788	
6209	1167609600	2007	01	01	1	0.6	0.6	79614	-1111	2.10544	-1111	3.29426	
6240	1170288000	2007	02	01	1	0.6	0.6	79812	-1111	1.79988	-1111	3.50366	
6268	1172707200	2007	03	01	1	0.6	0.6	79953	-1111	1.79988	-1111	3.41956	
6299	1175385600	2007	04	01	1	0.6	0.6	80144	-1111	1.79988	-1111	3.74858	
6329	1177977600	2007	05	01	1	0.6	0.6	80312	-1111	1.79988	-1111	3.75123	
6360	1180656000	2007	06	01	1	0.6	0.6	80495	-1111	1.79988	-1111	3.99056	
6390	1183248000	2007	07	01	1	0.6	0.6	80711	-1111	1.79988	-1111	4.23376	
6421	1185926400	2007	08	01	1	0.6	0.6	80892	-1111	1.79988	-1111	4.2963	
6452	1188604800	2007	09	01	1	0.6	0.6	81074	-1111	1.79988	-1111	4.62787	
6482	1191196800	2007	10	01	1	0.6	0.6	81241	-1111	1.79988	-1111	4.47754	
6513	1193875200	2007	11	01	1	0.6	0.6	81460	-1111	1.79988	-1111	5.04259	
6543	1196467200	2007	12	01	1	0.6	0.6	81656	-1111	1.79988	-1111	5.45849	
6574	1199145600	2008	01	01	1	0.6	0.6	81857	-1111	1.79988	-1111	5.68209	
6605	1201824000	2008	02	01	1	0.6	0.6	82053	-1111	2.6707	-1111	5.71649	
6634	1204329600	2008	03	01	1	0.6	0.6	82231	-1111	2.6707	-1111	6.01721	
6665	1207008000	2008	04	01	1	0.6	0.6	82412	-1111	2.6707	-1111	6.17657	
6695	1209600000	2008	05	01	1	0.6	0.6	82626	-1111	2.6707	-1111	6.35907	
6726	1212278400	2008	06	01	1	0.6	0.6	82834	-1111	2.6707	-1111	6.40457	
6756	1214870400	2008	07	01	1	0.6	0.6	82973	-1111	2.6707	-1111	6.49807	
6787	1217548800	2008	08	01	1	0.6	0.6	83153	-1111	2.6707	-1111	6.72348	
6818	1220227200	2008	09	01	1	0.6	0.6	83353	-1111	2.6707	-1111	6.77598	
6848	1222819200	2008	10	01	1	0.6	0.6	83555	-1111	2.6707	-1111	6.77567	
6879	1225497600	2008	11	01	1	0.6	0.6	83768	-1111	2.6707	-1111	6.44631	
6909	1228089600	2008	12	01	1	0.6	0.6	83952	-1111	2.6707	-1111	6.35665	
6940	1230768000	2009	01	01	1	0.6	0.6	84149	-1111	2.6707	-1111	6.25672	
6971	1233446400	2009	02	01	1	0.6	0.6	84378	-1111	3.58698	-1111	6.18072	
6999	1235865600	2009	03	01	1	0.6	0.6	84575	-1111	3.58698	-1111	6.04863	
7030	1238544000	2009	04	01	1	0.6	0.6	84775	-1111	3.58698	-1111	6.05639	
7060	1241136000	2009	05	01	1	0.6	0.6	84967	-1111	3.58698	-1111	5.85323	
7091	1243814400	2009	06	01	1	0.6	0.6	85173	-1111	3.58698	-1111	5.79898	
7121	1246406400	2009	07	01	1	0.6	0.6	85384	-1111	3.58698	-1111	5.93567	
7152	1249084800	2009	08	01	1	0.6	0.6	85584	-1111	3.58698	-1111	6.01424	
7183	1251763200	2009	09	01	1	0.6	0.6	85816	-1111	3.58698	-1111	5.99349	
7213	1254355200	2009	10	01	1	0.6	0.6	86019	-1111	3.58698	-1111	6.17533	
7244	1257033600	2009	11	01	1	0.6	0.6	86241	-1111	3.58698	-1111	6.10812	
7274	1259625600	2009	12	01	1	0.6	0.6	86437	-1111	3.58698	-1111	6.14693	
7305	1262304000	2010	01	01	1	0.6	0.6	86656	-1111	3.58698	-1111	6.24433	
7336	1264982400	2010	02	01	1	0.6	0.6	86857	-1111	3.28058	-1111	5.22148	
7364	1267401600	2010	03	01	1	0.6	0.6	87046	-1111	3.28058	-1111	4.61955	
7395	1270080000	2010	04	01	1	0.6	0.6	87246	-1111	3.28058	-1111	4.20498	
7425	1272672000	2010	05	01	1	0.6	0.6	87453	-1111	3.28058	-1111	3.63269	
7456	1275350400	2010	06	01	1	0.6	0.6	87671	-1111	3.28058	-1111	3.27178	
7486	1277942400	2010	07	01	1	0.6	0.6	87875	-1111	3.28058	-1111	3.18263	
7517	1280620800	2010	08	01	1	0.6	0.6	88075	-1111	3.28058	-1111	3.14443	
7548	1283299200	2010	09	01	1	0.6	0.6	88275	-1111	3.28058	-1111	2.97494	
7578	1285891200	2010	10	01	1	0.6	0.6	88488	-1111	3.28058	-1111	2.90882	
7609	1288569600	2010	11	01	1	0.6	0.6	88654	-1111	3.28058	-1111	2.76915	
7639	1291161600	2010	12	01	1	0.6	0.6	88841	-1111	3.28058	-1111	2.67794	
7670	1293840000	2011	01	01	1	0.6	0.6	89060	-1111	3.28058	-1111	2.50243	
7701	1296518400	2011	02	01	1	0.6	0.6	89266	-1111	2.11696	-1111	2.64892	
7729	1298937600	2011	03	01	1	0.6	0.6	89440	-1111	2.11696	-1111	2.72568	
7760	1301616000	2011	04	01	1	0.6	0.6	89660	-1111	2.11696	-1111	2.57757	
7790	1304208000	2011	05	01	1	0.6	0.6	89882	-1111	2.11696	-1111	2.85153	
7821	1306886400	2011	06	01	1	0.6	0.6	90099	-1111	2.11696	-1111	2.64087	
7851	1309478400	2011	07	01	1	0.6	0.6	90285	-1111	2.11696	-1111	2.57291	
7882	1312156800	2011	08	01	1	0.6	0.6	90518	-1111	2.11696	-1111	2.7484	
7913	1314835200	2011	09	01	1	0.6	0.6	90733	-1111	2.11696	-1111	2.85394	
7943	1317427200	2011	10	01	1	0.6	0.6	90930	-1111	2.11696	-1111	2.95511	
7974	1320105600	2011	11	01	1	0.6	0.6	91162	-1111	2.11696	-1111	3.07051	
8004	1322697600	2011	12	01	1	0.6	0.6	91337	-1111	2.11696	-1111	3.12661	
8035	1325376000	2012	01	01	1	0.6	0.6	91561	-1111	2.11696	-1111	3.28037	
8066	1328054400	2012	02	01	1	0.6	0.6	91765	-1111	1.78689	-1111	3.42314	
8095	1330560000	2012	03	01	1	0.6	0.6	92004	-1111	1.78689	-1111	3.5228	
8126	1333238400	2012	04	01	1	0.6	0.6	92227	-1111	1.78689	-1111	3.6186	
8156	1335830400	2012	05	01	1	0.6	0.6	92453	-1111	1.78689	-1111	3.48394	
8187	1338508800	2012	06	01	1	0.6	0.6	92691	-1111	1.78689	-1111	3.63267	
8217	1341100800	2012	07	01	1	0.6	0.6	92885	-1111	1.78689	-1111	3.70746	
8248	1343779200	2012	08	01	1	0.6	0.6	93086	-1111	1.78689	-1111	3.65843	
8279	1346457600	2012	09	01	1	0.6	0.6	93333	-1111	1.78689	-1111	3.78517	
8309	1349049600	2012	10	01	1	0.6	0.6	93556	-1111	1.78689	-1111	3.86423	
8340	1351728000	2012	11	01	1	0.6	0.6	93792	-1111	1.78689	-1111	3.87841	
8370	1354320000	2012	12	01	1	0.6	0.6	94035	-1111	1.78689	-1111	3.74555	
8401	1356998400	2013	01	01	1	0.6	0.6	94250	-1111	1.78689	-1111	3.53324	
8432	1359676800	2013	02	01	1	0.6	0.6	94463	-1111	2.29776	-1111	3.72236	
8460	1362096000	2013	03	01	1	0.6	0.6	94628	-1111	2.29776	-1111	3.86869	
8491	1364774400	2013	04	01	1	0.6	0.6	94871	-1111	2.29776	-1111	3.78945	
8521	1367366400	2013	05	01	1	0.6	0.6	95068	-1111	2.29776	-1111	3.89803	
8552	1370044800	2013	06	01	1	0.6	0.6	95260	-1111	2.29776	-1111	3.97384	
8582	1372636800	2013	07	01	1	0.6	0.6	95478	-1111	2.29776	-1111	4.03912	
8613	1375315200	2013	08	01	1	0.6	0.6	95688	-1111	2.29776	-1111	4.04045	
8644	1377993600	2013	09	01	1	0.6	0.6	95973	-1111	2.29776	-1111	4.28583	
8674	1380585600	2013	10	01	1	0.6	0.6	96207	-1111	2.29776	-1111	4.15002	
8705	1383264000	2013	11	01	1	0.6	0.6	96432	-1111	2.29776	-1111	4.15025	
8735	1385856000	2013	12	01	1	0.6	0.6	96678	-1111	2.29776	-1111	4.14232	
8766	1388534400	2014	01	01	1	0.6	0.6	96951	-1111	2.29776	-1111	3.98526	
8797	1391212800	2014	02	01	1	0.6	0.6	97189	-1111	2.5624	-1111	4.09045	
8825	1393632000	2014	03	01	1	0.6	0.6	97392	-1111	2.5624	-1111	4.15577	
8856	1396310400	2014	04	01	1	0.6	0.6	97604	-1111	2.5624	-1111	4.11267	
8886	1398902400	2014	05	01	1	0.6	0.6	97842	-1111	2.5624	-1111	4.07044	
8917	1401580800	2014	06	01	1	0.6	0.6	98099	-1111	2.5624	-1111	4.29884	
8947	1404172800	2014	07	01	1	0.6	0.6	98333	-1111	2.5624	-1111	4.33432	
8978	1406851200	2014	08	01	1	0.6	0.6	98528	-1111	2.5624	-1111	4.63997	
9009	1409529600	2014	09	01	1	0.6	0.6	98702	-1111	2.5624	-1111	4.57861	
9039	1412121600	2014	10	01	1	0.6	0.6	98938	-1111	2.5624	-1111	4.48345	
9070	1414800000	2014	11	01	1	0.6	0.6	99157	-1111	2.5624	-1111	4.38344	
9100	1417392000	2014	12	01	1	0.6	0.6	99378	-1111	2.5624	-1111	4.42141	
9131	1420070400	2015	01	01	1	0.6	0.6	99575	-1111	2.5624	-1111	4.48106	
9162	1422748800	2015	02	01	1	0.6	0.6	99813	-1111	2.76867	-1111	4.54616	
9190	1425168000	2015	03	01	1	0.6	0.6	100030	-1111	2.76867	-1111	4.76581	
9221	1427846400	2015	04	01	1	0.6	0.6	100269	-1111	2.76867	-1111	4.54758	
9251	1430438400	2015	05	01	1	0.6	0.6	100509	-1111	2.76867	-1111	4.68981	
9282	1433116800	2015	06	01	1	0.6	0.6	100722	-1111	2.76867	-1111	4.64194	
9312	1435708800	2015	07	01	1	0.6	0.6	100971	-1111	2.76867	-1111	4.57826	
9343	1438387200	2015	08	01	1	0.6	0.6	101207	-1111	2.76867	-1111	4.68532	
9374	1441065600	2015	09	01	1	0.6	0.6	101425	-1111	2.76867	-1111	4.52721	
9404	1443657600	2015	10	01	1	0.6	0.6	101636	-1111	2.76867	-1111	4.66074	
9435	1446336000	2015	11	01	1	0.6	0.6	101860	-1111	2.76867	-1111	4.83859	
9465	1448928000	2015	12	01	1	0.6	0.6	102079	-1111	2.76867	-1111	4.85656	
9496	1451606400	2016	01	01	1	0.6	0.6	102337	-1111	2.76867	-1111	4.96985	
9527	1454284800	2016	02	01	1	0.6	0.6	102592	-1111	2.9055	-1111	4.77567	
9556	1456790400	2016	03	01	1	0.6	0.6	102787	-1111	2.9055	-1111	5.07664	
9587	1459468800	2016	04	01	1	0.6	0.6	103033	-1111	2.9055	-1111	5.05463	
9617	1462060800	2016	05	01	1	0.6	0.6	103278	-1111	2.9055	-1111	5.15981	
9648	1464739200	2016	06	01	1	0.6	0.6	103547	-1111	2.9055	-1111	5.23863	
9678	1467331200	2016	07	01	1	0.6	0.6	103778	-1111	2.9055	-1111	5.12782	
9709	1470009600	2016	08	01	1	0.6	0.6	104031	-1111	2.9055	-1111	5.121	
9740	1472688000	2016	09	01	1	0.6	0.6	104279	-1111	2.9055	-1111	5.29075	
9770	1475280000	2016	10	01	1	0.6	0.6	104475	-1111	2.9055	-1111	5.31426	
9801	1477958400	2016	11	01	1	0.6	0.6	104725	-1111	2.9055	-1111	5.28004	
9831	1480550400	2016	12	01	1	0.6	0.6	104938	-1111	2.9055	-1111	5.18949	
9862	1483228800	2017	01	01	1	0.6	0.6	105189	-1111	2.9055	-1111	5.08922	
9893	1485907200	2017	02	01	1	0.6	0.6	105401	-1111	3.013	-1111	4.84332	
9921	1488326400	2017	03	01	1	0.6	0.6	105643	-1111	3.013	-1111	4.80396	
9952	1491004800	2017	04	01	1	0.6	0.6	105861	-1111	3.013	-1111	4.83788	
9982	1493596800	2017	05	01	1	0.6	0.6	106111	-1111	3.013	-1111	4.92629	
10013	1496275200	2017	06	01	1	0.6	0.6	106378	-1111	3.013	-1111	5.00367	
10043	1498867200	2017	07	01	1	0.6	0.6	106613	-1111	3.013	-1111	4.85743	
10074	1501545600	2017	08	01	1	0.6	0.6	106859	-1111	3.013	-1111	4.80681	
10105	1504224000	2017	09	01	1	0.6	0.6	107112	-1111	3.013	-1111	4.76938	
10135	1506816000	2017	10	01	1	0.6	0.6	107336	-1111	3.013	-1111	4.83724	
10166	1509494400	2017	11	01	1	0.6	0.6	107610	-1111	3.013	-1111	4.92776	
10196	1512086400	2017	12	01	1	0.6	0.6	107835	-1111	3.013	-1111	5.00581	
10227	1514764800	2018	01	01	1	0.6	0.6	108093	-1111	3.013	-1111	4.97302	
10258	1517443200	2018	02	01	1	0.6	0.6	108334	-1111	2.80388	-1111	4.82141	
10286	1519862400	2018	03	01	1	0.6	0.6	108567	-1111	2.80388	-1111	4.72827	
10317	1522540800	2018	04	01	1	0.6	0.6	108792	-1111	2.80388	-1111	4.63562	
10347	1525132800	2018	05	01	1	0.6	0.6	109063	-1111	2.80388	-1111	4.74842	
10378	1527811200	2018	06	01	1	0.6	0.6	109350	-1111	2.80388	-1111	4.86724	
10408	1530403200	2018	07	01	1	0.6	0.6	109588	-1111	2.80388	-1111	4.88362	
10439	1533081600	2018	08	01	1	0.6	0.6	109849	-1111	2.80388	-1111	4.77394	
10470	1535760000	2018	09	01	1	0.6	0.6	110111	-1111	2.80388	-1111	4.82279	
10500	1538352000	2018	10	01	1	0.6	0.6	110362	-1111	2.80388	-1111	4.91989	
10531	1541030400	2018	11	01	1	0.6	0.6	110638	-1111	2.80388	-1111	4.85052	
10561	1543622400	2018	12	01	1	0.6	0.6	110913	-1111	2.80388	-1111	4.85238	
10592	1546300800	2019	01	01	1	0.6	0.6	111159	-1111	2.80388	-1111	4.699	
10623	1548979200	2019	02	01	1	0.6	0.6	111385	-1111	2.89022	-1111	4.69782	
10651	1551398400	2019	03	01	1	0.6	0.6	111654	-1111	2.89022	-1111	4.67414	
10682	1554076800	2019	04	01	1	0.6	0.6	111920	-1111	2.89022	-1111	4.4798	
10712	1556668800	2019	05	01	1	0.6	0.6	112186	-1111	2.89022	-1111	4.7067	
10743	1559347200	2019	06	01	1	0.6	0.6	112419	-1111	2.89022	-1111	4.76323	
10773	1561939200	2019	07	01	1	0.6	0.6	112684	-1111	2.89022	-1111	4.8569	
10804	1564617600	2019	08	01	1	0.6	0.6	112894	-1111	2.89022	-1111	4.82415	
10835	1567296000	2019	09	01	1	0.6	0.6	113145	-1111	2.89022	-1111	4.84355	
10865	1569888000	2019	10	01	1	0.6	0.6	113401	-1111	2.89022	-1111	4.62376	
10896	1572566400	2019	11	01	1	0.6	0.6	113719	-1111	2.89022	-1111	4.67515	
10926	1575158400	2019	12	01	1	0.6	0.6	113991	-1111	2.89022	-1111	4.61375	
10957	1577836800	2020	01	01	1	0.6	0.6	114273	-1111	2.89022	-1111	4.60112	
10988	1580515200	2020	02	01	1	0.6	0.6	114500	-1111	2.78948	-1111	4.92722	
11017	1583020800	2020	03	01	1	0.6	0.6	114750	-1111	2.78948	-1111	5.10302	
11048	1585699200	2020	04	01	1	0.6	0.6	115010	-1111	2.78948	-1111	5.33252	
11078	1588291200	2020	05	01	1	0.6	0.6	115293	-1111	2.78948	-1111	5.27066	
11109	1590969600	2020	06	01	1	0.6	0.6	115550	-1111	2.78948	-1111	5.43011	
11139	1593561600	2020	07	01	1	0.6	0.6	115784	-1111	2.78948	-1111	5.34199	
11170	1596240000	2020	08	01	1	0.6	0.6	116008	-1111	2.78948	-1111	5.35016	
11201	1598918400	2020	09	01	1	0.6	0.6	116291	-1111	2.78948	-1111	5.40058	
11231	1601510400	2020	10	01	1	0.6	0.6	116556	-1111	2.78948	-1111	5.42784	
11262	1604188800	2020	11	01	1	0.6	0.6	116835	-1111	2.78948	-1111	5.57027	
11292	1606780800	2020	12	01	1	0.6	0.6	117087	-1111	2.78948	-1111	5.58861	
11323	1609459200	2021	01	01	1	0.6	0.6	117376	-1111	2.78948	-1111	5.7528	
11354	1612137600	2021	02	01	1	0.6	0.6	117638	-1111	3.07751	-1111	5.75942	
11382	1614556800	2021	03	01	1	0.6	0.6	117863	-1111	3.07751	-1111	5.91618	
11413	1617235200	2021	04	01	1	0.6	0.6	118179	-1111	3.07751	-1111	5.81041	
11443	1619827200	2021	05	01	1	0.6	0.6	118432	-1111	3.07751	-1111	5.84072	
11474	1622505600	2021	06	01	1	0.6	0.6	118682	-1111	3.07751	-1111	5.84409	
11504	1625097600	2021	07	01	1	0.6	0.6	118942	-1111	3.07751	-1111	5.99526	
11535	1627776000	2021	08	01	1	0.6	0.6	119202	-1111	3.07751	-1111	5.87326	
11566	1630454400	2021	09	01	1	0.6	0.6	119494	-1111	3.07751	-1111	5.83891	
11596	1633046400	2021	10	01	1	0.6	0.6	119742	-1111	3.07751	-1111	5.70081	
11627	1635724800	2021	11	01	1	0.6	0.6	119989	-1111	3.07751	-1111	5.68894	
11657	1638316800	2021	12	01	1	0.6	0.6	120274	-1111	3.07751	-1111	5.572	
11688	1640995200	2022	01	01	1	0.6	0.6	120542	-1111	3.07751	-1111	5.50384	
11719	1643673600	2022	02	01	1	0.6	0.6	120843	-1111	3.16511	-1111	5.31295	
11747	1646092800	2022	03	01	1	0.6	0.6	121105	-1111	3.16511	-1111	5.21382	
11778	1648771200	2022	04	01	1	0.6	0.6	121366	-1111	3.16511	-1111	5.15467	
11808	1651363200	2022	05	01	1	0.6	0.6	121666	-1111	3.16511	-1111	5.11351	
11839	1654041600	2022	06	01	1	0.6	0.6	121939	-1111	3.16511	-1111	4.99534	
11869	1656633600	2022	07	01	1	0.6	0.6	122190	-1111	3.16511	-1111	5.07681	
11900	1659312000	2022	08	01	1	0.6	0.6	122489	-1111	3.16511	-1111	5.11719	
11931	1661990400	2022	09	01	1	0.6	0.6	122802	-1111	3.16511	-1111	5.24414	
11961	1664582400	2022	10	01	1	0.6	0.6	123071	-1111	3.16511	-1111	5.22019	
11992	1667260800	2022	11	01	1	0.6	0.6	123356	-1111	3.16511	-1111	5.28124	
12022	1669852800	2022	12	01	1	0.6	0.6	123662	-1111	3.16511	-1111	5.29839	
12053	1672531200	2023	01	01	1	0.6	0.6	123930	-1111	3.16511	-1111	5.27932	
12084	1675209600	2023	02	01	1	0.6	0.6	124216	-1111	2.88117	-1111	5.30688	
12112	1677628800	2023	03	01	1	0.6	0.6	124482	-1111	2.88117	-1111	5.28808	
12143	1680307200	2023	04	01	1	0.6	0.6	124765	-1111	2.88117	-1111	5.09285	
12173	1682899200	2023	05	01	1	0.6	0.6	125056	-1111	2.88117	-1111	5.11162	
12204	1685577600	2023	06	01	1	0.6	0.6	125343	-1111	2.88117	-1111	4.8983	
12234	1688169600	2023	07	01	1	0.6	0.6	125639	-1111	2.88117	-1111	5.10944	
12265	1690848000	2023	08	01	1	0.6	0.6	125965	-1111	2.88117	-1111	5.20583	
12296	1693526400	2023	09	01	1	0.6	0.6	126321	-1111	2.88117	-1111	5.14099	
12326	1696118400	2023	10	01	1	0.6	0.6	126648	-1111	2.88117	-1111	5.28462	
12357	1698796800	2023	11	01	1	0.6	0.6	126955	-1111	2.88117	-1111	5.17274	
12387	1701388800	2023	12	01	1	0.6	0.6	127234	-1111	2.88117	-1111	5.20901	
12418	1704067200	2024	01	01	1	0.6	0.6	127503	-1111	2.88117	-1111	5.00944	
12449	1706745600	2024	02	01	1	0.6	0.6	127807	-1111	2.88037	-1111	5.1547	
12478	1709251200	2024	03	01	1	0.6	0.6	128078	-1111	2.88037	-1111	5.2	
12509	1711929600	2024	04	01	1	0.6	0.6	128368	-1111	2.88037	-1111	5.20347	
12539	1714521600	2024	05	01	1	0.6	0.6	128646	-1111	2.88037	-1111	5.26961	
12570	1717200000	2024	06	01	1	0.6	0.6	128966	-1111	2.88037	-1111	5.23792	
12600	1719792000	2024	07	01	1	0.6	0.6	129235	-1111	2.88037	-1111	5.22593	
12631	1722470400	2024	08	01	1	0.6	0.6	129543	-1111	2.88037	-1111	5.13249	
12662	1725148800	2024	09	01	1	0.6	0.6	129838	-1111	2.88037	-1111	5.11903	
12692	1727740800	2024	10	01	1	0.6	0.6	130167	-1111	2.88037	-1111	5.24754	
12723	1730419200	2024	11	01	1	0.6	0.6	130444	-1111	2.88037	-1111	5.25903	
12753	1733011200	2024	12	01	1	0.6	0.6	130747	-1111	2.88037	-1111	5.36838	
12784	1735689600	2025	01	01	1	0.6	0.6	131037	-1111	2.88037	-1111	5.01594	
12815	1738368000	2025	02	01	1	0.6	0.6	131317	-1111	2.92112	-1111	4.28336	
12843	1740787200	2025	03	01	1	0.6	0.6	131604	-1111	2.92112	-1111	3.813	
12874	1743465600	2025	04	01	1	0.6	0.6	131900	-1111	2.92112	-1111	3.46847	
12904	1746057600	2025	05	01	1	0.6	0.6	132192	-1111	2.92112	-1111	3.44293	
12935	1748736000	2025	06	01	1	0.6	0.6	132518	-1111	2.92112	-1111	3.30554	
12965	1751328000	2025	07	01	1	0.6	0.6	132832	-1111	2.92112	-1111	3.1629	
12996	1754006400	2025	08	01	1	0.6	0.6	133125	-1111	2.92112	-1111	3.02653	
13027	1756684800	2025	09	01	1	0.6	0.6	133492	-1111	2.92112	-1111	2.89791	
13057	1759276800	2025	10	01	1	0.6	0.6	133788	-1111	2.92112	-1111	2.90857	
13088	1761955200	2025	11	01	1	0.6	0.6	134141	-1111	2.92112	-1111	2.60811	
13118	1764547200	2025	12	01	1	0.6	0.6	134502	-1111	2.92112	-1111	2.51764	
13149	1767225600	2026	01	01	1	0.6	0.6	134789	-1111	2.92112	-1111	2.42392	
13180	1769904000	2026	02	01	1	0.6	0.6	135074	-1111	2.06207	-1111	2.37312	
13208	1772323200	2026	03	01	1	0.6	0.6	135385	-1111	2.06207	-1111	2.3887	
13239	1775001600	2026	04	01	1	0.6	0.6	135704	-1111	2.06207	-1111	2.4287	
13269	1777593600	2026	05	01	1	0.6	0.6	136049	-1111	2.06207	-1111	2.36353	
13300	1780272000	2026	06	01	1	0.6	0.6	136413	-1111	2.06207	-1111	2.47124	
13330	1782864000	2026	07	01	1	0.6	0.6	136715	-1111	2.06207	-1111	2.5689	
13361	1785542400	2026	08	01	1	0.6	0.6	137017	-1111	2.06207	-1111	2.50876	
13392	1788220800	2026	09	01	1	0.6	0.6	137300	-1111	2.06207	-1111	2.57321	
13422	1790812800	2026	10	01	1	0.6	0.6	137622	-1111	2.06207	-1111	2.48644	
13453	1793491200	2026	11	01	1	0.6	0.6	137966	-1111	2.06207	-1111	2.6462	
13483	1796083200	2026	12	01	1	0.6	0.6	138287	-1111	2.06207	-1111	2.59973	
13514	1798761600	2027	01	01	1	0.6	0.6	138621	-1111	2.06207	-1111	2.65555	
13545	1801440000	2027	02	01	1	0.6	0.6	138954	-1111	1.63858	-1111	2.75887	
13573	1803859200	2027	03	01	1	0.6	0.6	139224	-1111	1.63858	-1111	2.85149	
13604	1806537600	2027	04	01	1	0.6	0.6	139546	-1111	1.63858	-1111	2.82279	
13634	1809129600	2027	05	01	1	0.6	0.6	139904	-1111	1.63858	-1111	2.62075	
13665	1811808000	2027	06	01	1	0.6	0.6	140288	-1111	1.63858	-1111	2.71927	
13695	1814400000	2027	07	01	1	0.6	0.6	140617	-1111	1.63858	-1111	2.88222	
13726	1817078400	2027	08	01	1	0.6	0.6	140944	-1111	1.63858	-1111	2.98662	
13757	1819756800	2027	09	01	1	0.6	0.6	141284	-1111	1.63858	-1111	3.10888	
13787	1822348800	2027	10	01	1	0.6	0.6	141619	-1111	1.63858	-1111	3.17963	
13818	1825027200	2027	11	01	1	0.6	0.6	141933	-1111	1.63858	-1111	3.18173	
13848	1827619200	2027	12	01	1	0.6	0.6	142258	-1111	1.63858	-1111	3.20515	
13879	1830297600	2028	01	01	1	0.6	0.6	142594	-1111	1.63858	-1111	3.36862	
13910	1832976000	2028	02	01	1	0.6	0.6	142935	-1111	1.95149	-1111	3.54667	
13939	1835481600	2028	03	01	1	0.6	0.6	143243	-1111	1.95149	-1111	3.7397	
13970	1838160000	2028	04	01	1	0.6	0.6	143614	-1111	1.95149	-1111	3.78371	
14000	1840752000	2028	05	01	1	0.6	0.6	143916	-1111	1.95149	-1111	3.59494	
14031	1843430400	2028	06	01	1	0.6	0.6	144278	-1111	1.95149	-1111	3.82468	
14061	1846022400	2028	07	01	1	0.6	0.6	144586	-1111	1.95149	-1111	3.8797	
14092	1848700800	2028	08	01	1	0.6	0.6	144908	-1111	1.95149	-1111	3.91508	
14123	1851379200	2028	09	01	1	0.6	0.6	145241	-1111	1.95149	-1111	3.8171	
14153	1853971200	2028	10	01	1	0.6	0.6	145563	-1111	1.95149	-1111	3.99255	
14184	1856649600	2028	11	01	1	0.6	0.6	145895	-1111	1.95149	-1111	4.10948	
14214	1859241600	2028	12	01	1	0.6	0.6	146233	-1111	1.95149	-1111	4.0513	
14245	1861920000	2029	01	01	1	0.6	0.6	146579	-1111	1.95149	-1111	3.98876	
14276	1864598400	2029	02	01	1	0.6	0.6	146887	-1111	2.44761	-1111	3.91111	
14304	1867017600	2029	03	01	1	0.6	0.6	147194	-1111	2.44761	-1111	3.93264	
14335	1869696000	2029	04	01	1	0.6	0.6	147553	-1111	2.44761	-1111	3.97578	
14365	1872288000	2029	05	01	1	0.6	0.6	147860	-1111	2.44761	-1111	4.12428	
14396	1874966400	2029	06	01	1	0.6	0.6	148238	-1111	2.44761	-1111	4.05684	
14426	1877558400	2029	07	01	1	0.6	0.6	148561	-1111	2.44761	-1111	4.14932	
14457	1880236800	2029	08	01	1	0.6	0.6	148908	-1111	2.44761	-1111	4.02408	
14488	1882915200	2029	09	01	1	0.6	0.6	149250	-1111	2.44761	-1111	4.1943	
14518	1885507200	2029	10	01	1	0.6	0.6	149572	-1111	2.44761	-1111	4.36556	
14549	1888185600	2029	11	01	1	0.6	0.6	149939	-1111	2.44761	-1111	4.19212	
14579	1890777600	2029	12	01	1	0.6	0.6	150297	-1111	2.44761	-1111	4.29093	
14610	1893456000	2030	01	01	1	0.6	0.6	150666	-1111	2.44761	-1111	4.02414	
