0	631152000	1990	01	01	1	0.6	0.5	50000	-1111	0	-1111	4.87964	
31	633830400	1990	02	01	1	0	0	50127	-1111	0	-1111	12.5569	
59	636249600	1990	03	01	1	0	0	50244	-1111	0	-1111	15.5164	
90	638928000	1990	04	01	1	0	0	50366	-1111	0	-1111	15.5977	
120	641520000	1990	05	01	1	0	0	50468	-1111	0	-1111	17.9606	
151	644198400	1990	06	01	1	0	0	50591	-1111	0	-1111	18.7821	
181	646790400	1990	07	01	1	0	0	50676	-1111	0	-1111	19.8268	
212	649468800	1990	08	01	1	0	0	50778	-1111	0	-1111	21.2014	
243	652147200	1990	09	01	1	0	0	50874	-1111	0	-1111	21.2207	
273	654739200	1990	10	01	1	0	0	50945	-1111	0	-1111	21.1926	
304	657417600	1990	11	01	1	0	0	51069	-1111	0	-1111	19.8022	
334	660009600	1990	12	01	1	0	0	51170	-1111	0	-1111	18.8326	
365	662688000	1991	01	01	1	0	0	51275	-1111	0	-1111	17.8311	
396	665366400	1991	02	01	1	0	0	51363	-1111	0	-1111	16.6304	
424	667785600	1991	03	01	1	0	0	51472	-1111	0	-1111	15.0739	
455	670464000	1991	04	01	1	0	0	51600	-1111	0	-1111	13.6795	
485	673056000	1991	05	01	1	0	0	51689	-1111	0	-1111	12.4753	
516	675734400	1991	06	01	1	0	0	51777	-1111	0	-1111	11.3312	
546	678326400	1991	07	01	1	0	0	51900	-1111	0	-1111	10.2946	
577	681004800	1991	08	01	1	0	0	52043	-1111	0	-1111	9.13615	
608	683683200	1991	09	01	1	0	0	52178	-1111	0	-1111	8.38989	
638	686275200	1991	10	01	1	0	0	52313	-1111	0	-1111	7.57202	
669	688953600	1991	11	01	1	0	0	52402	-1111	0	-1111	7.08058	
699	691545600	1991	12	01	1	0	0	52520	-1111	0	-1111	6.80447	
730	694224000	1992	01	01	1	0	0	52660	-1111	0	-1111	6.33141	
761	696902400	1992	02	01	1	0	0	52773	-1111	5.22228	-1111	5.80684	
790	699408000	1992	03	01	1	0	0	52907	-1111	5.22228	-1111	5.76662	
821	702086400	1992	04	01	1	0	0	53032	-1111	5.22228	-1111	5.43773	
851	704678400	1992	05	01	1	0	0	53172	-1111	5.22228	-1111	5.48748	
882	707356800	1992	06	01	1	0	0	53278	-1111	5.22228	-1111	5.51636	
912	709948800	1992	07	01	1	0	0	53399	-1111	5.22228	-1111	5.90974	
943	712627200	1992	08	01	1	0	0	53545	-1111	5.22228	-1111	5.9455	
974	715305600	1992	09	01	1	0	0	53679	-1111	5.22228	-1111	6.11203	
1004	717897600	1992	10	01	1	0	0	53802	-1111	5.22228	-1111	6.13059	
1035	720576000	1992	11	01	1	0	0	53918	-1111	5.22228	-1111	6.62718	
1065	723168000	1992	12	01	1	0	0	54031	-1111	5.22228	-1111	6.94382	
1096	725846400	1993	01	01	1	0	0	54124	-1111	5.22228	-1111	7.33952	
1127	728524800	1993	02	01	1	0	0	54242	-1111	3.21653	-1111	8.08829	
1155	730944000	1993	03	01	1	0	0	54352	-1111	3.21653	-1111	8.57805	
1186	733622400	1993	04	01	1	0	0	54469	-1111	3.21653	-1111	8.80066	
1216	736214400	1993	05	01	1	0	0	54576	-1111	3.21653	-1111	8.94339	
1247	738892800	1993	06	01	1	0	0	54729	-1111	3.21653	-1111	9.19222	
1277	741484800	1993	07	01	1	0	0	54844	-1111	3.21653	-1111	9.33134	
1308	744163200	1993	08	01	1	0	0	54959	-1111	3.21653	-1111	9.27904	
1339	746841600	1993	09	01	1	0	0	55068	-1111	3.21653	-1111	9.38712	
1369	749433600	1993	10	01	1	0	0	55167	-1111	3.21653	-1111	9.43157	
1400	752112000	1993	11	01	1	0	0	55282	-1111	3.21653	-1111	9.38642	
1430	754704000	1993	12	01	1	0	0	55410	-1111	3.21653	-1111	9.56749	
1461	757382400	1994	01	01	1	0	0	55531	-1111	3.21653	-1111	9.07197	
1492	760060800	1994	02	01	1	0	0	55658	-1111	4.74392	-1111	9.11118	
1520	762480000	1994	03	01	1	0	0	55770	-1111	4.74392	-1111	8.97502	
1551	765158400	1994	04	01	1	0	0	55897	-1111	4.74392	-1111	8.85505	
1581	767750400	1994	05	01	1	0	0	56046	-1111	4.74392	-1111	8.71489	
1612	770428800	1994	06	01	1	0	0	56193	-1111	4.74392	-1111	8.48132	
1642	773020800	1994	07	01	1	0	0	56322	-1111	4.74392	-1111	8.69278	
1673	775699200	1994	08	01	1	0	0	56430	-1111	4.74392	-1111	8.40874	
1704	778377600	1994	09	01	1	0	0	56564	-1111	4.74392	-1111	8.24894	
1734	780969600	1994	10	01	1	0	0	56691	-1111	4.74392	-1111	7.85777	
1765	783648000	1994	11	01	1	0	0	56829	-1111	4.74392	-1111	7.68893	
1795	786240000	1994	12	01	1	0	0	56975	-1111	4.74392	-1111	7.54386	
1826	788918400	1995	01	01	1	0	0	57120	-1111	4.74392	-1111	7.62197	
1857	791596800	1995	02	01	1	0	0	57258	-1111	4.2598	-1111	7.52688	
1885	794016000	1995	03	01	1	0	0	57384	-1111	4.2598	-1111	7.88761	
1916	796694400	1995	04	01	1	0	0	57518	-1111	4.2598	-1111	7.71088	
1946	799286400	1995	05	01	1	0	0	57629	-1111	4.2598	-1111	8.04068	
1977	801964800	1995	06	01	1	0	0	57776	-1111	4.2598	-1111	7.8573	
2007	804556800	1995	07	01	1	0	0	57912	-1111	4.2598	-1111	7.48488	
2038	807235200	1995	08	01	1	0	0	58018	-1111	4.2598	-1111	7.53948	
2069	809913600	1995	09	01	1	0	0	58183	-1111	4.2598	-1111	7.22953	
2099	812505600	1995	10	01	1	0	0	58309	-1111	4.2598	-1111	7.40229	
2130	815184000	1995	11	01	1	0	0	58463	-1111	4.2598	-1111	7.28198	
2160	817776000	1995	12	01	1	0	0	58588	-1111	4.2598	-1111	7.40095	
2191	820454400	1996	01	01	1	0	0	58736	-1111	4.2598	-1111	7.39209	
2222	823132800	1996	02	01	1	0	0	58881	-1111	3.94177	-1111	7.3827	
2251	825638400	1996	03	01	1	0	0	59014	-1111	3.94177	-1111	7.54799	
2282	828316800	1996	04	01	1	0	0	59170	-1111	3.94177	-1111	7.56765	
2312	830908800	1996	05	01	1	0	0	59300	-1111	3.94177	-1111	8.07337	
2343	833587200	1996	06	01	1	0	0	59460	-1111	3.94177	-1111	8.03828	
2373	836179200	1996	07	01	1	0	0	59580	-1111	3.94177	-1111	8.25959	
2404	838857600	1996	08	01	1	0	0	59716	-1111	3.94177	-1111	8.34233	
2435	841536000	1996	09	01	1	0	0	59869	-1111	3.94177	-1111	8.71218	
2465	844128000	1996	10	01	1	0	0	59992	-1111	3.94177	-1111	8.36259	
2496	846806400	1996	11	01	1	0	0	60122	-1111	3.94177	-1111	8.46198	
2526	849398400	1996	12	01	1	0	0	60289	-1111	3.94177	-1111	8.35531	
2557	852076800	1997	01	01	1	0	0	60423	-1111	3.94177	-1111	8.38366	
2588	854755200	1997	02	01	1	0	0	60556	-1111	4.17746	-1111	8.50822	
2616	857174400	1997	03	01	1	0	0	60687	-1111	4.17746	-1111	8.44064	
2647	859852800	1997	04	01	1	0	0	60806	-1111	4.17746	-1111	8.67109	
2677	862444800	1997	05	01	1	0	0	60919	-1111	4.17746	-1111	8.67235	
2708	865123200	1997	06	01	1	0	0	61025	-1111	4.17746	-1111	8.79831	
2738	867715200	1997	07	01	1	0	0	61150	-1111	4.17746	-1111	9.01818	
2769	870393600	1997	08	01	1	0	0	61290	-1111	4.17746	-1111	8.8752	
2800	873072000	1997	09	01	1	0	0	61422	-1111	4.17746	-1111	8.70595	
2830	875664000	1997	10	01	1	0	0	61564	-1111	4.17746	-1111	8.65786	
2861	878342400	1997	11	01	1	0	0	61687	-1111	4.17746	-1111	8.70981	
2891	880934400	1997	12	01	1	0	0	61820	-1111	4.17746	-1111	8.63071	
2922	883612800	1998	01	01	1	0	0	61950	-1111	4.17746	-1111	8.96418	
2953	886291200	1998	02	01	1	0	0	62111	-1111	4.48104	-1111	8.69894	
2981	888710400	1998	03	01	1	0	0	62245	-1111	4.48104	-1111	8.50305	
3012	891388800	1998	04	01	1	0	0	62393	-1111	4.48104	-1111	8.31458	
3042	893980800	1998	05	01	1	0	0	62522	-1111	4.48104	-1111	7.87359	
3073	896659200	1998	06	01	1	0	0	62640	-1111	4.48104	-1111	7.69753	
3103	899251200	1998	07	01	1	0	0	62770	-1111	4.48104	-1111	7.55869	
3134	901929600	1998	08	01	1	0	0	62913	-1111	4.48104	-1111	7.5139	
3165	904608000	1998	09	01	1	0	0	63093	-1111	4.48104	-1111	7.39465	
3195	907200000	1998	10	01	1	0	0	63233	-1111	4.48104	-1111	7.59682	
3226	909878400	1998	11	01	1	0	0	63358	-1111	4.48104	-1111	7.77097	
3256	912470400	1998	12	01	1	0	0	63515	-1111	4.48104	-1111	7.68304	
3287	915148800	1999	01	01	1	0	0	63655	-1111	4.48104	-1111	7.78379	
3318	917827200	1999	02	01	1	0	0	63805	-1111	3.99611	-1111	7.88385	
3346	920246400	1999	03	01	1	0	0	63920	-1111	3.99611	-1111	7.81052	
3377	922924800	1999	04	01	1	0	0	64041	-1111	3.99611	-1111	7.84249	
3407	925516800	1999	05	01	1	0	0	64206	-1111	3.99611	-1111	7.82701	
3438	928195200	1999	06	01	1	0	0	64358	-1111	3.99611	-1111	7.78697	
3468	930787200	1999	07	01	1	0	0	64496	-1111	3.99611	-1111	7.77719	
3499	933465600	1999	08	01	1	0	0	64640	-1111	3.99611	-1111	7.67661	
3530	936144000	1999	09	01	1	0	0	64787	-1111	3.99611	-1111	7.95402	
3560	938736000	1999	10	01	1	0	0	64922	-1111	3.99611	-1111	8.1189	
3591	941414400	1999	11	01	1	0	0	65064	-1111	3.99611	-1111	8.28429	
3621	944006400	1999	12	01	1	0	0	65181	-1111	3.99611	-1111	8.32518	
3652	946684800	2000	01	01	1	0	0	65320	-1111	3.99611	-1111	8.23919	
3683	949363200	2000	02	01	1	0.5	0.5	65485	-1111	3.99686	-1111	6.83194	
3712	951868800	2000	03	01	1	0.5	0.5	65614	-1111	3.99686	-1111	5.61388	
3743	954547200	2000	04	01	1	0.5	0.5	65778	-1111	3.99686	-1111	4.93231	
3773	957139200	2000	05	01	1	0.5	0.5	65934	-1111	3.99686	-1111	4.33411	
3804	959817600	2000	06	01	1	0.5	0.5	66087	-1111	3.99686	-1111	3.82397	
3834	962409600	2000	07	01	1	0.5	0.5	66233	-1111	3.99686	-1111	3.35098	
3865	965088000	2000	08	01	1	0.5	0.5	66405	-1111	3.99686	-1111	3.0288	
3896	967766400	2000	09	01	1	0.5	0.5	66560	-1111	3.99686	-1111	2.89899	
3926	970358400	2000	10	01	1	0.5	0.5	66739	-1111	3.99686	-1111	2.66764	
3957	973036800	2000	11	01	1	0.5	0.5	66883	-1111	3.99686	-1111	2.63461	
3987	975628800	2000	12	01	1	0.5	0.5	67048	-1111	3.99686	-1111	2.48182	
4018	978307200	2001	01	01	1	0.5	0.5	67213	-1111	3.99686	-1111	2.58888	
4049	980985600	2001	02	01	1	0.5	0.5	67383	-1111	2.22376	-1111	2.51101	
4077	983404800	2001	03	01	1	0.5	0.5	67517	-1111	2.22376	-1111	2.38307	
4108	986083200	2001	04	01	1	0.5	0.5	67667	-1111	2.22376	-1111	2.32034	
4138	988675200	2001	05	01	1	0.5	0.5	67829	-1111	2.22376	-1111	2.27984	
4169	991353600	2001	06	01	1	0.5	0.5	67971	-1111	2.22376	-1111	2.41574	
4199	993945600	2001	07	01	1	0.5	0.5	68135	-1111	2.22376	-1111	2.53083	
4230	996624000	2001	08	01	1	0.5	0.5	68297	-1111	2.22376	-1111	2.52312	
4261	999302400	2001	09	01	1	0.5	0.5	68450	-1111	2.22376	-1111	2.65523	
4291	1001894400	2001	10	01	1	0.5	0.5	68619	-1111	2.22376	-1111	2.93264	
4322	1004572800	2001	11	01	1	0.5	0.5	68758	-1111	2.22376	-1111	3.15435	
4352	1007164800	2001	12	01	1	0.5	0.5	68932	-1111	2.22376	-1111	3.19013	
4383	1009843200	2002	01	01	1	0.5	0.5	69064	-1111	2.22376	-1111	3.17424	
4414	1012521600	2002	02	01	1	0.5	0.5	69207	-1111	1.73895	-1111	3.31168	
4442	1014940800	2002	03	01	1	0.5	0.5	69373	-1111	1.73895	-1111	3.30024	
4473	1017619200	2002	04	01	1	0.5	0.5	69535	-1111	1.73895	-1111	3.68102	
4503	1020211200	2002	05	01	1	0.5	0.5	69705	-1111	1.73895	-1111	3.92381	
4534	1022889600	2002	06	01	1	0.5	0.5	69867	-1111	1.73895	-1111	3.92614	
4564	1025481600	2002	07	01	1	0.5	0.5	70056	-1111	1.73895	-1111	3.96461	
4595	1028160000	2002	08	01	1	0.5	0.5	70217	-1111	1.73895	-1111	4.32322	
4626	1030838400	2002	09	01	1	0.5	0.5	70369	-1111	1.73895	-1111	4.50308	
4656	1033430400	2002	10	01	1	0.5	0.5	70547	-1111	1.73895	-1111	4.745	
4687	1036108800	2002	11	01	1	0.5	0.5	70708	-1111	1.73895	-1111	4.90873	
4717	1038700800	2002	12	01	1	0.5	0.5	70875	-1111	1.73895	-1111	4.89307	
4748	1041379200	2003	01	01	1	0.5	0.5	71054	-1111	1.73895	-1111	4.93351	
4779	1044057600	2003	02	01	1	0.5	0.5	71229	-1111	2.72701	-1111	4.79929	
4807	1046476800	2003	03	01	1	0.5	0.5	71370	-1111	2.72701	-1111	4.7717	
4838	1049155200	2003	04	01	1	0.5	0.5	71544	-1111	2.72701	-1111	4.77619	
4868	1051747200	2003	05	01	1	0.5	0.5	71730	-1111	2.72701	-1111	4.80652	
4899	1054425600	2003	06	01	1	0.5	0.5	71904	-1111	2.72701	-1111	4.88818	
4929	1057017600	2003	07	01	1	0.5	0.5	72064	-1111	2.72701	-1111	4.74954	
4960	1059696000	2003	08	01	1	0.5	0.5	72219	-1111	2.72701	-1111	4.67382	
4991	1062374400	2003	09	01	1	0.5	0.5	72379	-1111	2.72701	-1111	4.83047	
5021	1064966400	2003	10	01	1	0.5	0.5	72549	-1111	2.72701	-1111	4.88099	
5052	1067644800	2003	11	01	1	0.5	0.5	72722	-1111	2.72701	-1111	4.80801	
5082	1070236800	2003	12	01	1	0.5	0.5	72906	-1111	2.72701	-1111	4.92313	
5113	1072915200	2004	01	01	1	0.5	0.5	73049	-1111	2.72701	-1111	4.97523	
5144	1075593600	2004	02	01	1	0.5	0.5	73210	-1111	3.03123	-1111	4.96442	
5173	1078099200	2004	03	01	1	0.5	0.5	73355	-1111	3.03123	-1111	4.83094	
5204	1080777600	2004	04	01	1	0.5	0.5	73539	-1111	3.03123	-1111	4.68464	
5234	1083369600	2004	05	01	1	0.5	0.5	73711	-1111	3.03123	-1111	4.40671	
5265	1086048000	2004	06	01	1	0.5	0.5	73877	-1111	3.03123	-1111	4.38587	
5295	1088640000	2004	07	01	1	0.5	0.5	74059	-1111	3.03123	-1111	4.18694	
5326	1091318400	2004	08	01	1	0.5	0.5	74221	-1111	3.03123	-1111	4.26576	
5357	1093996800	2004	09	01	1	0.5	0.5	74434	-1111	3.03123	-1111	4.38065	
5387	1096588800	2004	10	01	1	0.5	0.5	74583	-1111	3.03123	-1111	4.27459	
5418	1099267200	2004	11	01	1	0.5	0.5	74744	-1111	3.03123	-1111	4.31522	
5448	1101859200	2004	12	01	1	0.5	0.5	74920	-1111	3.03123	-1111	4.5917	
5479	1104537600	2005	01	01	1	0.5	0.5	75124	-1111	3.03123	-1111	4.29616	
5510	1107216000	2005	02	01	1	0.5	0.5	75297	-1111	2.82529	-1111	4.15989	
5538	1109635200	2005	03	01	1	0.5	0.5	75461	-1111	2.82529	-1111	4.16623	
5569	1112313600	2005	04	01	1	0.5	0.5	75613	-1111	2.82529	-1111	4.10866	
5599	1114905600	2005	05	01	1	0.5	0.5	75777	-1111	2.82529	-1111	4.13309	
5630	1117584000	2005	06	01	1	0.5	0.5	75982	-1111	2.82529	-1111	4.36294	
5660	1120176000	2005	07	01	1	0.5	0.5	76154	-1111	2.82529	-1111	4.45768	
5691	1122854400	2005	08	01	1	0.5	0.5	76339	-1111	2.82529	-1111	4.31168	
5722	1125532800	2005	09	01	1	0.5	0.5	76487	-1111	2.82529	-1111	4.29264	
5752	1128124800	2005	10	01	1	0.5	0.5	76635	-1111	2.82529	-1111	4.25598	
5783	1130803200	2005	11	01	1	0.5	0.5	76859	-1111	2.82529	-1111	4.37773	
5813	1133395200	2005	12	01	1	0.5	0.5	77028	-1111	2.82529	-1111	4.45354	
5844	1136073600	2006	01	01	1	0.5	0.5	77195	-1111	2.82529	-1111	4.30938	
5875	1138752000	2006	02	01	1	0.5	0.5	77379	-1111	2.68848	-1111	4.43196	
5903	1141171200	2006	03	01	1	0.5	0.5	77566	-1111	2.68848	-1111	4.49811	
5934	1143849600	2006	04	01	1	0.5	0.5	77700	-1111	2.68848	-1111	4.4957	
5964	1146441600	2006	05	01	1	0.5	0.5	77870	-1111	2.68848	-1111	4.61304	
5995	1149120000	2006	06	01	1	0.5	0.5	78047	-1111	2.68848	-1111	4.49501	
6025	1151712000	2006	07	01	1	0.5	0.5	78227	-1111	2.68848	-1111	4.51835	
6056	1154390400	2006	08	01	1	0.5	0.5	78404	-1111	2.68848	-1111	4.34169	
6087	1157068800	2006	09	01	1	0.5	0.5	78596	-1111	2.68848	-1111	4.40113	
6117	1159660800	2006	10	01	1	0.5	0.5	78779	-1111	2.68848	-1111	4.42717	
6148	1162339200	2006	11	01	1	0.5	0.5	78943	-1111	2.68848	-1111	4.61947	
6178	1164931200	2006	12	01	1	0.5	0.5	79130	-1111	2.68848	-1111	4.42646	
6209	1167609600	2007	01	01	1	0.5	0.5	79304	-1111	2.68848	-1111	4.32422	
6240	1170288000	2007	02	01	1	0.5	0.5	79486	-1111	2.72643	-1111	4.21723	
6268	1172707200	2007	03	01	1	0.5	0.5	79672	-1111	2.72643	-1111	4.14806	
6299	1175385600	2007	04	01	1	0.5	0.5	79854	-1111	2.72643	-1111	4.2241	
6329	1177977600	2007	05	01	1	0.5	0.5	80024	-1111	2.72643	-1111	3.96201	
6360	1180656000	2007	06	01	1	0.5	0.5	80200	-1111	2.72643	-1111	4.13297	
6390	1183248000	2007	07	01	1	0.5	0.5	80390	-1111	2.72643	-1111	4.06968	
6421	1185926400	2007	08	01	1	0.5	0.5	80594	-1111	2.72643	-1111	4.13742	
6452	1188604800	2007	09	01	1	0.5	0.5	80794	-1111	2.72643	-1111	4.28747	
6482	1191196800	2007	10	01	1	0.5	0.5	80960	-1111	2.72643	-1111	4.31267	
6513	1193875200	2007	11	01	1	0.5	0.5	81147	-1111	2.72643	-1111	4.31367	
6543	1196467200	2007	12	01	1	0.5	0.5	81373	-1111	2.72643	-1111	4.35991	
6574	1199145600	2008	01	01	1	0.5	0.5	81588	-1111	2.72643	-1111	4.42013	
6605	1201824000	2008	02	01	1	0.5	0.5	81767	-1111	2.618	-1111	4.62366	
6634	1204329600	2008	03	01	1	0.5	0.5	81977	-1111	2.618	-1111	4.69724	
6665	1207008000	2008	04	01	1	0.5	0.5	82189	-1111	2.618	-1111	4.50925	
6695	1209600000	2008	05	01	1	0.5	0.5	82365	-1111	2.618	-1111	4.31938	
6726	1212278400	2008	06	01	1	0.5	0.5	82561	-1111	2.618	-1111	4.36721	
6756	1214870400	2008	07	01	1	0.5	0.5	82738	-1111	2.618	-1111	4.24535	
6787	1217548800	2008	08	01	1	0.5	0.5	82938	-1111	2.618	-1111	4.35571	
6818	1220227200	2008	09	01	1	0.5	0.5	83144	-1111	2.618	-1111	4.32878	
6848	1222819200	2008	10	01	1	0.5	0.5	83336	-1111	2.618	-1111	4.14193	
6879	1225497600	2008	11	01	1	0.5	0.5	83525	-1111	2.618	-1111	4.47104	
6909	1228089600	2008	12	01	1	0.5	0.5	83702	-1111	2.618	-1111	4.47022	
6940	1230768000	2009	01	01	1	0.5	0.5	83898	-1111	2.618	-1111	4.41758	
6971	1233446400	2009	02	01	1	0.5	0.5	84097	-1111	2.72251	-1111	4.36681	
6999	1235865600	2009	03	01	1	0.5	0.5	84261	-1111	2.72251	-1111	4.27815	
7030	1238544000	2009	04	01	1	0.5	0.5	84451	-1111	2.72251	-1111	4.42552	
7060	1241136000	2009	05	01	1	0.5	0.5	84650	-1111	2.72251	-1111	4.42763	
7091	1243814400	2009	06	01	1	0.5	0.5	84859	-1111	2.72251	-1111	4.24779	
7121	1246406400	2009	07	01	1	0.5	0.5	85040	-1111	2.72251	-1111	4.44579	
7152	1249084800	2009	08	01	1	0.5	0.5	85255	-1111	2.72251	-1111	4.42675	
7183	1251763200	2009	09	01	1	0.5	0.5	85449	-1111	2.72251	-1111	4.52192	
7213	1254355200	2009	10	01	1	0.5	0.5	85644	-1111	2.72251	-1111	4.19742	
7244	1257033600	2009	11	01	1	0.5	0.5	85843	-1111	2.72251	-1111	4.50658	
7274	1259625600	2009	12	01	1	0.5	0.5	86031	-1111	2.72251	-1111	4.29541	
7305	1262304000	2010	01	01	1	0.5	0.5	86188	-1111	2.72251	-1111	4.46375	
7336	1264982400	2010	02	01	1	0.5	0.5	86383	-1111	2.67456	-1111	4.28787	
7364	1267401600	2010	03	01	1	0.5	0.5	86572	-1111	2.67456	-1111	4.32469	
7395	1270080000	2010	04	01	1	0.5	0.5	86782	-1111	2.67456	-1111	4.17101	
7425	1272672000	2010	05	01	1	0.5	0.5	86986	-1111	2.67456	-1111	4.21853	
7456	1275350400	2010	06	01	1	0.5	0.5	87233	-1111	2.67456	-1111	4.28281	
7486	1277942400	2010	07	01	1	0.5	0.5	87422	-1111	2.67456	-1111	4.20896	
7517	1280620800	2010	08	01	1	0.5	0.5	87670	-1111	2.67456	-1111	4.27389	
7548	1283299200	2010	09	01	1	0.5	0.5	87912	-1111	2.67456	-1111	3.93266	
7578	1285891200	2010	10	01	1	0.5	0.5	88112	-1111	2.67456	-1111	4.21797	
7609	1288569600	2010	11	01	1	0.5	0.5	88327	-1111	2.67456	-1111	4.26254	
7639	1291161600	2010	12	01	1	0.5	0.5	88491	-1111	2.67456	-1111	4.14104	
7670	1293840000	2011	01	01	1	0.5	0.5	88708	-1111	2.67456	-1111	4.26431	
7701	1296518400	2011	02	01	1	0.5	0.5	88879	-1111	2.6304	-1111	4.39048	
7729	1298937600	2011	03	01	1	0.5	0.5	89068	-1111	2.6304	-1111	4.27831	
7760	1301616000	2011	04	01	1	0.5	0.5	89270	-1111	2.6304	-1111	4.45103	
7790	1304208000	2011	05	01	1	0.5	0.5	89456	-1111	2.6304	-1111	4.29258	
7821	1306886400	2011	06	01	1	0.5	0.5	89674	-1111	2.6304	-1111	4.38855	
7851	1309478400	2011	07	01	1	0.5	0.5	89874	-1111	2.6304	-1111	4.38731	
7882	1312156800	2011	08	01	1	0.5	0.5	90090	-1111	2.6304	-1111	4.17707	
7913	1314835200	2011	09	01	1	0.5	0.5	90317	-1111	2.6304	-1111	4.4458	
7943	1317427200	2011	10	01	1	0.5	0.5	90499	-1111	2.6304	-1111	4.40298	
7974	1320105600	2011	11	01	1	0.5	0.5	90748	-1111	2.6304	-1111	4.46145	
8004	1322697600	2011	12	01	1	0.5	0.5	90977	-1111	2.6304	-1111	4.50165	
8035	1325376000	2012	01	01	1	0.5	0.5	91214	-1111	2.6304	-1111	4.30933	
8066	1328054400	2012	02	01	1	0.5	0.5	91419	-1111	2.64152	-1111	4.26536	
8095	1330560000	2012	03	01	1	0.5	0.5	91608	-1111	2.64152	-1111	4.49914	
8126	1333238400	2012	04	01	1	0.5	0.5	91831	-1111	2.64152	-1111	4.6834	
8156	1335830400	2012	05	01	1	0.5	0.5	92070	-1111	2.64152	-1111	4.84411	
8187	1338508800	2012	06	01	1	0.5	0.5	92276	-1111	2.64152	-1111	4.581	
8217	1341100800	2012	07	01	1	0.5	0.5	92474	-1111	2.64152	-1111	4.4757	
8248	1343779200	2012	08	01	1	0.5	0.5	92717	-1111	2.64152	-1111	4.50083	
8279	1346457600	2012	09	01	1	0.5	0.5	92930	-1111	2.64152	-1111	4.53968	
8309	1349049600	2012	10	01	1	0.5	0.5	93138	-1111	2.64152	-1111	4.61266	
8340	1351728000	2012	11	01	1	0.5	0.5	93340	-1111	2.64152	-1111	4.84014	
8370	1354320000	2012	12	01	1	0.5	0.5	93544	-1111	2.64152	-1111	4.71821	
8401	1356998400	2013	01	01	1	0.5	0.5	93738	-1111	2.64152	-1111	4.65331	
8432	1359676800	2013	02	01	1	0.5	0.5	93949	-1111	2.79212	-1111	4.66499	
8460	1362096000	2013	03	01	1	0.5	0.5	94143	-1111	2.79212	-1111	4.66516	
8491	1364774400	2013	04	01	1	0.5	0.5	94375	-1111	2.79212	-1111	4.58605	
8521	1367366400	2013	05	01	1	0.5	0.5	94617	-1111	2.79212	-1111	4.58257	
8552	1370044800	2013	06	01	1	0.5	0.5	94804	-1111	2.79212	-1111	4.51902	
8582	1372636800	2013	07	01	1	0.5	0.5	95039	-1111	2.79212	-1111	4.47798	
8613	1375315200	2013	08	01	1	0.5	0.5	95290	-1111	2.79212	-1111	4.60978	
8644	1377993600	2013	09	01	1	0.5	0.5	95512	-1111	2.79212	-1111	4.63811	
8674	1380585600	2013	10	01	1	0.5	0.5	95739	-1111	2.79212	-1111	4.4917	
8705	1383264000	2013	11	01	1	0.5	0.5	95951	-1111	2.79212	-1111	4.35765	
8735	1385856000	2013	12	01	1	0.5	0.5	96198	-1111	2.79212	-1111	4.47847	
8766	1388534400	2014	01	01	1	0.5	0.5	96409	-1111	2.79212	-1111	4.29888	
8797	1391212800	2014	02	01	1	0.5	0.5	96649	-1111	2.75005	-1111	4.23515	
8825	1393632000	2014	03	01	1	0.5	0.5	96835	-1111	2.75005	-1111	4.44742	
8856	1396310400	2014	04	01	1	0.5	0.5	97059	-1111	2.75005	-1111	4.40224	
8886	1398902400	2014	05	01	1	0.5	0.5	97297	-1111	2.75005	-1111	4.37313	
8917	1401580800	2014	06	01	1	0.5	0.5	97507	-1111	2.75005	-1111	4.3238	
8947	1404172800	2014	07	01	1	0.5	0.5	97741	-1111	2.75005	-1111	4.24752	
8978	1406851200	2014	08	01	1	0.5	0.5	97993	-1111	2.75005	-1111	4.32532	
9009	1409529600	2014	09	01	1	0.5	0.5	98213	-1111	2.75005	-1111	4.32573	
9039	1412121600	2014	10	01	1	0.5	0.5	98468	-1111	2.75005	-1111	4.34626	
9070	1414800000	2014	11	01	1	0.5	0.5	98730	-1111	2.75005	-1111	4.4239	
9100	1417392000	2014	12	01	1	0.5	0.5	98927	-1111	2.75005	-1111	4.29333	
9131	1420070400	2015	01	01	1	0.5	0.5	99184	-1111	2.75005	-1111	4.12281	
9162	1422748800	2015	02	01	1	0.5	0.5	99394	-1111	2.62787	-1111	3.97529	
9190	1425168000	2015	03	01	1	0.5	0.5	99595	-1111	2.62787	-1111	4.01358	
9221	1427846400	2015	04	01	1	0.5	0.5	99858	-1111	2.62787	-1111	4.01937	
9251	1430438400	2015	05	01	1	0.5	0.5	100098	-1111	2.62787	-1111	4.10232	
9282	1433116800	2015	06	01	1	0.5	0.5	100338	-1111	2.62787	-1111	4.19364	
9312	1435708800	2015	07	01	1	0.5	0.5	100541	-1111	2.62787	-1111	4.26922	
9343	1438387200	2015	08	01	1	0.5	0.5	100767	-1111	2.62787	-1111	4.4545	
9374	1441065600	2015	09	01	1	0.5	0.5	101005	-1111	2.62787	-1111	4.40976	
9404	1443657600	2015	10	01	1	0.5	0.5	101258	-1111	2.62787	-1111	4.46557	
9435	1446336000	2015	11	01	1	0.5	0.5	101487	-1111	2.62787	-1111	4.34412	
9465	1448928000	2015	12	01	1	0.5	0.5	101734	-1111	2.62787	-1111	4.32936	
9496	1451606400	2016	01	01	1	0.5	0.5	101988	-1111	2.62787	-1111	4.54125	
9527	1454284800	2016	02	01	1	0.5	0.5	102211	-1111	2.63077	-1111	4.59633	
9556	1456790400	2016	03	01	1	0.5	0.5	102414	-1111	2.63077	-1111	4.67268	
9587	1459468800	2016	04	01	1	0.5	0.5	102661	-1111	2.63077	-1111	4.62782	
9617	1462060800	2016	05	01	1	0.5	0.5	102879	-1111	2.63077	-1111	4.56715	
9648	1464739200	2016	06	01	1	0.5	0.5	103083	-1111	2.63077	-1111	4.44851	
9678	1467331200	2016	07	01	1	0.5	0.5	103300	-1111	2.63077	-1111	4.49374	
9709	1470009600	2016	08	01	1	0.5	0.5	103561	-1111	2.63077	-1111	4.62981	
9740	1472688000	2016	09	01	1	0.5	0.5	103811	-1111	2.63077	-1111	4.75451	
9770	1475280000	2016	10	01	1	0.5	0.5	104015	-1111	2.63077	-1111	4.80552	
9801	1477958400	2016	11	01	1	0.5	0.5	104263	-1111	2.63077	-1111	4.756	
9831	1480550400	2016	12	01	1	0.5	0.5	104516	-1111	2.63077	-1111	4.72225	
9862	1483228800	2017	01	01	1	0.5	0.5	104766	-1111	2.63077	-1111	4.58705	
9893	1485907200	2017	02	01	1	0.5	0.5	105050	-1111	2.75964	-1111	4.73086	
9921	1488326400	2017	03	01	1	0.5	0.5	105277	-1111	2.75964	-1111	4.92297	
9952	1491004800	2017	04	01	1	0.5	0.5	105517	-1111	2.75964	-1111	4.86613	
9982	1493596800	2017	05	01	1	0.5	0.5	105753	-1111	2.75964	-1111	4.96158	
10013	1496275200	2017	06	01	1	0.5	0.5	105964	-1111	2.75964	-1111	4.85566	
10043	1498867200	2017	07	01	1	0.5	0.5	106221	-1111	2.75964	-1111	4.63362	
10074	1501545600	2017	08	01	1	0.5	0.5	106493	-1111	2.75964	-1111	4.59234	
10105	1504224000	2017	09	01	1	0.5	0.5	106753	-1111	2.75964	-1111	4.45599	
10135	1506816000	2017	10	01	1	0.5	0.5	106991	-1111	2.75964	-1111	4.54695	
10166	1509494400	2017	11	01	1	0.5	0.5	107227	-1111	2.75964	-1111	4.59113	
10196	1512086400	2017	12	01	1	0.5	0.5	107478	-1111	2.75964	-1111	4.57269	
10227	1514764800	2018	01	01	1	0.5	0.5	107707	-1111	2.75964	-1111	4.50561	
10258	1517443200	2018	02	01	1	0.5	0.5	107941	-1111	2.81442	-1111	4.37046	
10286	1519862400	2018	03	01	1	0.5	0.5	108163	-1111	2.81442	-1111	4.50116	
10317	1522540800	2018	04	01	1	0.5	0.5	108416	-1111	2.81442	-1111	4.38584	
10347	1525132800	2018	05	01	1	0.5	0.5	108630	-1111	2.81442	-1111	4.49519	
10378	1527811200	2018	06	01	1	0.5	0.5	108913	-1111	2.81442	-1111	4.38351	
10408	1530403200	2018	07	01	1	0.5	0.5	109176	-1111	2.81442	-1111	4.51373	
10439	1533081600	2018	08	01	1	0.5	0.5	109444	-1111	2.81442	-1111	4.45309	
10470	1535760000	2018	09	01	1	0.5	0.5	109746	-1111	2.81442	-1111	4.49558	
10500	1538352000	2018	10	01	1	0.5	0.5	109992	-1111	2.81442	-1111	4.49094	
10531	1541030400	2018	11	01	1	0.5	0.5	110261	-1111	2.81442	-1111	4.43514	
10561	1543622400	2018	12	01	1	0.5	0.5	110481	-1111	2.81442	-1111	4.33566	
10592	1546300800	2019	01	01	1	0.5	0.5	110749	-1111	2.81442	-1111	4.50788	
10623	1548979200	2019	02	01	1	0.5	0.5	110986	-1111	2.68239	-1111	4.46931	
10651	1551398400	2019	03	01	1	0.5	0.5	111238	-1111	2.68239	-1111	4.26819	
10682	1554076800	2019	04	01	1	0.5	0.5	111487	-1111	2.68239	-1111	4.1092	
10712	1556668800	2019	05	01	1	0.5	0.5	111743	-1111	2.68239	-1111	4.30371	
10743	1559347200	2019	06	01	1	0.5	0.5	111973	-1111	2.68239	-1111	4.37533	
10773	1561939200	2019	07	01	1	0.5	0.5	112235	-1111	2.68239	-1111	4.23634	
10804	1564617600	2019	08	01	1	0.5	0.5	112535	-1111	2.68239	-1111	4.27757	
10835	1567296000	2019	09	01	1	0.5	0.5	112835	-1111	2.68239	-1111	4.43512	
10865	1569888000	2019	10	01	1	0.5	0.5	113105	-1111	2.68239	-1111	4.3716	
10896	1572566400	2019	11	01	1	0.5	0.5	113380	-1111	2.68239	-1111	4.34422	
10926	1575158400	2019	12	01	1	0.5	0.5	113657	-1111	2.68239	-1111	4.38959	
10957	1577836800	2020	01	01	1	0.5	0.5	113951	-1111	2.68239	-1111	4.17583	
10988	1580515200	2020	02	01	1	0.5	0.5	114197	-1111	2.68933	-1111	4.22555	
11017	1583020800	2020	03	01	1	0.5	0.5	114464	-1111	2.68933	-1111	4.22227	
11048	1585699200	2020	04	01	1	0.5	0.5	114731	-1111	2.68933	-1111	4.2453	
11078	1588291200	2020	05	01	1	0.5	0.5	114980	-1111	2.68933	-1111	4.15304	
11109	1590969600	2020	06	01	1	0.5	0.5	115222	-1111	2.68933	-1111	4.1552	
11139	1593561600	2020	07	01	1	0.5	0.5	115475	-1111	2.68933	-1111	4.24099	
11170	1596240000	2020	08	01	1	0.5	0.5	115759	-1111	2.68933	-1111	4.12462	
11201	1598918400	2020	09	01	1	0.5	0.5	116008	-1111	2.68933	-1111	4.26505	
11231	1601510400	2020	10	01	1	0.5	0.5	116301	-1111	2.68933	-1111	4.44004	
11262	1604188800	2020	11	01	1	0.5	0.5	116592	-1111	2.68933	-1111	4.43902	
11292	1606780800	2020	12	01	1	0.5	0.5	116867	-1111	2.68933	-1111	4.14719	
11323	1609459200	2021	01	01	1	0.5	0.5	117181	-1111	2.68933	-1111	4.17859	
11354	1612137600	2021	02	01	1	0.5	0.5	117442	-1111	2.578	-1111	4.18286	
11382	1614556800	2021	03	01	1	0.5	0.5	117668	-1111	2.578	-1111	4.23995	
11413	1617235200	2021	04	01	1	0.5	0.5	117957	-1111	2.578	-1111	4.35416	
11443	1619827200	2021	05	01	1	0.5	0.5	118250	-1111	2.578	-1111	4.33535	
11474	1622505600	2021	06	01	1	0.5	0.5	118549	-1111	2.578	-1111	4.31026	
11504	1625097600	2021	07	01	1	0.5	0.5	118832	-1111	2.578	-1111	4.36828	
11535	1627776000	2021	08	01	1	0.5	0.5	119133	-1111	2.578	-1111	4.30489	
11566	1630454400	2021	09	01	1	0.5	0.5	119436	-1111	2.578	-1111	4.64066	
11596	1633046400	2021	10	01	1	0.5	0.5	119685	-1111	2.578	-1111	4.61162	
11627	1635724800	2021	11	01	1	0.5	0.5	119925	-1111	2.578	-1111	4.68251	
11657	1638316800	2021	12	01	1	0.5	0.5	120207	-1111	2.578	-1111	4.73703	
11688	1640995200	2022	01	01	1	0.5	0.5	120524	-1111	2.578	-1111	4.56193	
11719	1643673600	2022	02	01	1	0.5	0.5	120785	-1111	2.70501	-1111	4.85334	
11747	1646092800	2022	03	01	1	0.5	0.5	121045	-1111	2.70501	-1111	4.72847	
11778	1648771200	2022	04	01	1	0.5	0.5	121348	-1111	2.70501	-1111	4.64489	
11808	1651363200	2022	05	01	1	0.5	0.5	121622	-1111	2.70501	-1111	4.63566	
11839	1654041600	2022	06	01	1	0.5	0.5	121923	-1111	2.70501	-1111	4.69335	
11869	1656633600	2022	07	01	1	0.5	0.5	122151	-1111	2.70501	-1111	4.71599	
11900	1659312000	2022	08	01	1	0.5	0.5	122448	-1111	2.70501	-1111	4.85576	
11931	1661990400	2022	09	01	1	0.5	0.5	122727	-1111	2.70501	-1111	4.75842	
11961	1664582400	2022	10	01	1	0.5	0.5	123011	-1111	2.70501	-1111	4.89506	
11992	1667260800	2022	11	01	1	0.5	0.5	123281	-1111	2.70501	-1111	4.74684	
12022	1669852800	2022	12	01	1	0.5	0.5	123543	-1111	2.70501	-1111	4.65498	
12053	1672531200	2023	01	01	1	0.5	0.5	123831	-1111	2.70501	-1111	4.64333	
12084	1675209600	2023	02	01	1	0.5	0.5	124120	-1111	2.82961	-1111	4.62742	
12112	1677628800	2023	03	01	1	0.5	0.5	124430	-1111	2.82961	-1111	4.62673	
12143	1680307200	2023	04	01	1	0.5	0.5	124728	-1111	2.82961	-1111	4.60763	
12173	1682899200	2023	05	01	1	0.5	0.5	125004	-1111	2.82961	-1111	4.5233	
12204	1685577600	2023	06	01	1	0.5	0.5	125286	-1111	2.82961	-1111	4.42257	
12234	1688169600	2023	07	01	1	0.5	0.5	125593	-1111	2.82961	-1111	4.54517	
12265	1690848000	2023	08	01	1	0.5	0.5	125881	-1111	2.82961	-1111	4.45098	
12296	1693526400	2023	09	01	1	0.5	0.5	126170	-1111	2.82961	-1111	4.48623	
12326	1696118400	2023	10	01	1	0.5	0.5	126450	-1111	2.82961	-1111	4.45622	
12357	1698796800	2023	11	01	1	0.5	0.5	126729	-1111	2.82961	-1111	4.44923	
12387	1701388800	2023	12	01	1	0.5	0.5	127038	-1111	2.82961	-1111	4.50989	
12418	1704067200	2024	01	01	1	0.5	0.5	127377	-1111	2.82961	-1111	4.61585	
12449	1706745600	2024	02	01	1	0.5	0.5	127658	-1111	2.71696	-1111	4.64144	
12478	1709251200	2024	03	01	1	0.5	0.5	127919	-1111	2.71696	-1111	4.56289	
12509	1711929600	2024	04	01	1	0.5	0.5	128248	-1111	2.71696	-1111	4.36737	
12539	1714521600	2024	05	01	1	0.5	0.5	128581	-1111	2.71696	-1111	4.31936	
12570	1717200000	2024	06	01	1	0.5	0.5	128861	-1111	2.71696	-1111	4.47639	
12600	1719792000	2024	07	01	1	0.5	0.5	129142	-1111	2.71696	-1111	4.46477	
12631	1722470400	2024	08	01	1	0.5	0.5	129410	-1111	2.71696	-1111	4.56093	
12662	1725148800	2024	09	01	1	0.5	0.5	129657	-1111	2.71696	-1111	4.45233	
12692	1727740800	2024	10	01	1	0.5	0.5	129921	-1111	2.71696	-1111	4.56702	
12723	1730419200	2024	11	01	1	0.5	0.5	130216	-1111	2.71696	-1111	4.51756	
12753	1733011200	2024	12	01	1	0.5	0.5	130490	-1111	2.71696	-1111	4.18261	
12784	1735689600	2025	01	01	1	0.5	0.5	130805	-1111	2.71696	-1111	4.20431	
12815	1738368000	2025	02	01	1	0.5	0.5	131074	-1111	2.6647	-1111	4.30955	
12843	1740787200	2025	03	01	1	0.5	0.5	131289	-1111	2.6647	-1111	4.57429	
12874	1743465600	2025	04	01	1	0.5	0.5	131583	-1111	2.6647	-1111	4.77331	
12904	1746057600	2025	05	01	1	0.5	0.5	131856	-1111	2.6647	-1111	4.78819	
12935	1748736000	2025	06	01	1	0.5	0.5	132163	-1111	2.6647	-1111	4.8522	
12965	1751328000	2025	07	01	1	0.5	0.5	132508	-1111	2.6647	-1111	4.73548	
12996	1754006400	2025	08	01	1	0.5	0.5	132774	-1111	2.6647	-1111	4.55451	
13027	1756684800	2025	09	01	1	0.5	0.5	133071	-1111	2.6647	-1111	4.43743	
13057	1759276800	2025	10	01	1	0.5	0.5	133360	-1111	2.6647	-1111	4.37905	
13088	1761955200	2025	11	01	1	0.5	0.5	133651	-1111	2.6647	-1111	4.4287	
13118	1764547200	2025	12	01	1	0.5	0.5	133931	-1111	2.6647	-1111	4.67037	
13149	1767225600	2026	01	01	1	0.5	0.5	134273	-1111	2.6647	-1111	4.54348	
13180	1769904000	2026	02	01	1	0.5	0.5	134553	-1111	2.71304	-1111	4.56731	
13208	1772323200	2026	03	01	1	0.5	0.5	134839	-1111	2.71304	-1111	4.52351	
13239	1775001600	2026	04	01	1	0.5	0.5	135196	-1111	2.71304	-1111	4.62776	
13269	1777593600	2026	05	01	1	0.5	0.5	135472	-1111	2.71304	-1111	4.60557	
13300	1780272000	2026	06	01	1	0.5	0.5	135796	-1111	2.71304	-1111	4.75399	
13330	1782864000	2026	07	01	1	0.5	0.5	136126	-1111	2.71304	-1111	4.75945	
13361	1785542400	2026	08	01	1	0.5	0.5	136412	-1111	2.71304	-1111	4.79726	
13392	1788220800	2026	09	01	1	0.5	0.5	136694	-1111	2.71304	-1111	4.63723	
13422	1790812800	2026	10	01	1	0.5	0.5	137014	-1111	2.71304	-1111	4.48207	
13453	1793491200	2026	11	01	1	0.5	0.5	137318	-1111	2.71304	-1111	4.48024	
13483	1796083200	2026	12	01	1	0.5	0.5	137628	-1111	2.71304	-1111	4.54674	
13514	1798761600	2027	01	01	1	0.5	0.5	137934	-1111	2.71304	-1111	4.51224	
13545	1801440000	2027	02	01	1	0.5	0.5	138251	-1111	2.78137	-1111	4.45217	
13573	1803859200	2027	03	01	1	0.5	0.5	138544	-1111	2.78137	-1111	4.52941	
13604	1806537600	2027	04	01	1	0.5	0.5	138891	-1111	2.78137	-1111	4.6391	
13634	1809129600	2027	05	01	1	0.5	0.5	139191	-1111	2.78137	-1111	4.5663	
13665	1811808000	2027	06	01	1	0.5	0.5	139499	-1111	2.78137	-1111	4.53169	
13695	1814400000	2027	07	01	1	0.5	0.5	139810	-1111	2.78137	-1111	4.43215	
13726	1817078400	2027	08	01	1	0.5	0.5	140151	-1111	2.78137	-1111	4.62144	
13757	1819756800	2027	09	01	1	0.5	0.5	140434	-1111	2.78137	-1111	4.67441	
13787	1822348800	2027	10	01	1	0.5	0.5	140748	-1111	2.78137	-1111	4.60727	
13818	1825027200	2027	11	01	1	0.5	0.5	141106	-1111	2.78137	-1111	4.67629	
13848	1827619200	2027	12	01	1	0.5	0.5	141395	-1111	2.78137	-1111	4.67362	
13879	1830297600	2028	01	01	1	0.5	0.5	141690	-1111	2.78137	-1111	4.61976	
13910	1832976000	2028	02	01	1	0.5	0.5	142045	-1111	2.69232	-1111	4.55147	
13939	1835481600	2028	03	01	1	0.5	0.5	142343	-1111	2.69232	-1111	4.55171	
13970	1838160000	2028	04	01	1	0.5	0.5	142668	-1111	2.69232	-1111	4.66317	
14000	1840752000	2028	05	01	1	0.5	0.5	142955	-1111	2.69232	-1111	4.59969	
14031	1843430400	2028	06	01	1	0.5	0.5	143276	-1111	2.69232	-1111	4.65688	
14061	1846022400	2028	07	01	1	0.5	0.5	143594	-1111	2.69232	-1111	4.59961	
14092	1848700800	2028	08	01	1	0.5	0.5	143941	-1111	2.69232	-1111	4.57726	
14123	1851379200	2028	09	01	1	0.5	0.5	144306	-1111	2.69232	-1111	4.61296	
14153	1853971200	2028	10	01	1	0.5	0.5	144671	-1111	2.69232	-1111	4.71486	
14184	1856649600	2028	11	01	1	0.5	0.5	144998	-1111	2.69232	-1111	4.60247	
14214	1859241600	2028	12	01	1	0.5	0.5	145328	-1111	2.69232	-1111	4.63576	
14245	1861920000	2029	01	01	1	0.5	0.5	145712	-1111	2.69232	-1111	4.53871	
14276	1864598400	2029	02	01	1	0.5	0.5	146049	-1111	2.70525	-1111	4.86361	
14304	1867017600	2029	03	01	1	0.5	0.5	146350	-1111	2.70525	-1111	4.7605	
14335	1869696000	2029	04	01	1	0.5	0.5	146714	-1111	2.70525	-1111	4.84537	
14365	1872288000	2029	05	01	1	0.5	0.5	147010	-1111	2.70525	-1111	4.79932	
14396	1874966400	2029	06	01	1	0.5	0.5	147352	-1111	2.70525	-1111	4.73889	
14426	1877558400	2029	07	01	1	0.5	0.5	147716	-1111	2.70525	-1111	4.79569	
14457	1880236800	2029	08	01	1	0.5	0.5	148043	-1111	2.70525	-1111	4.76241	
14488	1882915200	2029	09	01	1	0.5	0.5	148384	-1111	2.70525	-1111	4.89393	
14518	1885507200	2029	10	01	1	0.5	0.5	148722	-1111	2.70525	-1111	5.04442	
14549	1888185600	2029	11	01	1	0.5	0.5	149095	-1111	2.70525	-1111	4.9955	
14579	1890777600	2029	12	01	1	0.5	0.5	149416	-1111	2.70525	-1111	4.92301	
14610	1893456000	2030	01	01	1	0.5	0.5	149781	-1111	2.70525	-1111	4.92421	
