0	631152000	1990	01	01	1	0.6	0.5	50000	-1111	0	-1111	5.00614	
31	633830400	1990	02	01	1	0	0	50089	-1111	0	-1111	12.2605	
59	636249600	1990	03	01	1	0	0	50221	-1111	0	-1111	15.0231	
90	638928000	1990	04	01	1	0	0	50332	-1111	0	-1111	15.3457	
120	641520000	1990	05	01	1	0	0	50426	-1111	0	-1111	17.7275	
151	644198400	1990	06	01	1	0	0	50524	-1111	0	-1111	18.8734	
181	646790400	1990	07	01	1	0	0	50622	-1111	0	-1111	20.0867	
212	649468800	1990	08	01	1	0	0	50729	-1111	0	-1111	20.4313	
243	652147200	1990	09	01	1	0	0	50857	-1111	0	-1111	20.9724	
273	654739200	1990	10	01	1	0	0	50955	-1111	0	-1111	20.3946	
304	657417600	1990	11	01	1	0	0	51035	-1111	0	-1111	19.2846	
334	660009600	1990	12	01	1	0	0	51127	-1111	0	-1111	18.7014	
365	662688000	1991	01	01	1	0	0	51261	-1111	0	-1111	17.8005	
396	665366400	1991	02	01	1	0	0	51368	-1111	0	-1111	16.171	
424	667785600	1991	03	01	1	0	0	51469	-1111	0	-1111	14.5945	
455	670464000	1991	04	01	1	0	0	51592	-1111	0	-1111	13.0989	
485	673056000	1991	05	01	1	0	0	51713	-1111	0	-1111	12.1405	
516	675734400	1991	06	01	1	0	0	51822	-1111	0	-1111	11.0003	
546	678326400	1991	07	01	1	0	0	51921	-1111	0	-1111	10.0221	
577	681004800	1991	08	01	1	0	0	52045	-1111	0	-1111	8.93648	
608	683683200	1991	09	01	1	0	0	52155	-1111	0	-1111	8.39208	
638	686275200	1991	10	01	1	0	0	52286	-1111	0	-1111	7.76974	
669	688953600	1991	11	01	1	0	0	52397	-1111	0	-1111	7.41435	
699	691545600	1991	12	01	1	0	0	52517	-1111	0	-1111	7.00211	
730	694224000	1992	01	01	1	0	0	52658	-1111	0	-1111	6.33648	
761	696902400	1992	02	01	1	0	0	52796	-1111	5.15618	-1111	6.01726	
790	699408000	1992	03	01	1	0	0	52908	-1111	5.15618	-1111	5.84906	
821	702086400	1992	04	01	1	0	0	53049	-1111	5.15618	-1111	5.64559	
851	704678400	1992	05	01	1	0	0	53163	-1111	5.15618	-1111	5.46675	
882	707356800	1992	06	01	1	0	0	53279	-1111	5.15618	-1111	5.41274	
912	709948800	1992	07	01	1	0	0	53423	-1111	5.15618	-1111	5.69106	
943	712627200	1992	08	01	1	0	0	53552	-1111	5.15618	-1111	6.05172	
974	715305600	1992	09	01	1	0	0	53673	-1111	5.15618	-1111	6.25234	
1004	717897600	1992	10	01	1	0	0	53783	-1111	5.15618	-1111	6.46587	
1035	720576000	1992	11	01	1	0	0	53901	-1111	5.15618	-1111	6.58319	
1065	723168000	1992	12	01	1	0	0	54024	-1111	5.15618	-1111	6.86164	
1096	725846400	1993	01	01	1	0	0	54152	-1111	5.15618	-1111	6.752	
1127	728524800	1993	02	01	1	0	0	54296	-1111	3.12559	-1111	6.81767	
1155	730944000	1993	03	01	1	0	0	54407	-1111	3.12559	-1111	7.01794	
1186	733622400	1993	04	01	1	0	0	54502	-1111	3.12559	-1111	7.32126	
1216	736214400	1993	05	01	1	0	0	54637	-1111	3.12559	-1111	7.66024	
1247	738892800	1993	06	01	1	0	0	54792	-1111	3.12559	-1111	7.85523	
1277	741484800	1993	07	01	1	0	0	54903	-1111	3.12559	-1111	8.05349	
1308	744163200	1993	08	01	1	0	0	55032	-1111	3.12559	-1111	8.08845	
1339	746841600	1993	09	01	1	0	0	55151	-1111	3.12559	-1111	8.70757	
1369	749433600	1993	10	01	1	0	0	55287	-1111	3.12559	-1111	8.8631	
1400	752112000	1993	11	01	1	0	0	55410	-1111	3.12559	-1111	8.82701	
1430	754704000	1993	12	01	1	0	0	55513	-1111	3.12559	-1111	9.15352	
1461	757382400	1994	01	01	1	0	0	55640	-1111	3.12559	-1111	9.14265	
1492	760060800	1994	02	01	1	0	0	55760	-1111	4.28317	-1111	9.09628	
1520	762480000	1994	03	01	1	0	0	55893	-1111	4.28317	-1111	9.12312	
1551	765158400	1994	04	01	1	0	0	56027	-1111	4.28317	-1111	9.23156	
1581	767750400	1994	05	01	1	0	0	56148	-1111	4.28317	-1111	9.18405	
1612	770428800	1994	06	01	1	0	0	56277	-1111	4.28317	-1111	9.04338	
1642	773020800	1994	07	01	1	0	0	56410	-1111	4.28317	-1111	8.41595	
1673	775699200	1994	08	01	1	0	0	56545	-1111	4.28317	-1111	8.43179	
1704	778377600	1994	09	01	1	0	0	56671	-1111	4.28317	-1111	8.43047	
1734	780969600	1994	10	01	1	0	0	56791	-1111	4.28317	-1111	8.6361	
1765	783648000	1994	11	01	1	0	0	56898	-1111	4.28317	-1111	8.62561	
1795	786240000	1994	12	01	1	0	0	57062	-1111	4.28317	-1111	8.60971	
1826	788918400	1995	01	01	1	0	0	57184	-1111	4.28317	-1111	8.31262	
1857	791596800	1995	02	01	1	0	0	57328	-1111	4.39661	-1111	7.69006	
1885	794016000	1995	03	01	1	0	0	57447	-1111	4.39661	-1111	7.71304	
1916	796694400	1995	04	01	1	0	0	57567	-1111	4.39661	-1111	7.66769	
1946	799286400	1995	05	01	1	0	0	57670	-1111	4.39661	-1111	8.03513	
1977	801964800	1995	06	01	1	0	0	57782	-1111	4.39661	-1111	7.8369	
2007	804556800	1995	07	01	1	0	0	57913	-1111	4.39661	-1111	7.81465	
2038	807235200	1995	08	01	1	0	0	58060	-1111	4.39661	-1111	7.80224	
2069	809913600	1995	09	01	1	0	0	58194	-1111	4.39661	-1111	7.51928	
2099	812505600	1995	10	01	1	0	0	58308	-1111	4.39661	-1111	7.66463	
2130	815184000	1995	11	01	1	0	0	58449	-1111	4.39661	-1111	7.72659	
2160	817776000	1995	12	01	1	0	0	58585	-1111	4.39661	-1111	7.68623	
2191	820454400	1996	01	01	1	0	0	58721	-1111	4.39661	-1111	7.59294	
2222	823132800	1996	02	01	1	0	0	58849	-1111	3.94417	-1111	7.89889	
2251	825638400	1996	03	01	1	0	0	58972	-1111	3.94417	-1111	8.29265	
2282	828316800	1996	04	01	1	0	0	59104	-1111	3.94417	-1111	8.14661	
2312	830908800	1996	05	01	1	0	0	59208	-1111	3.94417	-1111	8.13479	
2343	833587200	1996	06	01	1	0	0	59352	-1111	3.94417	-1111	7.99571	
2373	836179200	1996	07	01	1	0	0	59495	-1111	3.94417	-1111	7.93005	
2404	838857600	1996	08	01	1	0	0	59629	-1111	3.94417	-1111	8.16108	
2435	841536000	1996	09	01	1	0	0	59774	-1111	3.94417	-1111	8.34697	
2465	844128000	1996	10	01	1	0	0	59939	-1111	3.94417	-1111	8.32207	
2496	846806400	1996	11	01	1	0	0	60082	-1111	3.94417	-1111	8.11291	
2526	849398400	1996	12	01	1	0	0	60212	-1111	3.94417	-1111	8.08245	
2557	852076800	1997	01	01	1	0	0	60327	-1111	3.94417	-1111	8.16644	
2588	854755200	1997	02	01	1	0	0	60470	-1111	4.08195	-1111	8.49862	
2616	857174400	1997	03	01	1	0	0	60599	-1111	4.08195	-1111	8.59821	
2647	859852800	1997	04	01	1	0	0	60756	-1111	4.08195	-1111	8.70208	
2677	862444800	1997	05	01	1	0	0	60868	-1111	4.08195	-1111	8.52081	
2708	865123200	1997	06	01	1	0	0	61013	-1111	4.08195	-1111	8.68649	
2738	867715200	1997	07	01	1	0	0	61151	-1111	4.08195	-1111	8.86112	
2769	870393600	1997	08	01	1	0	0	61306	-1111	4.08195	-1111	8.83529	
2800	873072000	1997	09	01	1	0	0	61426	-1111	4.08195	-1111	8.61599	
2830	875664000	1997	10	01	1	0	0	61591	-1111	4.08195	-1111	8.38971	
2861	878342400	1997	11	01	1	0	0	61735	-1111	4.08195	-1111	8.54117	
2891	880934400	1997	12	01	1	0	0	61842	-1111	4.08195	-1111	8.63099	
2922	883612800	1998	01	01	1	0	0	61985	-1111	4.08195	-1111	8.27208	
2953	886291200	1998	02	01	1	0	0	62121	-1111	4.31822	-1111	8.32295	
2981	888710400	1998	03	01	1	0	0	62264	-1111	4.31822	-1111	8.36618	
3012	891388800	1998	04	01	1	0	0	62401	-1111	4.31822	-1111	8.17255	
3042	893980800	1998	05	01	1	0	0	62521	-1111	4.31822	-1111	8.17394	
3073	896659200	1998	06	01	1	0	0	62663	-1111	4.31822	-1111	8.39103	
3103	899251200	1998	07	01	1	0	0	62810	-1111	4.31822	-1111	8.40617	
3134	901929600	1998	08	01	1	0	0	62927	-1111	4.31822	-1111	8.46788	
3165	904608000	1998	09	01	1	0	0	63096	-1111	4.31822	-1111	8.50326	
3195	907200000	1998	10	01	1	0	0	63249	-1111	4.31822	-1111	8.04489	
3226	909878400	1998	11	01	1	0	0	63373	-1111	4.31822	-1111	8.19738	
3256	912470400	1998	12	01	1	0	0	63530	-1111	4.31822	-1111	8.25145	
3287	915148800	1999	01	01	1	0	0	63679	-1111	4.31822	-1111	8.23703	
3318	917827200	1999	02	01	1	0	0	63837	-1111	4.16429	-1111	8.2223	
3346	920246400	1999	03	01	1	0	0	63953	-1111	4.16429	-1111	8.15003	
3377	922924800	1999	04	01	1	0	0	64098	-1111	4.16429	-1111	8.25664	
3407	925516800	1999	05	01	1	0	0	64226	-1111	4.16429	-1111	8.49791	
3438	928195200	1999	06	01	1	0	0	64370	-1111	4.16429	-1111	8.45323	
3468	930787200	1999	07	01	1	0	0	64511	-1111	4.16429	-1111	8.37409	
3499	933465600	1999	08	01	1	0	0	64694	-1111	4.16429	-1111	8.52003	
3530	936144000	1999	09	01	1	0	0	64838	-1111	4.16429	-1111	8.63134	
3560	938736000	1999	10	01	1	0	0	64963	-1111	4.16429	-1111	8.73208	
3591	941414400	1999	11	01	1	0	0	65137	-1111	4.16429	-1111	8.48465	
3621	944006400	1999	12	01	1	0	0	65280	-1111	4.16429	-1111	8.09946	
3652	946684800	2000	01	01	1	0	0	65431	-1111	4.16429	-1111	8.02264	
3683	949363200	2000	02	01	1	0.5	0.5	65584	-1111	4.16657	-1111	6.73461	
3712	951868800	2000	03	01	1	0.5	0.5	65712	-1111	4.16657	-1111	5.36676	
3743	954547200	2000	04	01	1	0.5	0.5	65878	-1111	4.16657	-1111	4.62892	
3773	957139200	2000	05	01	1	0.5	0.5	66036	-1111	4.16657	-1111	4.23321	
3804	959817600	2000	06	01	1	0.5	0.5	66186	-1111	4.16657	-1111	3.99421	
3834	962409600	2000	07	01	1	0.5	0.5	66320	-1111	4.16657	-1111	3.31502	
3865	965088000	2000	08	01	1	0.5	0.5	66466	-1111	4.16657	-1111	2.93095	
3896	967766400	2000	09	01	1	0.5	0.5	66605	-1111	4.16657	-1111	2.58509	
3926	970358400	2000	10	01	1	0.5	0.5	66775	-1111	4.16657	-1111	2.52902	
3957	973036800	2000	11	01	1	0.5	0.5	66966	-1111	4.16657	-1111	2.50713	
3987	975628800	2000	12	01	1	0.5	0.5	67128	-1111	4.16657	-1111	2.396	
4018	978307200	2001	01	01	1	0.5	0.5	67285	-1111	4.16657	-1111	2.50941	
4049	980985600	2001	02	01	1	0.5	0.5	67459	-1111	2.17338	-1111	2.53097	
4077	983404800	2001	03	01	1	0.5	0.5	67601	-1111	2.17338	-1111	2.38762	
4108	986083200	2001	04	01	1	0.5	0.5	67778	-1111	2.17338	-1111	2.2672	
4138	988675200	2001	05	01	1	0.5	0.5	67946	-1111	2.17338	-1111	2.07594	
4169	991353600	2001	06	01	1	0.5	0.5	68117	-1111	2.17338	-1111	2.22904	
4199	993945600	2001	07	01	1	0.5	0.5	68281	-1111	2.17338	-1111	2.3171	
4230	996624000	2001	08	01	1	0.5	0.5	68440	-1111	2.17338	-1111	2.48931	
4261	999302400	2001	09	01	1	0.5	0.5	68608	-1111	2.17338	-1111	2.57609	
4291	1001894400	2001	10	01	1	0.5	0.5	68758	-1111	2.17338	-1111	2.42382	
4322	1004572800	2001	11	01	1	0.5	0.5	68959	-1111	2.17338	-1111	2.35956	
4352	1007164800	2001	12	01	1	0.5	0.5	69099	-1111	2.17338	-1111	2.55803	
4383	1009843200	2002	01	01	1	0.5	0.5	69280	-1111	2.17338	-1111	2.68058	
4414	1012521600	2002	02	01	1	0.5	0.5	69462	-1111	1.54983	-1111	3.00224	
4442	1014940800	2002	03	01	1	0.5	0.5	69597	-1111	1.54983	-1111	3.09379	
4473	1017619200	2002	04	01	1	0.5	0.5	69763	-1111	1.54983	-1111	3.34934	
4503	1020211200	2002	05	01	1	0.5	0.5	69951	-1111	1.54983	-1111	3.49208	
4534	1022889600	2002	06	01	1	0.5	0.5	70123	-1111	1.54983	-1111	3.6896	
4564	1025481600	2002	07	01	1	0.5	0.5	70308	-1111	1.54983	-1111	3.9467	
4595	1028160000	2002	08	01	1	0.5	0.5	70450	-1111	1.54983	-1111	4.20325	
4626	1030838400	2002	09	01	1	0.5	0.5	70618	-1111	1.54983	-1111	4.08983	
4656	1033430400	2002	10	01	1	0.5	0.5	70803	-1111	1.54983	-1111	3.9666	
4687	1036108800	2002	11	01	1	0.5	0.5	70959	-1111	1.54983	-1111	4.17416	
4717	1038700800	2002	12	01	1	0.5	0.5	71128	-1111	1.54983	-1111	4.35489	
4748	1041379200	2003	01	01	1	0.5	0.5	71290	-1111	1.54983	-1111	4.55742	
4779	1044057600	2003	02	01	1	0.5	0.5	71480	-1111	2.46909	-1111	4.49119	
4807	1046476800	2003	03	01	1	0.5	0.5	71614	-1111	2.46909	-1111	4.57633	
4838	1049155200	2003	04	01	1	0.5	0.5	71801	-1111	2.46909	-1111	4.69054	
4868	1051747200	2003	05	01	1	0.5	0.5	71977	-1111	2.46909	-1111	4.56581	
4899	1054425600	2003	06	01	1	0.5	0.5	72163	-1111	2.46909	-1111	4.44726	
4929	1057017600	2003	07	01	1	0.5	0.5	72328	-1111	2.46909	-1111	4.64207	
4960	1059696000	2003	08	01	1	0.5	0.5	72463	-1111	2.46909	-1111	4.96376	
4991	1062374400	2003	09	01	1	0.5	0.5	72629	-1111	2.46909	-1111	5.01095	
5021	1064966400	2003	10	01	1	0.5	0.5	72792	-1111	2.46909	-1111	4.91284	
5052	1067644800	2003	11	01	1	0.5	0.5	72991	-1111	2.46909	-1111	4.81088	
5082	1070236800	2003	12	01	1	0.5	0.5	73178	-1111	2.46909	-1111	4.87089	
5113	1072915200	2004	01	01	1	0.5	0.5	73331	-1111	2.46909	-1111	4.91519	
5144	1075593600	2004	02	01	1	0.5	0.5	73494	-1111	3.05595	-1111	4.77401	
5173	1078099200	2004	03	01	1	0.5	0.5	73665	-1111	3.05595	-1111	4.66523	
5204	1080777600	2004	04	01	1	0.5	0.5	73841	-1111	3.05595	-1111	4.50828	
5234	1083369600	2004	05	01	1	0.5	0.5	73992	-1111	3.05595	-1111	4.73789	
5265	1086048000	2004	06	01	1	0.5	0.5	74145	-1111	3.05595	-1111	4.63871	
5295	1088640000	2004	07	01	1	0.5	0.5	74330	-1111	3.05595	-1111	4.45962	
5326	1091318400	2004	08	01	1	0.5	0.5	74492	-1111	3.05595	-1111	4.61981	
5357	1093996800	2004	09	01	1	0.5	0.5	74658	-1111	3.05595	-1111	4.4448	
5387	1096588800	2004	10	01	1	0.5	0.5	74821	-1111	3.05595	-1111	4.39915	
5418	1099267200	2004	11	01	1	0.5	0.5	75002	-1111	3.05595	-1111	4.32715	
5448	1101859200	2004	12	01	1	0.5	0.5	75152	-1111	3.05595	-1111	4.01558	
5479	1104537600	2005	01	01	1	0.5	0.5	75319	-1111	3.05595	-1111	4.15552	
5510	1107216000	2005	02	01	1	0.5	0.5	75527	-1111	2.83175	-1111	4.25521	
5538	1109635200	2005	03	01	1	0.5	0.5	75679	-1111	2.83175	-1111	4.23556	
5569	1112313600	2005	04	01	1	0.5	0.5	75855	-1111	2.83175	-1111	4.21825	
5599	1114905600	2005	05	01	1	0.5	0.5	76020	-1111	2.83175	-1111	4.47072	
5630	1117584000	2005	06	01	1	0.5	0.5	76199	-1111	2.83175	-1111	4.46225	
5660	1120176000	2005	07	01	1	0.5	0.5	76375	-1111	2.83175	-1111	4.25697	
5691	1122854400	2005	08	01	1	0.5	0.5	76554	-1111	2.83175	-1111	4.38705	
5722	1125532800	2005	09	01	1	0.5	0.5	76735	-1111	2.83175	-1111	4.17203	
5752	1128124800	2005	10	01	1	0.5	0.5	76900	-1111	2.83175	-1111	4.48994	
5783	1130803200	2005	11	01	1	0.5	0.5	77092	-1111	2.83175	-1111	4.27521	
5813	1133395200	2005	12	01	1	0.5	0.5	77273	-1111	2.83175	-1111	4.20194	
5844	1136073600	2006	01	01	1	0.5	0.5	77456	-1111	2.83175	-1111	4.12298	
5875	1138752000	2006	02	01	1	0.5	0.5	77661	-1111	2.62456	-1111	4.15079	
5903	1141171200	2006	03	01	1	0.5	0.5	77835	-1111	2.62456	-1111	4.13541	
5934	1143849600	2006	04	01	1	0.5	0.5	78016	-1111	2.62456	-1111	4.14563	
5964	1146441600	2006	05	01	1	0.5	0.5	78196	-1111	2.62456	-1111	4.14904	
5995	1149120000	2006	06	01	1	0.5	0.5	78393	-1111	2.62456	-1111	4.26312	
6025	1151712000	2006	07	01	1	0.5	0.5	78573	-1111	2.62456	-1111	4.28364	
6056	1154390400	2006	08	01	1	0.5	0.5	78764	-1111	2.62456	-1111	4.5273	
6087	1157068800	2006	09	01	1	0.5	0.5	78953	-1111	2.62456	-1111	4.53436	
6117	1159660800	2006	10	01	1	0.5	0.5	79143	-1111	2.62456	-1111	4.52264	
6148	1162339200	2006	11	01	1	0.5	0.5	79318	-1111	2.62456	-1111	4.3724	
6178	1164931200	2006	12	01	1	0.5	0.5	79466	-1111	2.62456	-1111	4.20193	
6209	1167609600	2007	01	01	1	0.5	0.5	79630	-1111	2.62456	-1111	4.30336	
6240	1170288000	2007	02	01	1	0.5	0.5	79825	-1111	2.59266	-1111	4.22292	
6268	1172707200	2007	03	01	1	0.5	0.5	79975	-1111	2.59266	-1111	4.25909	
6299	1175385600	2007	04	01	1	0.5	0.5	80135	-1111	2.59266	-1111	4.48054	
6329	1177977600	2007	05	01	1	0.5	0.5	80309	-1111	2.59266	-1111	4.40867	
6360	1180656000	2007	06	01	1	0.5	0.5	80450	-1111	2.59266	-1111	4.56432	
6390	1183248000	2007	07	01	1	0.5	0.5	80630	-1111	2.59266	-1111	4.78117	
6421	1185926400	2007	08	01	1	0.5	0.5	80812	-1111	2.59266	-1111	4.79529	
6452	1188604800	2007	09	01	1	0.5	0.5	81010	-1111	2.59266	-1111	4.76514	
6482	1191196800	2007	10	01	1	0.5	0.5	81213	-1111	2.59266	-1111	4.71451	
6513	1193875200	2007	11	01	1	0.5	0.5	81409	-1111	2.59266	-1111	4.64182	
6543	1196467200	2007	12	01	1	0.5	0.5	81569	-1111	2.59266	-1111	4.62378	
6574	1199145600	2008	01	01	1	0.5	0.5	81747	-1111	2.59266	-1111	4.72388	
6605	1201824000	2008	02	01	1	0.5	0.5	81925	-1111	2.85282	-1111	4.83453	
6634	1204329600	2008	03	01	1	0.5	0.5	82118	-1111	2.85282	-1111	4.85205	
6665	1207008000	2008	04	01	1	0.5	0.5	82321	-1111	2.85282	-1111	4.58667	
6695	1209600000	2008	05	01	1	0.5	0.5	82525	-1111	2.85282	-1111	4.65934	
6726	1212278400	2008	06	01	1	0.5	0.5	82702	-1111	2.85282	-1111	4.63275	
6756	1214870400	2008	07	01	1	0.5	0.5	82891	-1111	2.85282	-1111	4.39623	
6787	1217548800	2008	08	01	1	0.5	0.5	83081	-1111	2.85282	-1111	4.44749	
6818	1220227200	2008	09	01	1	0.5	0.5	83273	-1111	2.85282	-1111	4.37936	
6848	1222819200	2008	10	01	1	0.5	0.5	83465	-1111	2.85282	-1111	4.50484	
6879	1225497600	2008	11	01	1	0.5	0.5	83695	-1111	2.85282	-1111	4.70759	
6909	1228089600	2008	12	01	1	0.5	0.5	83852	-1111	2.85282	-1111	4.61654	
6940	1230768000	2009	01	01	1	0.5	0.5	84028	-1111	2.85282	-1111	4.79753	
6971	1233446400	2009	02	01	1	0.5	0.5	84226	-1111	2.77716	-1111	4.7739	
6999	1235865600	2009	03	01	1	0.5	0.5	84417	-1111	2.77716	-1111	4.7415	
7030	1238544000	2009	04	01	1	0.5	0.5	84604	-1111	2.77716	-1111	4.63419	
7060	1241136000	2009	05	01	1	0.5	0.5	84797	-1111	2.77716	-1111	4.57665	
7091	1243814400	2009	06	01	1	0.5	0.5	84979	-1111	2.77716	-1111	4.59685	
7121	1246406400	2009	07	01	1	0.5	0.5	85183	-1111	2.77716	-1111	4.86846	
7152	1249084800	2009	08	01	1	0.5	0.5	85349	-1111	2.77716	-1111	4.68808	
7183	1251763200	2009	09	01	1	0.5	0.5	85550	-1111	2.77716	-1111	4.63014	
7213	1254355200	2009	10	01	1	0.5	0.5	85727	-1111	2.77716	-1111	4.50198	
7244	1257033600	2009	11	01	1	0.5	0.5	85928	-1111	2.77716	-1111	4.44108	
7274	1259625600	2009	12	01	1	0.5	0.5	86143	-1111	2.77716	-1111	4.40611	
7305	1262304000	2010	01	01	1	0.5	0.5	86346	-1111	2.77716	-1111	4.31425	
7336	1264982400	2010	02	01	1	0.5	0.5	86544	-1111	2.6759	-1111	4.25251	
7364	1267401600	2010	03	01	1	0.5	0.5	86738	-1111	2.6759	-1111	4.35296	
7395	1270080000	2010	04	01	1	0.5	0.5	86931	-1111	2.6759	-1111	4.47896	
7425	1272672000	2010	05	01	1	0.5	0.5	87112	-1111	2.6759	-1111	4.32957	
7456	1275350400	2010	06	01	1	0.5	0.5	87297	-1111	2.6759	-1111	4.19615	
7486	1277942400	2010	07	01	1	0.5	0.5	87494	-1111	2.6759	-1111	4.07301	
7517	1280620800	2010	08	01	1	0.5	0.5	87713	-1111	2.6759	-1111	4.11076	
7548	1283299200	2010	09	01	1	0.5	0.5	87931	-1111	2.6759	-1111	4.11628	
7578	1285891200	2010	10	01	1	0.5	0.5	88141	-1111	2.6759	-1111	4.12238	
7609	1288569600	2010	11	01	1	0.5	0.5	88332	-1111	2.6759	-1111	4.17298	
7639	1291161600	2010	12	01	1	0.5	0.5	88558	-1111	2.6759	-1111	4.40162	
7670	1293840000	2011	01	01	1	0.5	0.5	88776	-1111	2.6759	-1111	4.4796	
7701	1296518400	2011	02	01	1	0.5	0.5	88942	-1111	2.57053	-1111	4.54445	
7729	1298937600	2011	03	01	1	0.5	0.5	89150	-1111	2.57053	-1111	4.48579	
7760	1301616000	2011	04	01	1	0.5	0.5	89357	-1111	2.57053	-1111	4.37395	
7790	1304208000	2011	05	01	1	0.5	0.5	89545	-1111	2.57053	-1111	4.57352	
7821	1306886400	2011	06	01	1	0.5	0.5	89769	-1111	2.57053	-1111	4.43183	
7851	1309478400	2011	07	01	1	0.5	0.5	89962	-1111	2.57053	-1111	4.51253	
7882	1312156800	2011	08	01	1	0.5	0.5	90172	-1111	2.57053	-1111	4.67798	
7913	1314835200	2011	09	01	1	0.5	0.5	90366	-1111	2.57053	-1111	4.82828	
7943	1317427200	2011	10	01	1	0.5	0.5	90601	-1111	2.57053	-1111	4.79721	
7974	1320105600	2011	11	01	1	0.5	0.5	90836	-1111	2.57053	-1111	4.52962	
8004	1322697600	2011	12	01	1	0.5	0.5	91024	-1111	2.57053	-1111	4.53755	
8035	1325376000	2012	01	01	1	0.5	0.5	91225	-1111	2.57053	-1111	4.46649	
8066	1328054400	2012	02	01	1	0.5	0.5	91455	-1111	2.70247	-1111	4.55509	
8095	1330560000	2012	03	01	1	0.5	0.5	91616	-1111	2.70247	-1111	4.30674	
8126	1333238400	2012	04	01	1	0.5	0.5	91855	-1111	2.70247	-1111	4.33471	
8156	1335830400	2012	05	01	1	0.5	0.5	92077	-1111	2.70247	-1111	4.16685	
8187	1338508800	2012	06	01	1	0.5	0.5	92266	-1111	2.70247	-1111	4.36035	
8217	1341100800	2012	07	01	1	0.5	0.5	92479	-1111	2.70247	-1111	4.23587	
8248	1343779200	2012	08	01	1	0.5	0.5	92717	-1111	2.70247	-1111	4.11939	
8279	1346457600	2012	09	01	1	0.5	0.5	92915	-1111	2.70247	-1111	4.23269	
8309	1349049600	2012	10	01	1	0.5	0.5	93139	-1111	2.70247	-1111	4.15053	
8340	1351728000	2012	11	01	1	0.5	0.5	93341	-1111	2.70247	-1111	4.14133	
8370	1354320000	2012	12	01	1	0.5	0.5	93563	-1111	2.70247	-1111	4.08448	
8401	1356998400	2013	01	01	1	0.5	0.5	93801	-1111	2.70247	-1111	4.14398	
8432	1359676800	2013	02	01	1	0.5	0.5	94020	-1111	2.58174	-1111	4.21004	
8460	1362096000	2013	03	01	1	0.5	0.5	94220	-1111	2.58174	-1111	4.39145	
8491	1364774400	2013	04	01	1	0.5	0.5	94452	-1111	2.58174	-1111	4.33307	
8521	1367366400	2013	05	01	1	0.5	0.5	94642	-1111	2.58174	-1111	4.23066	
8552	1370044800	2013	06	01	1	0.5	0.5	94875	-1111	2.58174	-1111	4.24528	
8582	1372636800	2013	07	01	1	0.5	0.5	95119	-1111	2.58174	-1111	4.36107	
8613	1375315200	2013	08	01	1	0.5	0.5	95354	-1111	2.58174	-1111	4.36954	
8644	1377993600	2013	09	01	1	0.5	0.5	95562	-1111	2.58174	-1111	4.47935	
8674	1380585600	2013	10	01	1	0.5	0.5	95790	-1111	2.58174	-1111	4.55979	
8705	1383264000	2013	11	01	1	0.5	0.5	96020	-1111	2.58174	-1111	4.40478	
8735	1385856000	2013	12	01	1	0.5	0.5	96263	-1111	2.58174	-1111	4.44362	
8766	1388534400	2014	01	01	1	0.5	0.5	96478	-1111	2.58174	-1111	4.32633	
8797	1391212800	2014	02	01	1	0.5	0.5	96720	-1111	2.67066	-1111	4.15587	
8825	1393632000	2014	03	01	1	0.5	0.5	96920	-1111	2.67066	-1111	4.2072	
8856	1396310400	2014	04	01	1	0.5	0.5	97159	-1111	2.67066	-1111	4.25166	
8886	1398902400	2014	05	01	1	0.5	0.5	97387	-1111	2.67066	-1111	4.3599	
8917	1401580800	2014	06	01	1	0.5	0.5	97602	-1111	2.67066	-1111	4.41944	
8947	1404172800	2014	07	01	1	0.5	0.5	97804	-1111	2.67066	-1111	4.35083	
8978	1406851200	2014	08	01	1	0.5	0.5	98005	-1111	2.67066	-1111	4.52483	
9009	1409529600	2014	09	01	1	0.5	0.5	98216	-1111	2.67066	-1111	4.47122	
9039	1412121600	2014	10	01	1	0.5	0.5	98461	-1111	2.67066	-1111	4.56196	
9070	1414800000	2014	11	01	1	0.5	0.5	98675	-1111	2.67066	-1111	4.45349	
9100	1417392000	2014	12	01	1	0.5	0.5	98875	-1111	2.67066	-1111	4.57508	
9131	1420070400	2015	01	01	1	0.5	0.5	99124	-1111	2.67066	-1111	4.61452	
9162	1422748800	2015	02	01	1	0.5	0.5	99357	-1111	2.68353	-1111	4.63189	
9190	1425168000	2015	03	01	1	0.5	0.5	99543	-1111	2.68353	-1111	4.66241	
9221	1427846400	2015	04	01	1	0.5	0.5	99759	-1111	2.68353	-1111	4.52534	
9251	1430438400	2015	05	01	1	0.5	0.5	99974	-1111	2.68353	-1111	4.47256	
9282	1433116800	2015	06	01	1	0.5	0.5	100211	-1111	2.68353	-1111	4.43766	
9312	1435708800	2015	07	01	1	0.5	0.5	100426	-1111	2.68353	-1111	4.66036	
9343	1438387200	2015	08	01	1	0.5	0.5	100655	-1111	2.68353	-1111	4.76153	
9374	1441065600	2015	09	01	1	0.5	0.5	100929	-1111	2.68353	-1111	4.80258	
9404	1443657600	2015	10	01	1	0.5	0.5	101163	-1111	2.68353	-1111	4.67161	
9435	1446336000	2015	11	01	1	0.5	0.5	101411	-1111	2.68353	-1111	4.68823	
9465	1448928000	2015	12	01	1	0.5	0.5	101630	-1111	2.68353	-1111	4.72976	
9496	1451606400	2016	01	01	1	0.5	0.5	101872	-1111	2.68353	-1111	4.7111	
9527	1454284800	2016	02	01	1	0.5	0.5	102094	-1111	2.77724	-1111	4.81479	
9556	1456790400	2016	03	01	1	0.5	0.5	102333	-1111	2.77724	-1111	4.77686	
9587	1459468800	2016	04	01	1	0.5	0.5	102588	-1111	2.77724	-1111	4.84145	
9617	1462060800	2016	05	01	1	0.5	0.5	102808	-1111	2.77724	-1111	4.71764	
9648	1464739200	2016	06	01	1	0.5	0.5	103042	-1111	2.77724	-1111	4.72323	
9678	1467331200	2016	07	01	1	0.5	0.5	103263	-1111	2.77724	-1111	4.54982	
9709	1470009600	2016	08	01	1	0.5	0.5	103534	-1111	2.77724	-1111	4.58188	
9740	1472688000	2016	09	01	1	0.5	0.5	103811	-1111	2.77724	-1111	4.67536	
9770	1475280000	2016	10	01	1	0.5	0.5	104071	-1111	2.77724	-1111	4.49502	
9801	1477958400	2016	11	01	1	0.5	0.5	104320	-1111	2.77724	-1111	4.78782	
9831	1480550400	2016	12	01	1	0.5	0.5	104564	-1111	2.77724	-1111	4.42333	
9862	1483228800	2017	01	01	1	0.5	0.5	104817	-1111	2.77724	-1111	4.46608	
9893	1485907200	2017	02	01	1	0.5	0.5	105062	-1111	2.79401	-1111	4.51589	
9921	1488326400	2017	03	01	1	0.5	0.5	105283	-1111	2.79401	-1111	4.55095	
9952	1491004800	2017	04	01	1	0.5	0.5	105531	-1111	2.79401	-1111	4.56189	
9982	1493596800	2017	05	01	1	0.5	0.5	105820	-1111	2.79401	-1111	4.54785	
10013	1496275200	2017	06	01	1	0.5	0.5	106046	-1111	2.79401	-1111	4.66644	
10043	1498867200	2017	07	01	1	0.5	0.5	106293	-1111	2.79401	-1111	4.53864	
10074	1501545600	2017	08	01	1	0.5	0.5	106537	-1111	2.79401	-1111	4.53661	
10105	1504224000	2017	09	01	1	0.5	0.5	106787	-1111	2.79401	-1111	4.3232	
10135	1506816000	2017	10	01	1	0.5	0.5	107018	-1111	2.79401	-1111	4.37416	
10166	1509494400	2017	11	01	1	0.5	0.5	107228	-1111	2.79401	-1111	4.29143	
10196	1512086400	2017	12	01	1	0.5	0.5	107443	-1111	2.79401	-1111	4.30509	
10227	1514764800	2018	01	01	1	0.5	0.5	107670	-1111	2.79401	-1111	4.29791	
10258	1517443200	2018	02	01	1	0.5	0.5	107916	-1111	2.74929	-1111	4.31811	
10286	1519862400	2018	03	01	1	0.5	0.5	108147	-1111	2.74929	-1111	4.49014	
10317	1522540800	2018	04	01	1	0.5	0.5	108372	-1111	2.74929	-1111	4.53732	
10347	1525132800	2018	05	01	1	0.5	0.5	108596	-1111	2.74929	-1111	4.57362	
10378	1527811200	2018	06	01	1	0.5	0.5	108877	-1111	2.74929	-1111	4.65505	
10408	1530403200	2018	07	01	1	0.5	0.5	109114	-1111	2.74929	-1111	4.53903	
10439	1533081600	2018	08	01	1	0.5	0.5	109388	-1111	2.74929	-1111	4.71306	
10470	1535760000	2018	09	01	1	0.5	0.5	109646	-1111	2.74929	-1111	4.7254	
10500	1538352000	2018	10	01	1	0.5	0.5	109919	-1111	2.74929	-1111	4.72379	
10531	1541030400	2018	11	01	1	0.5	0.5	110193	-1111	2.74929	-1111	4.77692	
10561	1543622400	2018	12	01	1	0.5	0.5	110437	-1111	2.74929	-1111	4.59647	
10592	1546300800	2019	01	01	1	0.5	0.5	110707	-1111	2.74929	-1111	4.84704	
10623	1548979200	2019	02	01	1	0.5	0.5	110964	-1111	2.76349	-1111	4.70082	
10651	1551398400	2019	03	01	1	0.5	0.5	111215	-1111	2.76349	-1111	4.77423	
10682	1554076800	2019	04	01	1	0.5	0.5	111464	-1111	2.76349	-1111	4.68822	
10712	1556668800	2019	05	01	1	0.5	0.5	111721	-1111	2.76349	-1111	4.63342	
10743	1559347200	2019	06	01	1	0.5	0.5	111985	-1111	2.76349	-1111	4.55619	
10773	1561939200	2019	07	01	1	0.5	0.5	112245	-1111	2.76349	-1111	4.85113	
10804	1564617600	2019	08	01	1	0.5	0.5	112503	-1111	2.76349	-1111	4.73367	
10835	1567296000	2019	09	01	1	0.5	0.5	112791	-1111	2.76349	-1111	4.77107	
10865	1569888000	2019	10	01	1	0.5	0.5	113053	-1111	2.76349	-1111	4.71266	
10896	1572566400	2019	11	01	1	0.5	0.5	113316	-1111	2.76349	-1111	4.67965	
10926	1575158400	2019	12	01	1	0.5	0.5	113554	-1111	2.76349	-1111	4.8181	
10957	1577836800	2020	01	01	1	0.5	0.5	113814	-1111	2.76349	-1111	4.69342	
10988	1580515200	2020	02	01	1	0.5	0.5	114074	-1111	2.83867	-1111	4.51836	
11017	1583020800	2020	03	01	1	0.5	0.5	114335	-1111	2.83867	-1111	4.53838	
11048	1585699200	2020	04	01	1	0.5	0.5	114633	-1111	2.83867	-1111	4.54828	
11078	1588291200	2020	05	01	1	0.5	0.5	114847	-1111	2.83867	-1111	4.72471	
11109	1590969600	2020	06	01	1	0.5	0.5	115141	-1111	2.83867	-1111	4.66703	
11139	1593561600	2020	07	01	1	0.5	0.5	115378	-1111	2.83867	-1111	4.72312	
11170	1596240000	2020	08	01	1	0.5	0.5	115680	-1111	2.83867	-1111	4.68718	
11201	1598918400	2020	09	01	1	0.5	0.5	115966	-1111	2.83867	-1111	4.82937	
11231	1601510400	2020	10	01	1	0.5	0.5	116232	-1111	2.83867	-1111	4.73053	
11262	1604188800	2020	11	01	1	0.5	0.5	116485	-1111	2.83867	-1111	4.62304	
11292	1606780800	2020	12	01	1	0.5	0.5	116718	-1111	2.83867	-1111	4.60998	
11323	1609459200	2021	01	01	1	0.5	0.5	116940	-1111	2.83867	-1111	4.55694	
11354	1612137600	2021	02	01	1	0.5	0.5	117198	-1111	2.80359	-1111	4.58216	
11382	1614556800	2021	03	01	1	0.5	0.5	117489	-1111	2.80359	-1111	4.51388	
11413	1617235200	2021	04	01	1	0.5	0.5	117799	-1111	2.80359	-1111	4.59539	
11443	1619827200	2021	05	01	1	0.5	0.5	118078	-1111	2.80359	-1111	4.60588	
11474	1622505600	2021	06	01	1	0.5	0.5	118330	-1111	2.80359	-1111	4.72829	
11504	1625097600	2021	07	01	1	0.5	0.5	118620	-1111	2.80359	-1111	4.70959	
11535	1627776000	2021	08	01	1	0.5	0.5	118881	-1111	2.80359	-1111	4.70214	
11566	1630454400	2021	09	01	1	0.5	0.5	119149	-1111	2.80359	-1111	4.61975	
11596	1633046400	2021	10	01	1	0.5	0.5	119448	-1111	2.80359	-1111	4.4845	
11627	1635724800	2021	11	01	1	0.5	0.5	119761	-1111	2.80359	-1111	4.65988	
11657	1638316800	2021	12	01	1	0.5	0.5	120038	-1111	2.80359	-1111	4.70642	
11688	1640995200	2022	01	01	1	0.5	0.5	120330	-1111	2.80359	-1111	4.77859	
11719	1643673600	2022	02	01	1	0.5	0.5	120640	-1111	2.71376	-1111	4.73079	
11747	1646092800	2022	03	01	1	0.5	0.5	120877	-1111	2.71376	-1111	4.7032	
11778	1648771200	2022	04	01	1	0.5	0.5	121138	-1111	2.71376	-1111	4.69334	
11808	1651363200	2022	05	01	1	0.5	0.5	121451	-1111	2.71376	-1111	4.54974	
11839	1654041600	2022	06	01	1	0.5	0.5	121702	-1111	2.71376	-1111	4.76437	
11869	1656633600	2022	07	01	1	0.5	0.5	121971	-1111	2.71376	-1111	4.73744	
11900	1659312000	2022	08	01	1	0.5	0.5	122225	-1111	2.71376	-1111	4.90922	
11931	1661990400	2022	09	01	1	0.5	0.5	122507	-1111	2.71376	-1111	5.18376	
11961	1664582400	2022	10	01	1	0.5	0.5	122786	-1111	2.71376	-1111	4.9984	
11992	1667260800	2022	11	01	1	0.5	0.5	123096	-1111	2.71376	-1111	5.25861	
12022	1669852800	2022	12	01	1	0.5	0.5	123386	-1111	2.71376	-1111	5.13099	
12053	1672531200	2023	01	01	1	0.5	0.5	123691	-1111	2.71376	-1111	5.13359	
12084	1675209600	2023	02	01	1	0.5	0.5	123985	-1111	2.91599	-1111	5.0744	
12112	1677628800	2023	03	01	1	0.5	0.5	124254	-1111	2.91599	-1111	4.9642	
12143	1680307200	2023	04	01	1	0.5	0.5	124540	-1111	2.91599	-1111	4.95607	
12173	1682899200	2023	05	01	1	0.5	0.5	124864	-1111	2.91599	-1111	4.87866	
12204	1685577600	2023	06	01	1	0.5	0.5	125176	-1111	2.91599	-1111	4.88711	
12234	1688169600	2023	07	01	1	0.5	0.5	125453	-1111	2.91599	-1111	4.80153	
12265	1690848000	2023	08	01	1	0.5	0.5	125749	-1111	2.91599	-1111	4.66437	
12296	1693526400	2023	09	01	1	0.5	0.5	126060	-1111	2.91599	-1111	4.53025	
12326	1696118400	2023	10	01	1	0.5	0.5	126334	-1111	2.91599	-1111	4.54886	
12357	1698796800	2023	11	01	1	0.5	0.5	126647	-1111	2.91599	-1111	4.37484	
12387	1701388800	2023	12	01	1	0.5	0.5	126924	-1111	2.91599	-1111	4.39108	
12418	1704067200	2024	01	01	1	0.5	0.5	127191	-1111	2.91599	-1111	4.46382	
12449	1706745600	2024	02	01	1	0.5	0.5	127494	-1111	2.71921	-1111	4.61169	
12478	1709251200	2024	03	01	1	0.5	0.5	127781	-1111	2.71921	-1111	4.63028	
12509	1711929600	2024	04	01	1	0.5	0.5	128083	-1111	2.71921	-1111	4.55953	
12539	1714521600	2024	05	01	1	0.5	0.5	128403	-1111	2.71921	-1111	4.61393	
12570	1717200000	2024	06	01	1	0.5	0.5	128697	-1111	2.71921	-1111	4.52103	
12600	1719792000	2024	07	01	1	0.5	0.5	128985	-1111	2.71921	-1111	4.52731	
12631	1722470400	2024	08	01	1	0.5	0.5	129269	-1111	2.71921	-1111	4.64507	
12662	1725148800	2024	09	01	1	0.5	0.5	129572	-1111	2.71921	-1111	4.65843	
12692	1727740800	2024	10	01	1	0.5	0.5	129844	-1111	2.71921	-1111	4.7472	
12723	1730419200	2024	11	01	1	0.5	0.5	130164	-1111	2.71921	-1111	4.72194	
12753	1733011200	2024	12	01	1	0.5	0.5	130461	-1111	2.71921	-1111	4.82744	
12784	1735689600	2025	01	01	1	0.5	0.5	130764	-1111	2.71921	-1111	4.73687	
12815	1738368000	2025	02	01	1	0.5	0.5	131057	-1111	2.75556	-1111	4.79832	
12843	1740787200	2025	03	01	1	0.5	0.5	131298	-1111	2.75556	-1111	4.77928	
12874	1743465600	2025	04	01	1	0.5	0.5	131608	-1111	2.75556	-1111	4.96509	
12904	1746057600	2025	05	01	1	0.5	0.5	131881	-1111	2.75556	-1111	4.80257	
12935	1748736000	2025	06	01	1	0.5	0.5	132213	-1111	2.75556	-1111	4.6818	
12965	1751328000	2025	07	01	1	0.5	0.5	132530	-1111	2.75556	-1111	4.68487	
12996	1754006400	2025	08	01	1	0.5	0.5	132824	-1111	2.75556	-1111	4.61207	
13027	1756684800	2025	09	01	1	0.5	0.5	133128	-1111	2.75556	-1111	4.84483	
13057	1759276800	2025	10	01	1	0.5	0.5	133425	-1111	2.75556	-1111	4.8317	
13088	1761955200	2025	11	01	1	0.5	0.5	133768	-1111	2.75556	-1111	4.77781	
13118	1764547200	2025	12	01	1	0.5	0.5	134131	-1111	2.75556	-1111	4.78209	
13149	1767225600	2026	01	01	1	0.5	0.5	134457	-1111	2.75556	-1111	4.92937	
13180	1769904000	2026	02	01	1	0.5	0.5	134758	-1111	2.86404	-1111	5.00116	
13208	1772323200	2026	03	01	1	0.5	0.5	135058	-1111	2.86404	-1111	5.09232	
13239	1775001600	2026	04	01	1	0.5	0.5	135369	-1111	2.86404	-1111	5.22155	
13269	1777593600	2026	05	01	1	0.5	0.5	135660	-1111	2.86404	-1111	5.18779	
13300	1780272000	2026	06	01	1	0.5	0.5	135977	-1111	2.86404	-1111	5.14668	
13330	1782864000	2026	07	01	1	0.5	0.5	136304	-1111	2.86404	-1111	5.22129	
13361	1785542400	2026	08	01	1	0.5	0.5	136602	-1111	2.86404	-1111	5.13614	
13392	1788220800	2026	09	01	1	0.5	0.5	136923	-1111	2.86404	-1111	5.15104	
13422	1790812800	2026	10	01	1	0.5	0.5	137222	-1111	2.86404	-1111	5.14397	
13453	1793491200	2026	11	01	1	0.5	0.5	137566	-1111	2.86404	-1111	5.12945	
13483	1796083200	2026	12	01	1	0.5	0.5	137849	-1111	2.86404	-1111	5.06581	
13514	1798761600	2027	01	01	1	0.5	0.5	138164	-1111	2.86404	-1111	5.10221	
13545	1801440000	2027	02	01	1	0.5	0.5	138490	-1111	2.98653	-1111	5.05068	
13573	1803859200	2027	03	01	1	0.5	0.5	138788	-1111	2.98653	-1111	4.93328	
13604	1806537600	2027	04	01	1	0.5	0.5	139062	-1111	2.98653	-1111	4.90268	
13634	1809129600	2027	05	01	1	0.5	0.5	139397	-1111	2.98653	-1111	4.92145	
13665	1811808000	2027	06	01	1	0.5	0.5	139716	-1111	2.98653	-1111	4.80548	
13695	1814400000	2027	07	01	1	0.5	0.5	139964	-1111	2.98653	-1111	4.88433	
13726	1817078400	2027	08	01	1	0.5	0.5	140297	-1111	2.98653	-1111	4.94958	
13757	1819756800	2027	09	01	1	0.5	0.5	140636	-1111	2.98653	-1111	4.86594	
13787	1822348800	2027	10	01	1	0.5	0.5	140985	-1111	2.98653	-1111	4.90529	
13818	1825027200	2027	11	01	1	0.5	0.5	141298	-1111	2.98653	-1111	4.97363	
13848	1827619200	2027	12	01	1	0.5	0.5	141602	-1111	2.98653	-1111	4.84451	
13879	1830297600	2028	01	01	1	0.5	0.5	141916	-1111	2.98653	-1111	4.96908	
13910	1832976000	2028	02	01	1	0.5	0.5	142297	-1111	2.88124	-1111	5.07438	
13939	1835481600	2028	03	01	1	0.5	0.5	142614	-1111	2.88124	-1111	5.02994	
13970	1838160000	2028	04	01	1	0.5	0.5	142922	-1111	2.88124	-1111	5.04837	
14000	1840752000	2028	05	01	1	0.5	0.5	143278	-1111	2.88124	-1111	4.91552	
14031	1843430400	2028	06	01	1	0.5	0.5	143595	-1111	2.88124	-1111	4.85373	
14061	1846022400	2028	07	01	1	0.5	0.5	143873	-1111	2.88124	-1111	4.87805	
14092	1848700800	2028	08	01	1	0.5	0.5	144250	-1111	2.88124	-1111	4.85498	
14123	1851379200	2028	09	01	1	0.5	0.5	144568	-1111	2.88124	-1111	4.93288	
14153	1853971200	2028	10	01	1	0.5	0.5	144882	-1111	2.88124	-1111	4.99446	
14184	1856649600	2028	11	01	1	0.5	0.5	145252	-1111	2.88124	-1111	4.97992	
14214	1859241600	2028	12	01	1	0.5	0.5	145558	-1111	2.88124	-1111	4.88796	
14245	1861920000	2029	01	01	1	0.5	0.5	145886	-1111	2.88124	-1111	4.76919	
14276	1864598400	2029	02	01	1	0.5	0.5	146225	-1111	2.83573	-1111	4.67943	
14304	1867017600	2029	03	01	1	0.5	0.5	146548	-1111	2.83573	-1111	4.68291	
14335	1869696000	2029	04	01	1	0.5	0.5	146873	-1111	2.83573	-1111	4.66133	
14365	1872288000	2029	05	01	1	0.5	0.5	147255	-1111	2.83573	-1111	4.6563	
14396	1874966400	2029	06	01	1	0.5	0.5	147618	-1111	2.83573	-1111	4.71085	
14426	1877558400	2029	07	01	1	0.5	0.5	147942	-1111	2.83573	-1111	4.71783	
14457	1880236800	2029	08	01	1	0.5	0.5	148267	-1111	2.83573	-1111	4.50348	
14488	1882915200	2029	09	01	1	0.5	0.5	148612	-1111	2.83573	-1111	4.4969	
14518	1885507200	2029	10	01	1	0.5	0.5	148953	-1111	2.83573	-1111	4.56998	
14549	1888185600	2029	11	01	1	0.5	0.5	149320	-1111	2.83573	-1111	4.69695	
14579	1890777600	2029	12	01	1	0.5	0.5	149681	-1111	2.83573	-1111	4.74493	
14610	1893456000	2030	01	01	1	0.5	0.5	150027	-1111	2.83573	-1111	4.86311	
