0	631152000	1990	01	01	1	0.6	0.5	50000	-1111	0	-1111	4.49104	
31	633830400	1990	02	01	1	0	0	50086	-1111	0	-1111	11.891	
59	636249600	1990	03	01	1	0	0	50204	-1111	0	-1111	14.5268	
90	638928000	1990	04	01	1	0	0	50334	-1111	0	-1111	14.234	
120	641520000	1990	05	01	1	0	0	50458	-1111	0	-1111	16.8474	
151	644198400	1990	06	01	1	0	0	50575	-1111	0	-1111	18.0401	
181	646790400	1990	07	01	1	0	0	50651	-1111	0	-1111	19.2762	
212	649468800	1990	08	01	1	0	0	50733	-1111	0	-1111	20.0274	
243	652147200	1990	09	01	1	0	0	50839	-1111	0	-1111	20.0375	
273	654739200	1990	10	01	1	0	0	50933	-1111	0	-1111	19.6032	
304	657417600	1990	11	01	1	0	0	51054	-1111	0	-1111	19.0644	
334	660009600	1990	12	01	1	0	0	51153	-1111	0	-1111	18.3332	
365	662688000	1991	01	01	1	0	0	51280	-1111	0	-1111	17.3916	
396	665366400	1991	02	01	1	0	0	51393	-1111	0	-1111	16.1847	
424	667785600	1991	03	01	1	0	0	51483	-1111	0	-1111	15.1233	
455	670464000	1991	04	01	1	0	0	51607	-1111	0	-1111	13.8221	
485	673056000	1991	05	01	1	0	0	51702	-1111	0	-1111	12.1281	
516	675734400	1991	06	01	1	0	0	51834	-1111	0	-1111	10.9255	
546	678326400	1991	07	01	1	0	0	51950	-1111	0	-1111	9.71905	
577	681004800	1991	08	01	1	0	0	52065	-1111	0	-1111	8.76426	
608	683683200	1991	09	01	1	0	0	52192	-1111	0	-1111	7.89435	
638	686275200	1991	10	01	1	0	0	52339	-1111	0	-1111	7.35788	
669	688953600	1991	11	01	1	0	0	52466	-1111	0	-1111	6.92371	
699	691545600	1991	12	01	1	0	0	52570	-1111	0	-1111	6.15674	
730	694224000	1992	01	01	1	0	0	52703	-1111	0	-1111	5.81738	
761	696902400	1992	02	01	1	0	0	52836	-1111	5.0416	-1111	5.63072	
790	699408000	1992	03	01	1	0	0	52966	-1111	5.0416	-1111	5.57694	
821	702086400	1992	04	01	1	0	0	53077	-1111	5.0416	-1111	5.62204	
851	704678400	1992	05	01	1	0	0	53182	-1111	5.0416	-1111	5.43634	
882	707356800	1992	06	01	1	0	0	53279	-1111	5.0416	-1111	5.61781	
912	709948800	1992	07	01	1	0	0	53380	-1111	5.0416	-1111	5.80354	
943	712627200	1992	08	01	1	0	0	53512	-1111	5.0416	-1111	5.65427	
974	715305600	1992	09	01	1	0	0	53615	-1111	5.0416	-1111	5.71686	
1004	717897600	1992	10	01	1	0	0	53747	-1111	5.0416	-1111	6.11311	
1035	720576000	1992	11	01	1	0	0	53861	-1111	5.0416	-1111	6.34256	
1065	723168000	1992	12	01	1	0	0	53986	-1111	5.0416	-1111	6.76473	
1096	725846400	1993	01	01	1	0	0	54093	-1111	5.0416	-1111	7.21903	
1127	728524800	1993	02	01	1	0	0	54198	-1111	3.0801	-1111	7.65507	
1155	730944000	1993	03	01	1	0	0	54303	-1111	3.0801	-1111	8.05983	
1186	733622400	1993	04	01	1	0	0	54443	-1111	3.0801	-1111	8.09768	
1216	736214400	1993	05	01	1	0	0	54569	-1111	3.0801	-1111	8.33457	
1247	738892800	1993	06	01	1	0	0	54668	-1111	3.0801	-1111	8.51822	
1277	741484800	1993	07	01	1	0	0	54796	-1111	3.0801	-1111	8.7227	
1308	744163200	1993	08	01	1	0	0	54923	-1111	3.0801	-1111	8.88165	
1339	746841600	1993	09	01	1	0	0	55027	-1111	3.0801	-1111	9.31608	
1369	749433600	1993	10	01	1	0	0	55171	-1111	3.0801	-1111	9.51783	
1400	752112000	1993	11	01	1	0	0	55300	-1111	3.0801	-1111	9.80407	
1430	754704000	1993	12	01	1	0	0	55417	-1111	3.0801	-1111	9.72766	
1461	757382400	1994	01	01	1	0	0	55549	-1111	3.0801	-1111	9.56772	
1492	760060800	1994	02	01	1	0	0	55685	-1111	4.56443	-1111	9.27714	
1520	762480000	1994	03	01	1	0	0	55790	-1111	4.56443	-1111	9.28161	
1551	765158400	1994	04	01	1	0	0	55900	-1111	4.56443	-1111	8.83241	
1581	767750400	1994	05	01	1	0	0	56032	-1111	4.56443	-1111	8.46958	
1612	770428800	1994	06	01	1	0	0	56170	-1111	4.56443	-1111	8.37692	
1642	773020800	1994	07	01	1	0	0	56298	-1111	4.56443	-1111	8.03565	
1673	775699200	1994	08	01	1	0	0	56421	-1111	4.56443	-1111	7.90674	
1704	778377600	1994	09	01	1	0	0	56546	-1111	4.56443	-1111	7.4025	
1734	780969600	1994	10	01	1	0	0	56716	-1111	4.56443	-1111	7.03159	
1765	783648000	1994	11	01	1	0	0	56855	-1111	4.56443	-1111	7.02012	
1795	786240000	1994	12	01	1	0	0	56982	-1111	4.56443	-1111	6.8302	
1826	788918400	1995	01	01	1	0	0	57124	-1111	4.56443	-1111	6.62947	
1857	791596800	1995	02	01	1	0	0	57274	-1111	4.05319	-1111	6.56099	
1885	794016000	1995	03	01	1	0	0	57417	-1111	4.05319	-1111	6.80367	
1916	796694400	1995	04	01	1	0	0	57537	-1111	4.05319	-1111	6.91805	
1946	799286400	1995	05	01	1	0	0	57666	-1111	4.05319	-1111	7.25009	
1977	801964800	1995	06	01	1	0	0	57762	-1111	4.05319	-1111	7.28084	
2007	804556800	1995	07	01	1	0	0	57922	-1111	4.05319	-1111	7.45124	
2038	807235200	1995	08	01	1	0	0	58061	-1111	4.05319	-1111	7.75284	
2069	809913600	1995	09	01	1	0	0	58219	-1111	4.05319	-1111	7.91603	
2099	812505600	1995	10	01	1	0	0	58337	-1111	4.05319	-1111	7.75222	
2130	815184000	1995	11	01	1	0	0	58506	-1111	4.05319	-1111	7.92094	
2160	817776000	1995	12	01	1	0	0	58632	-1111	4.05319	-1111	8.01452	
2191	820454400	1996	01	01	1	0	0	58758	-1111	4.05319	-1111	8.00464	
2222	823132800	1996	02	01	1	0	0	58893	-1111	3.91974	-1111	8.15957	
2251	825638400	1996	03	01	1	0	0	59032	-1111	3.91974	-1111	8.5327	
2282	828316800	1996	04	01	1	0	0	59147	-1111	3.91974	-1111	8.38041	
2312	830908800	1996	05	01	1	0	0	59302	-1111	3.91974	-1111	8.45285	
2343	833587200	1996	06	01	1	0	0	59441	-1111	3.91974	-1111	8.58816	
2373	836179200	1996	07	01	1	0	0	59573	-1111	3.91974	-1111	8.42523	
2404	838857600	1996	08	01	1	0	0	59716	-1111	3.91974	-1111	8.38547	
2435	841536000	1996	09	01	1	0	0	59843	-1111	3.91974	-1111	7.93628	
2465	844128000	1996	10	01	1	0	0	59975	-1111	3.91974	-1111	7.85617	
2496	846806400	1996	11	01	1	0	0	60104	-1111	3.91974	-1111	7.98688	
2526	849398400	1996	12	01	1	0	0	60224	-1111	3.91974	-1111	8.22483	
2557	852076800	1997	01	01	1	0	0	60377	-1111	3.91974	-1111	7.9426	
2588	854755200	1997	02	01	1	0	0	60507	-1111	4.27137	-1111	7.63672	
2616	857174400	1997	03	01	1	0	0	60609	-1111	4.27137	-1111	7.63353	
2647	859852800	1997	04	01	1	0	0	60750	-1111	4.27137	-1111	7.46005	
2677	862444800	1997	05	01	1	0	0	60889	-1111	4.27137	-1111	7.2256	
2708	865123200	1997	06	01	1	0	0	61012	-1111	4.27137	-1111	7.27812	
2738	867715200	1997	07	01	1	0	0	61151	-1111	4.27137	-1111	7.32498	
2769	870393600	1997	08	01	1	0	0	61300	-1111	4.27137	-1111	7.14085	
2800	873072000	1997	09	01	1	0	0	61443	-1111	4.27137	-1111	7.41286	
2830	875664000	1997	10	01	1	0	0	61585	-1111	4.27137	-1111	7.65895	
2861	878342400	1997	11	01	1	0	0	61713	-1111	4.27137	-1111	7.48001	
2891	880934400	1997	12	01	1	0	0	61835	-1111	4.27137	-1111	7.37733	
2922	883612800	1998	01	01	1	0	0	61968	-1111	4.27137	-1111	7.64759	
2953	886291200	1998	02	01	1	0	0	62102	-1111	3.71737	-1111	7.74064	
2981	888710400	1998	03	01	1	0	0	62242	-1111	3.71737	-1111	7.565	
3012	891388800	1998	04	01	1	0	0	62388	-1111	3.71737	-1111	7.75103	
3042	893980800	1998	05	01	1	0	0	62535	-1111	3.71737	-1111	7.44164	
3073	896659200	1998	06	01	1	0	0	62669	-1111	3.71737	-1111	7.87734	
3103	899251200	1998	07	01	1	0	0	62794	-1111	3.71737	-1111	8.18948	
3134	901929600	1998	08	01	1	0	0	62951	-1111	3.71737	-1111	8.00705	
3165	904608000	1998	09	01	1	0	0	63093	-1111	3.71737	-1111	8.34854	
3195	907200000	1998	10	01	1	0	0	63245	-1111	3.71737	-1111	7.98407	
3226	909878400	1998	11	01	1	0	0	63368	-1111	3.71737	-1111	8.10593	
3256	912470400	1998	12	01	1	0	0	63498	-1111	3.71737	-1111	8.06084	
3287	915148800	1999	01	01	1	0	0	63662	-1111	3.71737	-1111	7.98985	
3318	917827200	1999	02	01	1	0	0	63791	-1111	4.05653	-1111	8.0235	
3346	920246400	1999	03	01	1	0	0	63936	-1111	4.05653	-1111	8.01814	
3377	922924800	1999	04	01	1	0	0	64103	-1111	4.05653	-1111	8.40532	
3407	925516800	1999	05	01	1	0	0	64222	-1111	4.05653	-1111	8.29184	
3438	928195200	1999	06	01	1	0	0	64395	-1111	4.05653	-1111	8.1584	
3468	930787200	1999	07	01	1	0	0	64526	-1111	4.05653	-1111	8.25846	
3499	933465600	1999	08	01	1	0	0	64665	-1111	4.05653	-1111	8.42715	
3530	936144000	1999	09	01	1	0	0	64821	-1111	4.05653	-1111	8.4122	
3560	938736000	1999	10	01	1	0	0	64947	-1111	4.05653	-1111	8.13306	
3591	941414400	1999	11	01	1	0	0	65110	-1111	4.05653	-1111	8.20925	
3621	944006400	1999	12	01	1	0	0	65266	-1111	4.05653	-1111	8.2074	
3652	946684800	2000	01	01	1	0	0	65429	-1111	4.05653	-1111	8.18247	
3683	949363200	2000	02	01	1	0.5	0.5	65562	-1111	4.02508	-1111	6.77507	
3712	951868800	2000	03	01	1	0.5	0.5	65698	-1111	4.02508	-1111	5.44139	
3743	954547200	2000	04	01	1	0.5	0.5	65852	-1111	4.02508	-1111	4.52031	
3773	957139200	2000	05	01	1	0.5	0.5	65979	-1111	4.02508	-1111	4.1456	
3804	959817600	2000	06	01	1	0.5	0.5	66133	-1111	4.02508	-1111	3.6816	
3834	962409600	2000	07	01	1	0.5	0.5	66285	-1111	4.02508	-1111	3.48184	
3865	965088000	2000	08	01	1	0.5	0.5	66424	-1111	4.02508	-1111	3.02167	
3896	967766400	2000	09	01	1	0.5	0.5	66581	-1111	4.02508	-1111	2.86558	
3926	970358400	2000	10	01	1	0.5	0.5	66754	-1111	4.02508	-1111	2.79268	
3957	973036800	2000	11	01	1	0.5	0.5	66935	-1111	4.02508	-1111	2.67516	
3987	975628800	2000	12	01	1	0.5	0.5	67070	-1111	4.02508	-1111	2.51985	
4018	978307200	2001	01	01	1	0.5	0.5	67230	-1111	4.02508	-1111	2.5358	
4049	980985600	2001	02	01	1	0.5	0.5	67376	-1111	2.17057	-1111	2.36834	
4077	983404800	2001	03	01	1	0.5	0.5	67526	-1111	2.17057	-1111	2.23026	
4108	986083200	2001	04	01	1	0.5	0.5	67697	-1111	2.17057	-1111	2.26346	
4138	988675200	2001	05	01	1	0.5	0.5	67830	-1111	2.17057	-1111	2.3106	
4169	991353600	2001	06	01	1	0.5	0.5	68005	-1111	2.17057	-1111	2.1958	
4199	993945600	2001	07	01	1	0.5	0.5	68199	-1111	2.17057	-1111	2.17685	
4230	996624000	2001	08	01	1	0.5	0.5	68363	-1111	2.17057	-1111	2.1518	
4261	999302400	2001	09	01	1	0.5	0.5	68531	-1111	2.17057	-1111	2.30971	
4291	1001894400	2001	10	01	1	0.5	0.5	68674	-1111	2.17057	-1111	2.24876	
4322	1004572800	2001	11	01	1	0.5	0.5	68841	-1111	2.17057	-1111	2.23954	
4352	1007164800	2001	12	01	1	0.5	0.5	68969	-1111	2.17057	-1111	2.24914	
4383	1009843200	2002	01	01	1	0.5	0.5	69115	-1111	2.17057	-1111	2.35566	
4414	1012521600	2002	02	01	1	0.5	0.5	69264	-1111	1.44095	-1111	2.62824	
4442	1014940800	2002	03	01	1	0.5	0.5	69432	-1111	1.44095	-1111	2.54923	
4473	1017619200	2002	04	01	1	0.5	0.5	69616	-1111	1.44095	-1111	2.76838	
4503	1020211200	2002	05	01	1	0.5	0.5	69758	-1111	1.44095	-1111	2.91407	
4534	1022889600	2002	06	01	1	0.5	0.5	69914	-1111	1.44095	-1111	2.95949	
4564	1025481600	2002	07	01	1	0.5	0.5	70095	-1111	1.44095	-1111	3.21237	
4595	1028160000	2002	08	01	1	0.5	0.5	70260	-1111	1.44095	-1111	3.35307	
4626	1030838400	2002	09	01	1	0.5	0.5	70377	-1111	1.44095	-1111	3.52641	
4656	1033430400	2002	10	01	1	0.5	0.5	70548	-1111	1.44095	-1111	3.73244	
4687	1036108800	2002	11	01	1	0.5	0.5	70751	-1111	1.44095	-1111	3.86591	
4717	1038700800	2002	12	01	1	0.5	0.5	70939	-1111	1.44095	-1111	4.10735	
4748	1041379200	2003	01	01	1	0.5	0.5	71098	-1111	1.44095	-1111	4.33977	
4779	1044057600	2003	02	01	1	0.5	0.5	71239	-1111	2.1307	-1111	4.3744	
4807	1046476800	2003	03	01	1	0.5	0.5	71399	-1111	2.1307	-1111	4.52969	
4838	1049155200	2003	04	01	1	0.5	0.5	71549	-1111	2.1307	-1111	4.74092	
4868	1051747200	2003	05	01	1	0.5	0.5	71700	-1111	2.1307	-1111	4.75395	
4899	1054425600	2003	06	01	1	0.5	0.5	71877	-1111	2.1307	-1111	4.48167	
4929	1057017600	2003	07	01	1	0.5	0.5	72051	-1111	2.1307	-1111	4.47901	
4960	1059696000	2003	08	01	1	0.5	0.5	72216	-1111	2.1307	-1111	4.49469	
4991	1062374400	2003	09	01	1	0.5	0.5	72407	-1111	2.1307	-1111	4.59525	
5021	1064966400	2003	10	01	1	0.5	0.5	72598	-1111	2.1307	-1111	4.77833	
5052	1067644800	2003	11	01	1	0.5	0.5	72767	-1111	2.1307	-1111	4.88816	
5082	1070236800	2003	12	01	1	0.5	0.5	72936	-1111	2.1307	-1111	4.75101	
5113	1072915200	2004	01	01	1	0.5	0.5	73098	-1111	2.1307	-1111	4.71483	
5144	1075593600	2004	02	01	1	0.5	0.5	73274	-1111	3.00714	-1111	4.78539	
5173	1078099200	2004	03	01	1	0.5	0.5	73449	-1111	3.00714	-1111	4.85169	
5204	1080777600	2004	04	01	1	0.5	0.5	73586	-1111	3.00714	-1111	4.95721	
5234	1083369600	2004	05	01	1	0.5	0.5	73732	-1111	3.00714	-1111	4.82077	
5265	1086048000	2004	06	01	1	0.5	0.5	73889	-1111	3.00714	-1111	4.48986	
5295	1088640000	2004	07	01	1	0.5	0.5	74051	-1111	3.00714	-1111	4.38573	
5326	1091318400	2004	08	01	1	0.5	0.5	74219	-1111	3.00714	-1111	4.22513	
5357	1093996800	2004	09	01	1	0.5	0.5	74413	-1111	3.00714	-1111	4.25725	
5387	1096588800	2004	10	01	1	0.5	0.5	74603	-1111	3.00714	-1111	4.07653	
5418	1099267200	2004	11	01	1	0.5	0.5	74759	-1111	3.00714	-1111	4.06931	
5448	1101859200	2004	12	01	1	0.5	0.5	74947	-1111	3.00714	-1111	3.88918	
5479	1104537600	2005	01	01	1	0.5	0.5	75139	-1111	3.00714	-1111	3.8883	
5510	1107216000	2005	02	01	1	0.5	0.5	75310	-1111	2.77214	-1111	3.92889	
5538	1109635200	2005	03	01	1	0.5	0.5	75453	-1111	2.77214	-1111	3.87556	
5569	1112313600	2005	04	01	1	0.5	0.5	75636	-1111	2.77214	-1111	3.93396	
5599	1114905600	2005	05	01	1	0.5	0.5	75831	-1111	2.77214	-1111	3.86861	
5630	1117584000	2005	06	01	1	0.5	0.5	75977	-1111	2.77214	-1111	3.64876	
5660	1120176000	2005	07	01	1	0.5	0.5	76145	-1111	2.77214	-1111	3.559	
5691	1122854400	2005	08	01	1	0.5	0.5	76306	-1111	2.77214	-1111	3.41987	
5722	1125532800	2005	09	01	1	0.5	0.5	76501	-1111	2.77214	-1111	3.41677	
5752	1128124800	2005	10	01	1	0.5	0.5	76658	-1111	2.77214	-1111	3.30242	
5783	1130803200	2005	11	01	1	0.5	0.5	76865	-1111	2.77214	-1111	3.49859	
5813	1133395200	2005	12	01	1	0.5	0.5	77055	-1111	2.77214	-1111	3.35846	
5844	1136073600	2006	01	01	1	0.5	0.5	77275	-1111	2.77214	-1111	3.32003	
5875	1138752000	2006	02	01	1	0.5	0.5	77451	-1111	2.2426	-1111	3.43015	
5903	1141171200	2006	03	01	1	0.5	0.5	77623	-1111	2.2426	-1111	3.57634	
5934	1143849600	2006	04	01	1	0.5	0.5	77808	-1111	2.2426	-1111	3.43199	
5964	1146441600	2006	05	01	1	0.5	0.5	77982	-1111	2.2426	-1111	3.45614	
5995	1149120000	2006	06	01	1	0.5	0.5	78147	-1111	2.2426	-1111	3.70987	
6025	1151712000	2006	07	01	1	0.5	0.5	78323	-1111	2.2426	-1111	3.67643	
6056	1154390400	2006	08	01	1	0.5	0.5	78502	-1111	2.2426	-1111	3.53622	
6087	1157068800	2006	09	01	1	0.5	0.5	78720	-1111	2.2426	-1111	3.69943	
6117	1159660800	2006	10	01	1	0.5	0.5	78926	-1111	2.2426	-1111	3.74281	
6148	1162339200	2006	11	01	1	0.5	0.5	79112	-1111	2.2426	-1111	3.75944	
6178	1164931200	2006	12	01	1	0.5	0.5	79293	-1111	2.2426	-1111	3.89487	
6209	1167609600	2007	01	01	1	0.5	0.5	79469	-1111	2.2426	-1111	3.86279	
6240	1170288000	2007	02	01	1	0.5	0.5	79689	-1111	2.24126	-1111	4.10409	
6268	1172707200	2007	03	01	1	0.5	0.5	79851	-1111	2.24126	-1111	3.95167	
6299	1175385600	2007	04	01	1	0.5	0.5	80017	-1111	2.24126	-1111	4.05258	
6329	1177977600	2007	05	01	1	0.5	0.5	80195	-1111	2.24126	-1111	3.95107	
6360	1180656000	2007	06	01	1	0.5	0.5	80378	-1111	2.24126	-1111	4.04653	
6390	1183248000	2007	07	01	1	0.5	0.5	80532	-1111	2.24126	-1111	3.87151	
6421	1185926400	2007	08	01	1	0.5	0.5	80718	-1111	2.24126	-1111	3.85806	
6452	1188604800	2007	09	01	1	0.5	0.5	80891	-1111	2.24126	-1111	3.82091	
6482	1191196800	2007	10	01	1	0.5	0.5	81076	-1111	2.24126	-1111	4.0088	
6513	1193875200	2007	11	01	1	0.5	0.5	81306	-1111	2.24126	-1111	3.97232	
6543	1196467200	2007	12	01	1	0.5	0.5	81473	-1111	2.24126	-1111	3.83588	
6574	1199145600	2008	01	01	1	0.5	0.5	81645	-1111	2.24126	-1111	3.71589	
6605	1201824000	2008	02	01	1	0.5	0.5	81859	-1111	2.34384	-1111	3.68225	
6634	1204329600	2008	03	01	1	0.5	0.5	82030	-1111	2.34384	-1111	3.81543	
6665	1207008000	2008	04	01	1	0.5	0.5	82249	-1111	2.34384	-1111	3.81716	
6695	1209600000	2008	05	01	1	0.5	0.5	82437	-1111	2.34384	-1111	4.01743	
6726	1212278400	2008	06	01	1	0.5	0.5	82629	-1111	2.34384	-1111	3.9285	
6756	1214870400	2008	07	01	1	0.5	0.5	82810	-1111	2.34384	-1111	4.11181	
6787	1217548800	2008	08	01	1	0.5	0.5	83024	-1111	2.34384	-1111	4.12381	
6818	1220227200	2008	09	01	1	0.5	0.5	83241	-1111	2.34384	-1111	4.14889	
6848	1222819200	2008	10	01	1	0.5	0.5	83411	-1111	2.34384	-1111	4.17613	
6879	1225497600	2008	11	01	1	0.5	0.5	83639	-1111	2.34384	-1111	4.30087	
6909	1228089600	2008	12	01	1	0.5	0.5	83834	-1111	2.34384	-1111	4.30795	
6940	1230768000	2009	01	01	1	0.5	0.5	84029	-1111	2.34384	-1111	4.36702	
6971	1233446400	2009	02	01	1	0.5	0.5	84206	-1111	2.44505	-1111	4.33584	
6999	1235865600	2009	03	01	1	0.5	0.5	84380	-1111	2.44505	-1111	4.31191	
7030	1238544000	2009	04	01	1	0.5	0.5	84543	-1111	2.44505	-1111	4.20876	
7060	1241136000	2009	05	01	1	0.5	0.5	84700	-1111	2.44505	-1111	4.03271	
7091	1243814400	2009	06	01	1	0.5	0.5	84888	-1111	2.44505	-1111	4.08579	
7121	1246406400	2009	07	01	1	0.5	0.5	85049	-1111	2.44505	-1111	4.15491	
7152	1249084800	2009	08	01	1	0.5	0.5	85251	-1111	2.44505	-1111	4.16609	
7183	1251763200	2009	09	01	1	0.5	0.5	85404	-1111	2.44505	-1111	4.17031	
7213	1254355200	2009	10	01	1	0.5	0.5	85628	-1111	2.44505	-1111	4.10877	
7244	1257033600	2009	11	01	1	0.5	0.5	85844	-1111	2.44505	-1111	4.16114	
7274	1259625600	2009	12	01	1	0.5	0.5	86039	-1111	2.44505	-1111	4.1156	
7305	1262304000	2010	01	01	1	0.5	0.5	86245	-1111	2.44505	-1111	3.93169	
7336	1264982400	2010	02	01	1	0.5	0.5	86415	-1111	2.4867	-1111	3.77702	
7364	1267401600	2010	03	01	1	0.5	0.5	86588	-1111	2.4867	-1111	3.7675	
7395	1270080000	2010	04	01	1	0.5	0.5	86782	-1111	2.4867	-1111	3.91953	
7425	1272672000	2010	05	01	1	0.5	0.5	86997	-1111	2.4867	-1111	3.78432	
7456	1275350400	2010	06	01	1	0.5	0.5	87199	-1111	2.4867	-1111	3.99026	
7486	1277942400	2010	07	01	1	0.5	0.5	87398	-1111	2.4867	-1111	3.8721	
7517	1280620800	2010	08	01	1	0.5	0.5	87580	-1111	2.4867	-1111	4.09024	
7548	1283299200	2010	09	01	1	0.5	0.5	87776	-1111	2.4867	-1111	3.89779	
7578	1285891200	2010	10	01	1	0.5	0.5	87990	-1111	2.4867	-1111	3.79481	
7609	1288569600	2010	11	01	1	0.5	0.5	88217	-1111	2.4867	-1111	4.10532	
7639	1291161600	2010	12	01	1	0.5	0.5	88378	-1111	2.4867	-1111	4.27563	
7670	1293840000	2011	01	01	1	0.5	0.5	88591	-1111	2.4867	-1111	4.25211	
7701	1296518400	2011	02	01	1	0.5	0.5	88820	-1111	2.42619	-1111	4.31817	
7729	1298937600	2011	03	01	1	0.5	0.5	89007	-1111	2.42619	-1111	4.23519	
7760	1301616000	2011	04	01	1	0.5	0.5	89225	-1111	2.42619	-1111	4.22741	
7790	1304208000	2011	05	01	1	0.5	0.5	89405	-1111	2.42619	-1111	4.14665	
7821	1306886400	2011	06	01	1	0.5	0.5	89625	-1111	2.42619	-1111	4.08181	
7851	1309478400	2011	07	01	1	0.5	0.5	89842	-1111	2.42619	-1111	4.04355	
7882	1312156800	2011	08	01	1	0.5	0.5	90053	-1111	2.42619	-1111	4.26501	
7913	1314835200	2011	09	01	1	0.5	0.5	90254	-1111	2.42619	-1111	4.42207	
7943	1317427200	2011	10	01	1	0.5	0.5	90480	-1111	2.42619	-1111	4.39867	
7974	1320105600	2011	11	01	1	0.5	0.5	90697	-1111	2.42619	-1111	4.60781	
8004	1322697600	2011	12	01	1	0.5	0.5	90909	-1111	2.42619	-1111	4.51288	
8035	1325376000	2012	01	01	1	0.5	0.5	91127	-1111	2.42619	-1111	4.38737	
8066	1328054400	2012	02	01	1	0.5	0.5	91359	-1111	2.56856	-1111	4.31981	
8095	1330560000	2012	03	01	1	0.5	0.5	91562	-1111	2.56856	-1111	4.26763	
8126	1333238400	2012	04	01	1	0.5	0.5	91765	-1111	2.56856	-1111	4.14655	
8156	1335830400	2012	05	01	1	0.5	0.5	91987	-1111	2.56856	-1111	3.90363	
8187	1338508800	2012	06	01	1	0.5	0.5	92205	-1111	2.56856	-1111	4.1083	
8217	1341100800	2012	07	01	1	0.5	0.5	92414	-1111	2.56856	-1111	4.14687	
8248	1343779200	2012	08	01	1	0.5	0.5	92596	-1111	2.56856	-1111	4.04498	
8279	1346457600	2012	09	01	1	0.5	0.5	92788	-1111	2.56856	-1111	4.24941	
8309	1349049600	2012	10	01	1	0.5	0.5	93022	-1111	2.56856	-1111	4.10405	
8340	1351728000	2012	11	01	1	0.5	0.5	93244	-1111	2.56856	-1111	4.14987	
8370	1354320000	2012	12	01	1	0.5	0.5	93456	-1111	2.56856	-1111	4.26532	
8401	1356998400	2013	01	01	1	0.5	0.5	93691	-1111	2.56856	-1111	4.25397	
8432	1359676800	2013	02	01	1	0.5	0.5	93892	-1111	2.49792	-1111	4.19913	
8460	1362096000	2013	03	01	1	0.5	0.5	94093	-1111	2.49792	-1111	4.24897	
8491	1364774400	2013	04	01	1	0.5	0.5	94342	-1111	2.49792	-1111	4.29932	
8521	1367366400	2013	05	01	1	0.5	0.5	94531	-1111	2.49792	-1111	4.28745	
8552	1370044800	2013	06	01	1	0.5	0.5	94772	-1111	2.49792	-1111	4.21426	
8582	1372636800	2013	07	01	1	0.5	0.5	95015	-1111	2.49792	-1111	4.43409	
8613	1375315200	2013	08	01	1	0.5	0.5	95235	-1111	2.49792	-1111	4.62821	
8644	1377993600	2013	09	01	1	0.5	0.5	95422	-1111	2.49792	-1111	4.65135	
8674	1380585600	2013	10	01	1	0.5	0.5	95635	-1111	2.49792	-1111	4.496	
8705	1383264000	2013	11	01	1	0.5	0.5	95880	-1111	2.49792	-1111	4.44911	
8735	1385856000	2013	12	01	1	0.5	0.5	96101	-1111	2.49792	-1111	4.43431	
8766	1388534400	2014	01	01	1	0.5	0.5	96313	-1111	2.49792	-1111	4.64373	
8797	1391212800	2014	02	01	1	0.5	0.5	96516	-1111	2.60837	-1111	4.58495	
8825	1393632000	2014	03	01	1	0.5	0.5	96741	-1111	2.60837	-1111	4.39265	
8856	1396310400	2014	04	01	1	0.5	0.5	96950	-1111	2.60837	-1111	4.48895	
8886	1398902400	2014	05	01	1	0.5	0.5	97173	-1111	2.60837	-1111	4.5195	
8917	1401580800	2014	06	01	1	0.5	0.5	97397	-1111	2.60837	-1111	4.7415	
8947	1404172800	2014	07	01	1	0.5	0.5	97620	-1111	2.60837	-1111	4.96431	
8978	1406851200	2014	08	01	1	0.5	0.5	97817	-1111	2.60837	-1111	4.74541	
9009	1409529600	2014	09	01	1	0.5	0.5	98039	-1111	2.60837	-1111	4.54125	
9039	1412121600	2014	10	01	1	0.5	0.5	98278	-1111	2.60837	-1111	4.27079	
9070	1414800000	2014	11	01	1	0.5	0.5	98501	-1111	2.60837	-1111	4.40138	
9100	1417392000	2014	12	01	1	0.5	0.5	98702	-1111	2.60837	-1111	4.38554	
9131	1420070400	2015	01	01	1	0.5	0.5	98954	-1111	2.60837	-1111	4.55687	
9162	1422748800	2015	02	01	1	0.5	0.5	99183	-1111	2.6647	-1111	4.34748	
9190	1425168000	2015	03	01	1	0.5	0.5	99375	-1111	2.6647	-1111	4.31103	
9221	1427846400	2015	04	01	1	0.5	0.5	99630	-1111	2.6647	-1111	4.35678	
9251	1430438400	2015	05	01	1	0.5	0.5	99870	-1111	2.6647	-1111	4.40038	
9282	1433116800	2015	06	01	1	0.5	0.5	100098	-1111	2.6647	-1111	4.28448	
9312	1435708800	2015	07	01	1	0.5	0.5	100321	-1111	2.6647	-1111	4.4393	
9343	1438387200	2015	08	01	1	0.5	0.5	100551	-1111	2.6647	-1111	4.45585	
9374	1441065600	2015	09	01	1	0.5	0.5	100788	-1111	2.6647	-1111	4.39225	
9404	1443657600	2015	10	01	1	0.5	0.5	101028	-1111	2.6647	-1111	4.32437	
9435	1446336000	2015	11	01	1	0.5	0.5	101224	-1111	2.6647	-1111	4.18891	
9465	1448928000	2015	12	01	1	0.5	0.5	101425	-1111	2.6647	-1111	4.10266	
9496	1451606400	2016	01	01	1	0.5	0.5	101678	-1111	2.6647	-1111	4.02314	
9527	1454284800	2016	02	01	1	0.5	0.5	101926	-1111	2.53591	-1111	4.27984	
9556	1456790400	2016	03	01	1	0.5	0.5	102130	-1111	2.53591	-1111	4.1802	
9587	1459468800	2016	04	01	1	0.5	0.5	102365	-1111	2.53591	-1111	4.1879	
9617	1462060800	2016	05	01	1	0.5	0.5	102624	-1111	2.53591	-1111	4.11592	
9648	1464739200	2016	06	01	1	0.5	0.5	102853	-1111	2.53591	-1111	4.04409	
9678	1467331200	2016	07	01	1	0.5	0.5	103070	-1111	2.53591	-1111	4.15534	
9709	1470009600	2016	08	01	1	0.5	0.5	103300	-1111	2.53591	-1111	3.98014	
9740	1472688000	2016	09	01	1	0.5	0.5	103504	-1111	2.53591	-1111	4.08467	
9770	1475280000	2016	10	01	1	0.5	0.5	103764	-1111	2.53591	-1111	4.02373	
9801	1477958400	2016	11	01	1	0.5	0.5	104046	-1111	2.53591	-1111	4.11287	
9831	1480550400	2016	12	01	1	0.5	0.5	104297	-1111	2.53591	-1111	4.15339	
9862	1483228800	2017	01	01	1	0.5	0.5	104543	-1111	2.53591	-1111	4.08573	
9893	1485907200	2017	02	01	1	0.5	0.5	104766	-1111	2.46666	-1111	4.02266	
9921	1488326400	2017	03	01	1	0.5	0.5	104955	-1111	2.46666	-1111	4.07663	
9952	1491004800	2017	04	01	1	0.5	0.5	105230	-1111	2.46666	-1111	3.97971	
9982	1493596800	2017	05	01	1	0.5	0.5	105469	-1111	2.46666	-1111	4.20773	
10013	1496275200	2017	06	01	1	0.5	0.5	105727	-1111	2.46666	-1111	4.17927	
10043	1498867200	2017	07	01	1	0.5	0.5	105943	-1111	2.46666	-1111	4.19494	
10074	1501545600	2017	08	01	1	0.5	0.5	106210	-1111	2.46666	-1111	4.20818	
10105	1504224000	2017	09	01	1	0.5	0.5	106459	-1111	2.46666	-1111	4.31505	
10135	1506816000	2017	10	01	1	0.5	0.5	106665	-1111	2.46666	-1111	4.12604	
10166	1509494400	2017	11	01	1	0.5	0.5	106922	-1111	2.46666	-1111	4.13584	
10196	1512086400	2017	12	01	1	0.5	0.5	107144	-1111	2.46666	-1111	4.15097	
10227	1514764800	2018	01	01	1	0.5	0.5	107431	-1111	2.46666	-1111	4.06196	
10258	1517443200	2018	02	01	1	0.5	0.5	107681	-1111	2.48035	-1111	4.04675	
10286	1519862400	2018	03	01	1	0.5	0.5	107927	-1111	2.48035	-1111	3.90287	
10317	1522540800	2018	04	01	1	0.5	0.5	108183	-1111	2.48035	-1111	3.99254	
10347	1525132800	2018	05	01	1	0.5	0.5	108462	-1111	2.48035	-1111	3.87532	
10378	1527811200	2018	06	01	1	0.5	0.5	108748	-1111	2.48035	-1111	3.99971	
10408	1530403200	2018	07	01	1	0.5	0.5	108963	-1111	2.48035	-1111	4.02685	
10439	1533081600	2018	08	01	1	0.5	0.5	109222	-1111	2.48035	-1111	3.97799	
10470	1535760000	2018	09	01	1	0.5	0.5	109481	-1111	2.48035	-1111	4.20855	
10500	1538352000	2018	10	01	1	0.5	0.5	109729	-1111	2.48035	-1111	4.27732	
10531	1541030400	2018	11	01	1	0.5	0.5	110024	-1111	2.48035	-1111	4.31701	
10561	1543622400	2018	12	01	1	0.5	0.5	110253	-1111	2.48035	-1111	4.43074	
10592	1546300800	2019	01	01	1	0.5	0.5	110522	-1111	2.48035	-1111	4.40051	
10623	1548979200	2019	02	01	1	0.5	0.5	110769	-1111	2.49028	-1111	4.31431	
10651	1551398400	2019	03	01	1	0.5	0.5	111015	-1111	2.49028	-1111	4.34349	
10682	1554076800	2019	04	01	1	0.5	0.5	111284	-1111	2.49028	-1111	4.34102	
10712	1556668800	2019	05	01	1	0.5	0.5	111534	-1111	2.49028	-1111	4.26747	
10743	1559347200	2019	06	01	1	0.5	0.5	111816	-1111	2.49028	-1111	4.21205	
10773	1561939200	2019	07	01	1	0.5	0.5	112085	-1111	2.49028	-1111	4.35704	
10804	1564617600	2019	08	01	1	0.5	0.5	112308	-1111	2.49028	-1111	4.45885	
10835	1567296000	2019	09	01	1	0.5	0.5	112580	-1111	2.49028	-1111	4.38923	
10865	1569888000	2019	10	01	1	0.5	0.5	112827	-1111	2.49028	-1111	4.20221	
10896	1572566400	2019	11	01	1	0.5	0.5	113097	-1111	2.49028	-1111	4.29162	
10926	1575158400	2019	12	01	1	0.5	0.5	113314	-1111	2.49028	-1111	4.31529	
10957	1577836800	2020	01	01	1	0.5	0.5	113563	-1111	2.49028	-1111	4.07331	
10988	1580515200	2020	02	01	1	0.5	0.5	113819	-1111	2.58488	-1111	4.33498	
11017	1583020800	2020	03	01	1	0.5	0.5	114088	-1111	2.58488	-1111	4.41594	
11048	1585699200	2020	04	01	1	0.5	0.5	114347	-1111	2.58488	-1111	4.50715	
11078	1588291200	2020	05	01	1	0.5	0.5	114604	-1111	2.58488	-1111	4.70013	
11109	1590969600	2020	06	01	1	0.5	0.5	114875	-1111	2.58488	-1111	4.88717	
11139	1593561600	2020	07	01	1	0.5	0.5	115137	-1111	2.58488	-1111	4.9923	
11170	1596240000	2020	08	01	1	0.5	0.5	115459	-1111	2.58488	-1111	4.88737	
11201	1598918400	2020	09	01	1	0.5	0.5	115672	-1111	2.58488	-1111	4.9609	
11231	1601510400	2020	10	01	1	0.5	0.5	115941	-1111	2.58488	-1111	5.13099	
11262	1604188800	2020	11	01	1	0.5	0.5	116245	-1111	2.58488	-1111	5.52941	
11292	1606780800	2020	12	01	1	0.5	0.5	116504	-1111	2.58488	-1111	5.60643	
11323	1609459200	2021	01	01	1	0.5	0.5	116795	-1111	2.58488	-1111	5.77546	
11354	1612137600	2021	02	01	1	0.5	0.5	117079	-1111	2.85861	-1111	5.85864	
11382	1614556800	2021	03	01	1	0.5	0.5	117348	-1111	2.85861	-1111	5.7769	
11413	1617235200	2021	04	01	1	0.5	0.5	117624	-1111	2.85861	-1111	5.66416	
11443	1619827200	2021	05	01	1	0.5	0.5	117890	-1111	2.85861	-1111	5.67769	
11474	1622505600	2021	06	01	1	0.5	0.5	118152	-1111	2.85861	-1111	5.80053	
11504	1625097600	2021	07	01	1	0.5	0.5	118410	-1111	2.85861	-1111	5.95653	
11535	1627776000	2021	08	01	1	0.5	0.5	118663	-1111	2.85861	-1111	5.9402	
11566	1630454400	2021	09	01	1	0.5	0.5	118982	-1111	2.85861	-1111	5.91536	
11596	1633046400	2021	10	01	1	0.5	0.5	119233	-1111	2.85861	-1111	6.01298	
11627	1635724800	2021	11	01	1	0.5	0.5	119515	-1111	2.85861	-1111	5.80287	
11657	1638316800	2021	12	01	1	0.5	0.5	119789	-1111	2.85861	-1111	5.88004	
11688	1640995200	2022	01	01	1	0.5	0.5	120100	-1111	2.85861	-1111	5.82938	
11719	1643673600	2022	02	01	1	0.5	0.5	120404	-1111	3.20199	-1111	5.85889	
11747	1646092800	2022	03	01	1	0.5	0.5	120691	-1111	3.20199	-1111	5.87583	
11778	1648771200	2022	04	01	1	0.5	0.5	120986	-1111	3.20199	-1111	5.78281	
11808	1651363200	2022	05	01	1	0.5	0.5	121277	-1111	3.20199	-1111	5.57342	
11839	1654041600	2022	06	01	1	0.5	0.5	121554	-1111	3.20199	-1111	5.53233	
11869	1656633600	2022	07	01	1	0.5	0.5	121867	-1111	3.20199	-1111	5.76003	
11900	1659312000	2022	08	01	1	0.5	0.5	122169	-1111	3.20199	-1111	5.89771	
11931	1661990400	2022	09	01	1	0.5	0.5	122468	-1111	3.20199	-1111	6.0251	
11961	1664582400	2022	10	01	1	0.5	0.5	122718	-1111	3.20199	-1111	6.06392	
11992	1667260800	2022	11	01	1	0.5	0.5	122991	-1111	3.20199	-1111	5.88235	
12022	1669852800	2022	12	01	1	0.5	0.5	123277	-1111	3.20199	-1111	5.88686	
12053	1672531200	2023	01	01	1	0.5	0.5	123559	-1111	3.20199	-1111	5.72575	
12084	1675209600	2023	02	01	1	0.5	0.5	123828	-1111	3.08804	-1111	5.65564	
12112	1677628800	2023	03	01	1	0.5	0.5	124075	-1111	3.08804	-1111	5.72125	
12143	1680307200	2023	04	01	1	0.5	0.5	124362	-1111	3.08804	-1111	6.02577	
12173	1682899200	2023	05	01	1	0.5	0.5	124636	-1111	3.08804	-1111	5.83042	
12204	1685577600	2023	06	01	1	0.5	0.5	124934	-1111	3.08804	-1111	5.81092	
12234	1688169600	2023	07	01	1	0.5	0.5	125188	-1111	3.08804	-1111	5.66334	
12265	1690848000	2023	08	01	1	0.5	0.5	125448	-1111	3.08804	-1111	5.67869	
12296	1693526400	2023	09	01	1	0.5	0.5	125785	-1111	3.08804	-1111	5.59888	
12326	1696118400	2023	10	01	1	0.5	0.5	126095	-1111	3.08804	-1111	5.72772	
12357	1698796800	2023	11	01	1	0.5	0.5	126424	-1111	3.08804	-1111	5.75316	
12387	1701388800	2023	12	01	1	0.5	0.5	126676	-1111	3.08804	-1111	5.89695	
12418	1704067200	2024	01	01	1	0.5	0.5	126967	-1111	3.08804	-1111	5.99239	
12449	1706745600	2024	02	01	1	0.5	0.5	127277	-1111	3.08067	-1111	5.97461	
12478	1709251200	2024	03	01	1	0.5	0.5	127555	-1111	3.08067	-1111	5.99115	
12509	1711929600	2024	04	01	1	0.5	0.5	127834	-1111	3.08067	-1111	6.07835	
12539	1714521600	2024	05	01	1	0.5	0.5	128143	-1111	3.08067	-1111	5.97079	
12570	1717200000	2024	06	01	1	0.5	0.5	128419	-1111	3.08067	-1111	5.89115	
12600	1719792000	2024	07	01	1	0.5	0.5	128696	-1111	3.08067	-1111	5.76367	
12631	1722470400	2024	08	01	1	0.5	0.5	129011	-1111	3.08067	-1111	5.74706	
12662	1725148800	2024	09	01	1	0.5	0.5	129299	-1111	3.08067	-1111	5.88182	
12692	1727740800	2024	10	01	1	0.5	0.5	129565	-1111	3.08067	-1111	5.81406	
12723	1730419200	2024	11	01	1	0.5	0.5	129859	-1111	3.08067	-1111	5.71825	
12753	1733011200	2024	12	01	1	0.5	0.5	130186	-1111	3.08067	-1111	5.67376	
12784	1735689600	2025	01	01	1	0.5	0.5	130508	-1111	3.08067	-1111	5.71163	
12815	1738368000	2025	02	01	1	0.5	0.5	130818	-1111	3.08563	-1111	5.27953	
12843	1740787200	2025	03	01	1	0.5	0.5	131077	-1111	3.08563	-1111	4.8884	
12874	1743465600	2025	04	01	1	0.5	0.5	131368	-1111	3.08563	-1111	4.66641	
12904	1746057600	2025	05	01	1	0.5	0.5	131671	-1111	3.08563	-1111	4.62649	
12935	1748736000	2025	06	01	1	0.5	0.5	131972	-1111	3.08563	-1111	4.459	
12965	1751328000	2025	07	01	1	0.5	0.5	132270	-1111	3.08563	-1111	4.29945	
12996	1754006400	2025	08	01	1	0.5	0.5	132588	-1111	3.08563	-1111	4.15116	
13027	1756684800	2025	09	01	1	0.5	0.5	132868	-1111	3.08563	-1111	4.01189	
13057	1759276800	2025	10	01	1	0.5	0.5	133163	-1111	3.08563	-1111	4.0464	
13088	1761955200	2025	11	01	1	0.5	0.5	133502	-1111	3.08563	-1111	4.03358	
13118	1764547200	2025	12	01	1	0.5	0.5	133816	-1111	3.08563	-1111	4.06191	
13149	1767225600	2026	01	01	1	0.5	0.5	134129	-1111	3.08563	-1111	4.09597	
13180	1769904000	2026	02	01	1	0.5	0.5	134481	-1111	2.45824	-1111	4.06911	
13208	1772323200	2026	03	01	1	0.5	0.5	134756	-1111	2.45824	-1111	4.1264	
13239	1775001600	2026	04	01	1	0.5	0.5	135070	-1111	2.45824	-1111	4.15411	
13269	1777593600	2026	05	01	1	0.5	0.5	135412	-1111	2.45824	-1111	4.26122	
13300	1780272000	2026	06	01	1	0.5	0.5	135766	-1111	2.45824	-1111	4.31054	
13330	1782864000	2026	07	01	1	0.5	0.5	136062	-1111	2.45824	-1111	4.24557	
13361	1785542400	2026	08	01	1	0.5	0.5	136393	-1111	2.45824	-1111	4.39295	
13392	1788220800	2026	09	01	1	0.5	0.5	136723	-1111	2.45824	-1111	4.40805	
13422	1790812800	2026	10	01	1	0.5	0.5	137021	-1111	2.45824	-1111	4.41892	
13453	1793491200	2026	11	01	1	0.5	0.5	137309	-1111	2.45824	-1111	4.54065	
13483	1796083200	2026	12	01	1	0.5	0.5	137592	-1111	2.45824	-1111	4.65335	
13514	1798761600	2027	01	01	1	0.5	0.5	137919	-1111	2.45824	-1111	4.69753	
13545	1801440000	2027	02	01	1	0.5	0.5	138237	-1111	2.50189	-1111	4.67639	
13573	1803859200	2027	03	01	1	0.5	0.5	138528	-1111	2.50189	-1111	4.7903	
13604	1806537600	2027	04	01	1	0.5	0.5	138863	-1111	2.50189	-1111	4.61756	
13634	1809129600	2027	05	01	1	0.5	0.5	139195	-1111	2.50189	-1111	4.65444	
13665	1811808000	2027	06	01	1	0.5	0.5	139520	-1111	2.50189	-1111	4.60203	
13695	1814400000	2027	07	01	1	0.5	0.5	139814	-1111	2.50189	-1111	4.69959	
13726	1817078400	2027	08	01	1	0.5	0.5	140181	-1111	2.50189	-1111	4.81658	
13757	1819756800	2027	09	01	1	0.5	0.5	140501	-1111	2.50189	-1111	4.82109	
13787	1822348800	2027	10	01	1	0.5	0.5	140782	-1111	2.50189	-1111	4.69033	
13818	1825027200	2027	11	01	1	0.5	0.5	141069	-1111	2.50189	-1111	4.74458	
13848	1827619200	2027	12	01	1	0.5	0.5	141360	-1111	2.50189	-1111	4.82753	
13879	1830297600	2028	01	01	1	0.5	0.5	141643	-1111	2.50189	-1111	4.88324	
13910	1832976000	2028	02	01	1	0.5	0.5	141991	-1111	2.72391	-1111	4.81795	
13939	1835481600	2028	03	01	1	0.5	0.5	142273	-1111	2.72391	-1111	4.76243	
13970	1838160000	2028	04	01	1	0.5	0.5	142613	-1111	2.72391	-1111	4.64632	
14000	1840752000	2028	05	01	1	0.5	0.5	142950	-1111	2.72391	-1111	4.5365	
14031	1843430400	2028	06	01	1	0.5	0.5	143266	-1111	2.72391	-1111	4.55464	
14061	1846022400	2028	07	01	1	0.5	0.5	143617	-1111	2.72391	-1111	4.52738	
14092	1848700800	2028	08	01	1	0.5	0.5	143977	-1111	2.72391	-1111	4.58439	
14123	1851379200	2028	09	01	1	0.5	0.5	144290	-1111	2.72391	-1111	4.76281	
14153	1853971200	2028	10	01	1	0.5	0.5	144593	-1111	2.72391	-1111	5.04908	
14184	1856649600	2028	11	01	1	0.5	0.5	144969	-1111	2.72391	-1111	5.03741	
14214	1859241600	2028	12	01	1	0.5	0.5	145287	-1111	2.72391	-1111	4.919	
14245	1861920000	2029	01	01	1	0.5	0.5	145636	-1111	2.72391	-1111	4.86821	
14276	1864598400	2029	02	01	1	0.5	0.5	145968	-1111	2.77817	-1111	4.95482	
14304	1867017600	2029	03	01	1	0.5	0.5	146241	-1111	2.77817	-1111	5.15538	
14335	1869696000	2029	04	01	1	0.5	0.5	146581	-1111	2.77817	-1111	5.13649	
14365	1872288000	2029	05	01	1	0.5	0.5	146906	-1111	2.77817	-1111	4.89671	
14396	1874966400	2029	06	01	1	0.5	0.5	147251	-1111	2.77817	-1111	5.06491	
14426	1877558400	2029	07	01	1	0.5	0.5	147605	-1111	2.77817	-1111	5.11412	
14457	1880236800	2029	08	01	1	0.5	0.5	147951	-1111	2.77817	-1111	4.88979	
14488	1882915200	2029	09	01	1	0.5	0.5	148270	-1111	2.77817	-1111	4.81015	
14518	1885507200	2029	10	01	1	0.5	0.5	148627	-1111	2.77817	-1111	4.77093	
14549	1888185600	2029	11	01	1	0.5	0.5	148964	-1111	2.77817	-1111	4.80187	
14579	1890777600	2029	12	01	1	0.5	0.5	149342	-1111	2.77817	-1111	4.80729	
14610	1893456000	2030	01	01	1	0.5	0.5	149736	-1111	2.77817	-1111	4.90312	
