0	631152000	1990	01	01	1	0.6	0.5	50000	-1111	0	-1111	4.74326	
31	633830400	1990	02	01	1	0	0	50099	-1111	0	-1111	12.3642	
59	636249600	1990	03	01	1	0	0	50212	-1111	0	-1111	14.9855	
90	638928000	1990	04	01	1	0	0	50311	-1111	0	-1111	14.9324	
120	641520000	1990	05	01	1	0	0	50439	-1111	0	-1111	17.4834	
151	644198400	1990	06	01	1	0	0	50561	-1111	0	-1111	19.2002	
181	646790400	1990	07	01	1	0	0	50639	-1111	0	-1111	20.0895	
212	649468800	1990	08	01	1	0	0	50731	-1111	0	-1111	20.6921	
243	652147200	1990	09	01	1	0	0	50816	-1111	0	-1111	20.5713	
273	654739200	1990	10	01	1	0	0	50911	-1111	0	-1111	20.4463	
304	657417600	1990	11	01	1	0	0	51019	-1111	0	-1111	19.366	
334	660009600	1990	12	01	1	0	0	51150	-1111	0	-1111	18.3379	
365	662688000	1991	01	01	1	0	0	51271	-1111	0	-1111	16.83	
396	665366400	1991	02	01	1	0	0	51377	-1111	0	-1111	15.5383	
424	667785600	1991	03	01	1	0	0	51452	-1111	0	-1111	14.588	
455	670464000	1991	04	01	1	0	0	51567	-1111	0	-1111	13.4551	
485	673056000	1991	05	01	1	0	0	51677	-1111	0	-1111	12.137	
516	675734400	1991	06	01	1	0	0	51802	-1111	0	-1111	11.076	
546	678326400	1991	07	01	1	0	0	51916	-1111	0	-1111	9.63472	
577	681004800	1991	08	01	1	0	0	52045	-1111	0	-1111	8.22009	
608	683683200	1991	09	01	1	0	0	52191	-1111	0	-1111	7.33487	
638	686275200	1991	10	01	1	0	0	52313	-1111	0	-1111	7.02751	
669	688953600	1991	11	01	1	0	0	52404	-1111	0	-1111	6.91417	
699	691545600	1991	12	01	1	0	0	52520	-1111	0	-1111	6.50615	
730	694224000	1992	01	01	1	0	0	52644	-1111	0	-1111	6.1662	
761	696902400	1992	02	01	1	0	0	52767	-1111	5.29225	-1111	5.90593	
790	699408000	1992	03	01	1	0	0	52879	-1111	5.29225	-1111	5.56731	
821	702086400	1992	04	01	1	0	0	53024	-1111	5.29225	-1111	5.4747	
851	704678400	1992	05	01	1	0	0	53148	-1111	5.29225	-1111	5.46399	
882	707356800	1992	06	01	1	0	0	53262	-1111	5.29225	-1111	5.76345	
912	709948800	1992	07	01	1	0	0	53376	-1111	5.29225	-1111	5.92481	
943	712627200	1992	08	01	1	0	0	53497	-1111	5.29225	-1111	5.85226	
974	715305600	1992	09	01	1	0	0	53636	-1111	5.29225	-1111	6.09454	
1004	717897600	1992	10	01	1	0	0	53761	-1111	5.29225	-1111	6.39256	
1035	720576000	1992	11	01	1	0	0	53894	-1111	5.29225	-1111	7.08774	
1065	723168000	1992	12	01	1	0	0	54038	-1111	5.29225	-1111	7.10387	
1096	725846400	1993	01	01	1	0	0	54153	-1111	5.29225	-1111	7.36614	
1127	728524800	1993	02	01	1	0	0	54258	-1111	3.28719	-1111	7.25752	
1155	730944000	1993	03	01	1	0	0	54366	-1111	3.28719	-1111	7.76939	
1186	733622400	1993	04	01	1	0	0	54493	-1111	3.28719	-1111	8.05896	
1216	736214400	1993	05	01	1	0	0	54609	-1111	3.28719	-1111	8.52481	
1247	738892800	1993	06	01	1	0	0	54698	-1111	3.28719	-1111	8.93298	
1277	741484800	1993	07	01	1	0	0	54819	-1111	3.28719	-1111	9.29362	
1308	744163200	1993	08	01	1	0	0	54960	-1111	3.28719	-1111	9.31519	
1339	746841600	1993	09	01	1	0	0	55083	-1111	3.28719	-1111	9.76137	
1369	749433600	1993	10	01	1	0	0	55207	-1111	3.28719	-1111	9.28157	
1400	752112000	1993	11	01	1	0	0	55349	-1111	3.28719	-1111	9.57732	
1430	754704000	1993	12	01	1	0	0	55464	-1111	3.28719	-1111	9.28868	
1461	757382400	1994	01	01	1	0	0	55596	-1111	3.28719	-1111	9.53015	
1492	760060800	1994	02	01	1	0	0	55739	-1111	4.71289	-1111	9.5938	
1520	762480000	1994	03	01	1	0	0	55835	-1111	4.71289	-1111	9.29804	
1551	765158400	1994	04	01	1	0	0	55988	-1111	4.71289	-1111	9.2965	
1581	767750400	1994	05	01	1	0	0	56102	-1111	4.71289	-1111	8.90018	
1612	770428800	1994	06	01	1	0	0	56235	-1111	4.71289	-1111	8.70942	
1642	773020800	1994	07	01	1	0	0	56364	-1111	4.71289	-1111	8.49105	
1673	775699200	1994	08	01	1	0	0	56452	-1111	4.71289	-1111	8.40874	
1704	778377600	1994	09	01	1	0	0	56559	-1111	4.71289	-1111	8.44595	
1734	780969600	1994	10	01	1	0	0	56690	-1111	4.71289	-1111	8.35475	
1765	783648000	1994	11	01	1	0	0	56823	-1111	4.71289	-1111	8.28506	
1795	786240000	1994	12	01	1	0	0	56957	-1111	4.71289	-1111	8.09903	
1826	788918400	1995	01	01	1	0	0	57104	-1111	4.71289	-1111	7.86919	
1857	791596800	1995	02	01	1	0	0	57250	-1111	4.42273	-1111	7.90087	
1885	794016000	1995	03	01	1	0	0	57400	-1111	4.42273	-1111	7.5539	
1916	796694400	1995	04	01	1	0	0	57537	-1111	4.42273	-1111	7.59218	
1946	799286400	1995	05	01	1	0	0	57639	-1111	4.42273	-1111	7.59604	
1977	801964800	1995	06	01	1	0	0	57777	-1111	4.42273	-1111	7.38284	
2007	804556800	1995	07	01	1	0	0	57918	-1111	4.42273	-1111	7.67831	
2038	807235200	1995	08	01	1	0	0	58048	-1111	4.42273	-1111	7.55594	
2069	809913600	1995	09	01	1	0	0	58197	-1111	4.42273	-1111	7.8827	
2099	812505600	1995	10	01	1	0	0	58316	-1111	4.42273	-1111	7.65661	
2130	815184000	1995	11	01	1	0	0	58474	-1111	4.42273	-1111	7.57433	
2160	817776000	1995	12	01	1	0	0	58591	-1111	4.42273	-1111	7.80742	
2191	820454400	1996	01	01	1	0	0	58712	-1111	4.42273	-1111	7.70173	
2222	823132800	1996	02	01	1	0	0	58850	-1111	3.96234	-1111	7.76308	
2251	825638400	1996	03	01	1	0	0	58982	-1111	3.96234	-1111	7.67519	
2282	828316800	1996	04	01	1	0	0	59108	-1111	3.96234	-1111	8.20201	
2312	830908800	1996	05	01	1	0	0	59223	-1111	3.96234	-1111	8.16429	
2343	833587200	1996	06	01	1	0	0	59364	-1111	3.96234	-1111	8.46829	
2373	836179200	1996	07	01	1	0	0	59509	-1111	3.96234	-1111	8.56817	
2404	838857600	1996	08	01	1	0	0	59647	-1111	3.96234	-1111	8.66372	
2435	841536000	1996	09	01	1	0	0	59787	-1111	3.96234	-1111	8.69627	
2465	844128000	1996	10	01	1	0	0	59916	-1111	3.96234	-1111	8.687	
2496	846806400	1996	11	01	1	0	0	60082	-1111	3.96234	-1111	8.22637	
2526	849398400	1996	12	01	1	0	0	60214	-1111	3.96234	-1111	7.77015	
2557	852076800	1997	01	01	1	0	0	60370	-1111	3.96234	-1111	7.98953	
2588	854755200	1997	02	01	1	0	0	60508	-1111	4.23835	-1111	7.93964	
2616	857174400	1997	03	01	1	0	0	60649	-1111	4.23835	-1111	8.21619	
2647	859852800	1997	04	01	1	0	0	60791	-1111	4.23835	-1111	8.28245	
2677	862444800	1997	05	01	1	0	0	60925	-1111	4.23835	-1111	8.03872	
2708	865123200	1997	06	01	1	0	0	61042	-1111	4.23835	-1111	8.04171	
2738	867715200	1997	07	01	1	0	0	61195	-1111	4.23835	-1111	8.10395	
2769	870393600	1997	08	01	1	0	0	61360	-1111	4.23835	-1111	7.73419	
2800	873072000	1997	09	01	1	0	0	61509	-1111	4.23835	-1111	7.6371	
2830	875664000	1997	10	01	1	0	0	61657	-1111	4.23835	-1111	7.84464	
2861	878342400	1997	11	01	1	0	0	61793	-1111	4.23835	-1111	7.77424	
2891	880934400	1997	12	01	1	0	0	61951	-1111	4.23835	-1111	7.49689	
2922	883612800	1998	01	01	1	0	0	62077	-1111	4.23835	-1111	7.46711	
2953	886291200	1998	02	01	1	0	0	62196	-1111	3.92879	-1111	7.46976	
2981	888710400	1998	03	01	1	0	0	62327	-1111	3.92879	-1111	7.65485	
3012	891388800	1998	04	01	1	0	0	62475	-1111	3.92879	-1111	7.8202	
3042	893980800	1998	05	01	1	0	0	62597	-1111	3.92879	-1111	7.85305	
3073	896659200	1998	06	01	1	0	0	62752	-1111	3.92879	-1111	7.9053	
3103	899251200	1998	07	01	1	0	0	62870	-1111	3.92879	-1111	8.03802	
3134	901929600	1998	08	01	1	0	0	62994	-1111	3.92879	-1111	8.02628	
3165	904608000	1998	09	01	1	0	0	63149	-1111	3.92879	-1111	8.05722	
3195	907200000	1998	10	01	1	0	0	63269	-1111	3.92879	-1111	8.28848	
3226	909878400	1998	11	01	1	0	0	63431	-1111	3.92879	-1111	8.28422	
3256	912470400	1998	12	01	1	0	0	63570	-1111	3.92879	-1111	8.74131	
3287	915148800	1999	01	01	1	0	0	63716	-1111	3.92879	-1111	8.61782	
3318	917827200	1999	02	01	1	0	0	63837	-1111	4.24216	-1111	8.70548	
3346	920246400	1999	03	01	1	0	0	63973	-1111	4.24216	-1111	8.76705	
3377	922924800	1999	04	01	1	0	0	64105	-1111	4.24216	-1111	8.66407	
3407	925516800	1999	05	01	1	0	0	64266	-1111	4.24216	-1111	8.46007	
3438	928195200	1999	06	01	1	0	0	64439	-1111	4.24216	-1111	8.5844	
3468	930787200	1999	07	01	1	0	0	64586	-1111	4.24216	-1111	8.37322	
3499	933465600	1999	08	01	1	0	0	64750	-1111	4.24216	-1111	8.35293	
3530	936144000	1999	09	01	1	0	0	64900	-1111	4.24216	-1111	8.55242	
3560	938736000	1999	10	01	1	0	0	65043	-1111	4.24216	-1111	8.27595	
3591	941414400	1999	11	01	1	0	0	65204	-1111	4.24216	-1111	8.29398	
3621	944006400	1999	12	01	1	0	0	65333	-1111	4.24216	-1111	8.20212	
3652	946684800	2000	01	01	1	0	0	65516	-1111	4.24216	-1111	7.9313	
3683	949363200	2000	02	01	1	0.5	0.5	65643	-1111	4.26573	-1111	6.71274	
3712	951868800	2000	03	01	1	0.5	0.5	65772	-1111	4.26573	-1111	5.36157	
3743	954547200	2000	04	01	1	0.5	0.5	65922	-1111	4.26573	-1111	4.59081	
3773	957139200	2000	05	01	1	0.5	0.5	66060	-1111	4.26573	-1111	4.08253	
3804	959817600	2000	06	01	1	0.5	0.5	66228	-1111	4.26573	-1111	3.53293	
3834	962409600	2000	07	01	1	0.5	0.5	66393	-1111	4.26573	-1111	3.13293	
3865	965088000	2000	08	01	1	0.5	0.5	66559	-1111	4.26573	-1111	2.83483	
3896	967766400	2000	09	01	1	0.5	0.5	66702	-1111	4.26573	-1111	2.69594	
3926	970358400	2000	10	01	1	0.5	0.5	66859	-1111	4.26573	-1111	2.55229	
3957	973036800	2000	11	01	1	0.5	0.5	67017	-1111	4.26573	-1111	2.41674	
3987	975628800	2000	12	01	1	0.5	0.5	67157	-1111	4.26573	-1111	2.40568	
4018	978307200	2001	01	01	1	0.5	0.5	67333	-1111	4.26573	-1111	2.2163	
4049	980985600	2001	02	01	1	0.5	0.5	67515	-1111	2.08876	-1111	2.20854	
4077	983404800	2001	03	01	1	0.5	0.5	67648	-1111	2.08876	-1111	2.27394	
4108	986083200	2001	04	01	1	0.5	0.5	67799	-1111	2.08876	-1111	2.19327	
4138	988675200	2001	05	01	1	0.5	0.5	67960	-1111	2.08876	-1111	2.21739	
4169	991353600	2001	06	01	1	0.5	0.5	68124	-1111	2.08876	-1111	2.0947	
4199	993945600	2001	07	01	1	0.5	0.5	68294	-1111	2.08876	-1111	2.30315	
4230	996624000	2001	08	01	1	0.5	0.5	68444	-1111	2.08876	-1111	2.33765	
4261	999302400	2001	09	01	1	0.5	0.5	68603	-1111	2.08876	-1111	2.29898	
4291	1001894400	2001	10	01	1	0.5	0.5	68767	-1111	2.08876	-1111	2.51056	
4322	1004572800	2001	11	01	1	0.5	0.5	68921	-1111	2.08876	-1111	2.53822	
4352	1007164800	2001	12	01	1	0.5	0.5	69093	-1111	2.08876	-1111	2.81203	
4383	1009843200	2002	01	01	1	0.5	0.5	69246	-1111	2.08876	-1111	3.12787	
4414	1012521600	2002	02	01	1	0.5	0.5	69437	-1111	1.55536	-1111	3.20417	
4442	1014940800	2002	03	01	1	0.5	0.5	69587	-1111	1.55536	-1111	3.27653	
4473	1017619200	2002	04	01	1	0.5	0.5	69755	-1111	1.55536	-1111	3.27327	
4503	1020211200	2002	05	01	1	0.5	0.5	69876	-1111	1.55536	-1111	3.3102	
4534	1022889600	2002	06	01	1	0.5	0.5	70016	-1111	1.55536	-1111	3.28742	
4564	1025481600	2002	07	01	1	0.5	0.5	70184	-1111	1.55536	-1111	3.80097	
4595	1028160000	2002	08	01	1	0.5	0.5	70344	-1111	1.55536	-1111	3.80738	
4626	1030838400	2002	09	01	1	0.5	0.5	70526	-1111	1.55536	-1111	3.81628	
4656	1033430400	2002	10	01	1	0.5	0.5	70675	-1111	1.55536	-1111	3.86387	
4687	1036108800	2002	11	01	1	0.5	0.5	70834	-1111	1.55536	-1111	3.99396	
4717	1038700800	2002	12	01	1	0.5	0.5	70989	-1111	1.55536	-1111	4.16015	
4748	1041379200	2003	01	01	1	0.5	0.5	71158	-1111	1.55536	-1111	4.42823	
4779	1044057600	2003	02	01	1	0.5	0.5	71334	-1111	2.42393	-1111	4.2252	
4807	1046476800	2003	03	01	1	0.5	0.5	71505	-1111	2.42393	-1111	4.25579	
4838	1049155200	2003	04	01	1	0.5	0.5	71664	-1111	2.42393	-1111	4.20517	
4868	1051747200	2003	05	01	1	0.5	0.5	71833	-1111	2.42393	-1111	4.10234	
4899	1054425600	2003	06	01	1	0.5	0.5	72004	-1111	2.42393	-1111	4.2214	
4929	1057017600	2003	07	01	1	0.5	0.5	72196	-1111	2.42393	-1111	4.29448	
4960	1059696000	2003	08	01	1	0.5	0.5	72369	-1111	2.42393	-1111	4.2302	
4991	1062374400	2003	09	01	1	0.5	0.5	72535	-1111	2.42393	-1111	4.15644	
5021	1064966400	2003	10	01	1	0.5	0.5	72696	-1111	2.42393	-1111	4.1034	
5052	1067644800	2003	11	01	1	0.5	0.5	72851	-1111	2.42393	-1111	4.01369	
5082	1070236800	2003	12	01	1	0.5	0.5	72998	-1111	2.42393	-1111	4.00671	
5113	1072915200	2004	01	01	1	0.5	0.5	73207	-1111	2.42393	-1111	4.09287	
5144	1075593600	2004	02	01	1	0.5	0.5	73361	-1111	2.70283	-1111	4.24686	
5173	1078099200	2004	03	01	1	0.5	0.5	73531	-1111	2.70283	-1111	4.12443	
5204	1080777600	2004	04	01	1	0.5	0.5	73678	-1111	2.70283	-1111	4.24405	
5234	1083369600	2004	05	01	1	0.5	0.5	73863	-1111	2.70283	-1111	4.29274	
5265	1086048000	2004	06	01	1	0.5	0.5	74058	-1111	2.70283	-1111	4.2213	
5295	1088640000	2004	07	01	1	0.5	0.5	74201	-1111	2.70283	-1111	4.39847	
5326	1091318400	2004	08	01	1	0.5	0.5	74355	-1111	2.70283	-1111	4.54038	
5357	1093996800	2004	09	01	1	0.5	0.5	74519	-1111	2.70283	-1111	4.57267	
5387	1096588800	2004	10	01	1	0.5	0.5	74704	-1111	2.70283	-1111	4.39543	
5418	1099267200	2004	11	01	1	0.5	0.5	74872	-1111	2.70283	-1111	4.24252	
5448	1101859200	2004	12	01	1	0.5	0.5	75027	-1111	2.70283	-1111	4.11204	
5479	1104537600	2005	01	01	1	0.5	0.5	75197	-1111	2.70283	-1111	4.01765	
5510	1107216000	2005	02	01	1	0.5	0.5	75361	-1111	2.76991	-1111	4.06219	
5538	1109635200	2005	03	01	1	0.5	0.5	75475	-1111	2.76991	-1111	4.05821	
5569	1112313600	2005	04	01	1	0.5	0.5	75670	-1111	2.76991	-1111	4.1532	
5599	1114905600	2005	05	01	1	0.5	0.5	75828	-1111	2.76991	-1111	4.30102	
5630	1117584000	2005	06	01	1	0.5	0.5	76011	-1111	2.76991	-1111	4.43153	
5660	1120176000	2005	07	01	1	0.5	0.5	76205	-1111	2.76991	-1111	4.20177	
5691	1122854400	2005	08	01	1	0.5	0.5	76368	-1111	2.76991	-1111	4.1939	
5722	1125532800	2005	09	01	1	0.5	0.5	76575	-1111	2.76991	-1111	4.07671	
5752	1128124800	2005	10	01	1	0.5	0.5	76770	-1111	2.76991	-1111	4.20336	
5783	1130803200	2005	11	01	1	0.5	0.5	76971	-1111	2.76991	-1111	4.36581	
5813	1133395200	2005	12	01	1	0.5	0.5	77146	-1111	2.76991	-1111	4.14222	
5844	1136073600	2006	01	01	1	0.5	0.5	77299	-1111	2.76991	-1111	4.06223	
5875	1138752000	2006	02	01	1	0.5	0.5	77502	-1111	2.74079	-1111	4.0949	
5903	1141171200	2006	03	01	1	0.5	0.5	77674	-1111	2.74079	-1111	4.34187	
5934	1143849600	2006	04	01	1	0.5	0.5	77860	-1111	2.74079	-1111	4.20398	
5964	1146441600	2006	05	01	1	0.5	0.5	78026	-1111	2.74079	-1111	4.3143	
5995	1149120000	2006	06	01	1	0.5	0.5	78205	-1111	2.74079	-1111	4.16457	
6025	1151712000	2006	07	01	1	0.5	0.5	78344	-1111	2.74079	-1111	4.08368	
6056	1154390400	2006	08	01	1	0.5	0.5	78532	-1111	2.74079	-1111	3.93393	
6087	1157068800	2006	09	01	1	0.5	0.5	78700	-1111	2.74079	-1111	3.96702	
6117	1159660800	2006	10	01	1	0.5	0.5	78889	-1111	2.74079	-1111	3.80194	
6148	1162339200	2006	11	01	1	0.5	0.5	79059	-1111	2.74079	-1111	3.8322	
6178	1164931200	2006	12	01	1	0.5	0.5	79262	-1111	2.74079	-1111	4.01688	
6209	1167609600	2007	01	01	1	0.5	0.5	79460	-1111	2.74079	-1111	3.98535	
6240	1170288000	2007	02	01	1	0.5	0.5	79645	-1111	2.52191	-1111	4.16502	
6268	1172707200	2007	03	01	1	0.5	0.5	79828	-1111	2.52191	-1111	4.09111	
6299	1175385600	2007	04	01	1	0.5	0.5	80021	-1111	2.52191	-1111	4.26517	
6329	1177977600	2007	05	01	1	0.5	0.5	80217	-1111	2.52191	-1111	4.3459	
6360	1180656000	2007	06	01	1	0.5	0.5	80451	-1111	2.52191	-1111	4.3092	
6390	1183248000	2007	07	01	1	0.5	0.5	80635	-1111	2.52191	-1111	4.31334	
6421	1185926400	2007	08	01	1	0.5	0.5	80779	-1111	2.52191	-1111	4.39668	
6452	1188604800	2007	09	01	1	0.5	0.5	80965	-1111	2.52191	-1111	4.55166	
6482	1191196800	2007	10	01	1	0.5	0.5	81144	-1111	2.52191	-1111	4.31424	
6513	1193875200	2007	11	01	1	0.5	0.5	81341	-1111	2.52191	-1111	4.2317	
6543	1196467200	2007	12	01	1	0.5	0.5	81514	-1111	2.52191	-1111	4.13403	
6574	1199145600	2008	01	01	1	0.5	0.5	81707	-1111	2.52191	-1111	4.35476	
6605	1201824000	2008	02	01	1	0.5	0.5	81915	-1111	2.70463	-1111	4.03603	
6634	1204329600	2008	03	01	1	0.5	0.5	82097	-1111	2.70463	-1111	4.22034	
6665	1207008000	2008	04	01	1	0.5	0.5	82317	-1111	2.70463	-1111	3.97662	
6695	1209600000	2008	05	01	1	0.5	0.5	82552	-1111	2.70463	-1111	3.9629	
6726	1212278400	2008	06	01	1	0.5	0.5	82737	-1111	2.70463	-1111	3.78968	
6756	1214870400	2008	07	01	1	0.5	0.5	82956	-1111	2.70463	-1111	3.76495	
6787	1217548800	2008	08	01	1	0.5	0.5	83174	-1111	2.70463	-1111	4.01503	
6818	1220227200	2008	09	01	1	0.5	0.5	83373	-1111	2.70463	-1111	4.09801	
6848	1222819200	2008	10	01	1	0.5	0.5	83564	-1111	2.70463	-1111	4.06781	
6879	1225497600	2008	11	01	1	0.5	0.5	83742	-1111	2.70463	-1111	3.96916	
6909	1228089600	2008	12	01	1	0.5	0.5	83933	-1111	2.70463	-1111	3.70388	
6940	1230768000	2009	01	01	1	0.5	0.5	84120	-1111	2.70463	-1111	3.82879	
6971	1233446400	2009	02	01	1	0.5	0.5	84310	-1111	2.52078	-1111	3.92911	
6999	1235865600	2009	03	01	1	0.5	0.5	84498	-1111	2.52078	-1111	4.07123	
7030	1238544000	2009	04	01	1	0.5	0.5	84711	-1111	2.52078	-1111	4.1177	
7060	1241136000	2009	05	01	1	0.5	0.5	84894	-1111	2.52078	-1111	3.93196	
7091	1243814400	2009	06	01	1	0.5	0.5	85088	-1111	2.52078	-1111	4.10959	
7121	1246406400	2009	07	01	1	0.5	0.5	85250	-1111	2.52078	-1111	4.24354	
7152	1249084800	2009	08	01	1	0.5	0.5	85470	-1111	2.52078	-1111	4.27209	
7183	1251763200	2009	09	01	1	0.5	0.5	85664	-1111	2.52078	-1111	4.33422	
7213	1254355200	2009	10	01	1	0.5	0.5	85866	-1111	2.52078	-1111	4.31909	
7244	1257033600	2009	11	01	1	0.5	0.5	86062	-1111	2.52078	-1111	4.31516	
7274	1259625600	2009	12	01	1	0.5	0.5	86254	-1111	2.52078	-1111	4.29355	
7305	1262304000	2010	01	01	1	0.5	0.5	86460	-1111	2.52078	-1111	4.25697	
7336	1264982400	2010	02	01	1	0.5	0.5	86678	-1111	2.62443	-1111	4.31164	
7364	1267401600	2010	03	01	1	0.5	0.5	86868	-1111	2.62443	-1111	4.24275	
7395	1270080000	2010	04	01	1	0.5	0.5	87082	-1111	2.62443	-1111	4.09087	
7425	1272672000	2010	05	01	1	0.5	0.5	87307	-1111	2.62443	-1111	4.09212	
7456	1275350400	2010	06	01	1	0.5	0.5	87497	-1111	2.62443	-1111	4.03977	
7486	1277942400	2010	07	01	1	0.5	0.5	87711	-1111	2.62443	-1111	4.13623	
7517	1280620800	2010	08	01	1	0.5	0.5	87958	-1111	2.62443	-1111	4.14378	
7548	1283299200	2010	09	01	1	0.5	0.5	88172	-1111	2.62443	-1111	4.08236	
7578	1285891200	2010	10	01	1	0.5	0.5	88340	-1111	2.62443	-1111	4.01371	
7609	1288569600	2010	11	01	1	0.5	0.5	88540	-1111	2.62443	-1111	4.02559	
7639	1291161600	2010	12	01	1	0.5	0.5	88746	-1111	2.62443	-1111	3.79859	
7670	1293840000	2011	01	01	1	0.5	0.5	88952	-1111	2.62443	-1111	3.75144	
7701	1296518400	2011	02	01	1	0.5	0.5	89163	-1111	2.56687	-1111	3.84989	
7729	1298937600	2011	03	01	1	0.5	0.5	89357	-1111	2.56687	-1111	3.80243	
7760	1301616000	2011	04	01	1	0.5	0.5	89557	-1111	2.56687	-1111	3.87556	
7790	1304208000	2011	05	01	1	0.5	0.5	89765	-1111	2.56687	-1111	3.98948	
7821	1306886400	2011	06	01	1	0.5	0.5	89966	-1111	2.56687	-1111	4.16612	
7851	1309478400	2011	07	01	1	0.5	0.5	90160	-1111	2.56687	-1111	4.19749	
7882	1312156800	2011	08	01	1	0.5	0.5	90379	-1111	2.56687	-1111	4.2438	
7913	1314835200	2011	09	01	1	0.5	0.5	90624	-1111	2.56687	-1111	4.07994	
7943	1317427200	2011	10	01	1	0.5	0.5	90838	-1111	2.56687	-1111	4.28212	
7974	1320105600	2011	11	01	1	0.5	0.5	91044	-1111	2.56687	-1111	4.21796	
8004	1322697600	2011	12	01	1	0.5	0.5	91279	-1111	2.56687	-1111	4.21494	
8035	1325376000	2012	01	01	1	0.5	0.5	91477	-1111	2.56687	-1111	4.05365	
8066	1328054400	2012	02	01	1	0.5	0.5	91706	-1111	2.56242	-1111	4.09296	
8095	1330560000	2012	03	01	1	0.5	0.5	91900	-1111	2.56242	-1111	3.97803	
8126	1333238400	2012	04	01	1	0.5	0.5	92139	-1111	2.56242	-1111	4.04792	
8156	1335830400	2012	05	01	1	0.5	0.5	92318	-1111	2.56242	-1111	4.2152	
8187	1338508800	2012	06	01	1	0.5	0.5	92563	-1111	2.56242	-1111	4.31005	
8217	1341100800	2012	07	01	1	0.5	0.5	92786	-1111	2.56242	-1111	4.26544	
8248	1343779200	2012	08	01	1	0.5	0.5	93027	-1111	2.56242	-1111	4.03673	
8279	1346457600	2012	09	01	1	0.5	0.5	93239	-1111	2.56242	-1111	4.12236	
8309	1349049600	2012	10	01	1	0.5	0.5	93453	-1111	2.56242	-1111	4.14737	
8340	1351728000	2012	11	01	1	0.5	0.5	93684	-1111	2.56242	-1111	4.17769	
8370	1354320000	2012	12	01	1	0.5	0.5	93883	-1111	2.56242	-1111	4.27218	
8401	1356998400	2013	01	01	1	0.5	0.5	94126	-1111	2.56242	-1111	4.52816	
8432	1359676800	2013	02	01	1	0.5	0.5	94345	-1111	2.69676	-1111	4.31481	
8460	1362096000	2013	03	01	1	0.5	0.5	94564	-1111	2.69676	-1111	4.39286	
8491	1364774400	2013	04	01	1	0.5	0.5	94795	-1111	2.69676	-1111	4.39967	
8521	1367366400	2013	05	01	1	0.5	0.5	94974	-1111	2.69676	-1111	4.38382	
8552	1370044800	2013	06	01	1	0.5	0.5	95216	-1111	2.69676	-1111	4.37619	
8582	1372636800	2013	07	01	1	0.5	0.5	95450	-1111	2.69676	-1111	4.21972	
8613	1375315200	2013	08	01	1	0.5	0.5	95655	-1111	2.69676	-1111	3.91456	
8644	1377993600	2013	09	01	1	0.5	0.5	95906	-1111	2.69676	-1111	4.03982	
8674	1380585600	2013	10	01	1	0.5	0.5	96132	-1111	2.69676	-1111	3.75061	
8705	1383264000	2013	11	01	1	0.5	0.5	96358	-1111	2.69676	-1111	3.96302	
8735	1385856000	2013	12	01	1	0.5	0.5	96574	-1111	2.69676	-1111	3.92841	
8766	1388534400	2014	01	01	1	0.5	0.5	96772	-1111	2.69676	-1111	3.93158	
8797	1391212800	2014	02	01	1	0.5	0.5	97011	-1111	2.54167	-1111	4.05728	
8825	1393632000	2014	03	01	1	0.5	0.5	97228	-1111	2.54167	-1111	3.98076	
8856	1396310400	2014	04	01	1	0.5	0.5	97447	-1111	2.54167	-1111	3.88209	
8886	1398902400	2014	05	01	1	0.5	0.5	97660	-1111	2.54167	-1111	3.96283	
8917	1401580800	2014	06	01	1	0.5	0.5	97890	-1111	2.54167	-1111	3.73386	
8947	1404172800	2014	07	01	1	0.5	0.5	98122	-1111	2.54167	-1111	3.98175	
8978	1406851200	2014	08	01	1	0.5	0.5	98373	-1111	2.54167	-1111	3.86335	
9009	1409529600	2014	09	01	1	0.5	0.5	98619	-1111	2.54167	-1111	3.94265	
9039	1412121600	2014	10	01	1	0.5	0.5	98841	-1111	2.54167	-1111	4.03684	
9070	1414800000	2014	11	01	1	0.5	0.5	99058	-1111	2.54167	-1111	4.03025	
9100	1417392000	2014	12	01	1	0.5	0.5	99278	-1111	2.54167	-1111	4.18132	
9131	1420070400	2015	01	01	1	0.5	0.5	99540	-1111	2.54167	-1111	4.05347	
9162	1422748800	2015	02	01	1	0.5	0.5	99783	-1111	2.45836	-1111	4.18632	
9190	1425168000	2015	03	01	1	0.5	0.5	100017	-1111	2.45836	-1111	4.12828	
9221	1427846400	2015	04	01	1	0.5	0.5	100225	-1111	2.45836	-1111	3.95997	
9251	1430438400	2015	05	01	1	0.5	0.5	100449	-1111	2.45836	-1111	4.24077	
9282	1433116800	2015	06	01	1	0.5	0.5	100719	-1111	2.45836	-1111	4.28237	
9312	1435708800	2015	07	01	1	0.5	0.5	100923	-1111	2.45836	-1111	4.52089	
9343	1438387200	2015	08	01	1	0.5	0.5	101176	-1111	2.45836	-1111	4.30216	
9374	1441065600	2015	09	01	1	0.5	0.5	101400	-1111	2.45836	-1111	4.3176	
9404	1443657600	2015	10	01	1	0.5	0.5	101655	-1111	2.45836	-1111	4.31932	
9435	1446336000	2015	11	01	1	0.5	0.5	101903	-1111	2.45836	-1111	4.25884	
9465	1448928000	2015	12	01	1	0.5	0.5	102106	-1111	2.45836	-1111	4.21828	
9496	1451606400	2016	01	01	1	0.5	0.5	102371	-1111	2.45836	-1111	4.25646	
9527	1454284800	2016	02	01	1	0.5	0.5	102610	-1111	2.65383	-1111	4.38516	
9556	1456790400	2016	03	01	1	0.5	0.5	102862	-1111	2.65383	-1111	4.44504	
9587	1459468800	2016	04	01	1	0.5	0.5	103119	-1111	2.65383	-1111	4.4404	
9617	1462060800	2016	05	01	1	0.5	0.5	103387	-1111	2.65383	-1111	4.23276	
9648	1464739200	2016	06	01	1	0.5	0.5	103607	-1111	2.65383	-1111	4.36981	
9678	1467331200	2016	07	01	1	0.5	0.5	103846	-1111	2.65383	-1111	4.41448	
9709	1470009600	2016	08	01	1	0.5	0.5	104084	-1111	2.65383	-1111	4.52175	
9740	1472688000	2016	09	01	1	0.5	0.5	104319	-1111	2.65383	-1111	4.3418	
9770	1475280000	2016	10	01	1	0.5	0.5	104541	-1111	2.65383	-1111	4.28732	
9801	1477958400	2016	11	01	1	0.5	0.5	104791	-1111	2.65383	-1111	4.48096	
9831	1480550400	2016	12	01	1	0.5	0.5	105014	-1111	2.65383	-1111	4.36517	
9862	1483228800	2017	01	01	1	0.5	0.5	105226	-1111	2.65383	-1111	4.39609	
9893	1485907200	2017	02	01	1	0.5	0.5	105482	-1111	2.74247	-1111	4.18474	
9921	1488326400	2017	03	01	1	0.5	0.5	105726	-1111	2.74247	-1111	4.14249	
9952	1491004800	2017	04	01	1	0.5	0.5	106013	-1111	2.74247	-1111	4.02405	
9982	1493596800	2017	05	01	1	0.5	0.5	106284	-1111	2.74247	-1111	4.22126	
10013	1496275200	2017	06	01	1	0.5	0.5	106548	-1111	2.74247	-1111	4.08186	
10043	1498867200	2017	07	01	1	0.5	0.5	106801	-1111	2.74247	-1111	4.15173	
10074	1501545600	2017	08	01	1	0.5	0.5	107045	-1111	2.74247	-1111	4.2966	
10105	1504224000	2017	09	01	1	0.5	0.5	107313	-1111	2.74247	-1111	4.50873	
10135	1506816000	2017	10	01	1	0.5	0.5	107533	-1111	2.74247	-1111	4.57381	
10166	1509494400	2017	11	01	1	0.5	0.5	107793	-1111	2.74247	-1111	4.59051	
10196	1512086400	2017	12	01	1	0.5	0.5	107979	-1111	2.74247	-1111	4.47993	
10227	1514764800	2018	01	01	1	0.5	0.5	108226	-1111	2.74247	-1111	4.3809	
10258	1517443200	2018	02	01	1	0.5	0.5	108485	-1111	2.67614	-1111	4.36347	
10286	1519862400	2018	03	01	1	0.5	0.5	108708	-1111	2.67614	-1111	4.3689	
10317	1522540800	2018	04	01	1	0.5	0.5	108934	-1111	2.67614	-1111	4.29461	
10347	1525132800	2018	05	01	1	0.5	0.5	109186	-1111	2.67614	-1111	4.34317	
10378	1527811200	2018	06	01	1	0.5	0.5	109443	-1111	2.67614	-1111	4.33091	
10408	1530403200	2018	07	01	1	0.5	0.5	109716	-1111	2.67614	-1111	4.38546	
10439	1533081600	2018	08	01	1	0.5	0.5	109947	-1111	2.67614	-1111	4.19759	
10470	1535760000	2018	09	01	1	0.5	0.5	110227	-1111	2.67614	-1111	4.07665	
10500	1538352000	2018	10	01	1	0.5	0.5	110468	-1111	2.67614	-1111	4.1727	
10531	1541030400	2018	11	01	1	0.5	0.5	110719	-1111	2.67614	-1111	3.93981	
10561	1543622400	2018	12	01	1	0.5	0.5	110977	-1111	2.67614	-1111	4.10525	
10592	1546300800	2019	01	01	1	0.5	0.5	111284	-1111	2.67614	-1111	4.08271	
10623	1548979200	2019	02	01	1	0.5	0.5	111535	-1111	2.61537	-1111	4.10748	
10651	1551398400	2019	03	01	1	0.5	0.5	111773	-1111	2.61537	-1111	4.08861	
10682	1554076800	2019	04	01	1	0.5	0.5	112079	-1111	2.61537	-1111	4.01476	
10712	1556668800	2019	05	01	1	0.5	0.5	112368	-1111	2.61537	-1111	3.97289	
10743	1559347200	2019	06	01	1	0.5	0.5	112634	-1111	2.61537	-1111	3.95147	
10773	1561939200	2019	07	01	1	0.5	0.5	112904	-1111	2.61537	-1111	4.10821	
10804	1564617600	2019	08	01	1	0.5	0.5	113156	-1111	2.61537	-1111	3.96861	
10835	1567296000	2019	09	01	1	0.5	0.5	113415	-1111	2.61537	-1111	4.2493	
10865	1569888000	2019	10	01	1	0.5	0.5	113690	-1111	2.61537	-1111	4.11044	
10896	1572566400	2019	11	01	1	0.5	0.5	113978	-1111	2.61537	-1111	4.22158	
10926	1575158400	2019	12	01	1	0.5	0.5	114221	-1111	2.61537	-1111	4.10278	
10957	1577836800	2020	01	01	1	0.5	0.5	114474	-1111	2.61537	-1111	4.23952	
10988	1580515200	2020	02	01	1	0.5	0.5	114719	-1111	2.51795	-1111	4.37364	
11017	1583020800	2020	03	01	1	0.5	0.5	114977	-1111	2.51795	-1111	4.4321	
11048	1585699200	2020	04	01	1	0.5	0.5	115223	-1111	2.51795	-1111	4.31099	
11078	1588291200	2020	05	01	1	0.5	0.5	115490	-1111	2.51795	-1111	4.54144	
11109	1590969600	2020	06	01	1	0.5	0.5	115770	-1111	2.51795	-1111	4.39452	
11139	1593561600	2020	07	01	1	0.5	0.5	116070	-1111	2.51795	-1111	4.46004	
11170	1596240000	2020	08	01	1	0.5	0.5	116286	-1111	2.51795	-1111	4.35515	
11201	1598918400	2020	09	01	1	0.5	0.5	116550	-1111	2.51795	-1111	4.39339	
11231	1601510400	2020	10	01	1	0.5	0.5	116832	-1111	2.51795	-1111	4.50049	
11262	1604188800	2020	11	01	1	0.5	0.5	117106	-1111	2.51795	-1111	4.38215	
11292	1606780800	2020	12	01	1	0.5	0.5	117363	-1111	2.51795	-1111	4.48119	
11323	1609459200	2021	01	01	1	0.5	0.5	117631	-1111	2.51795	-1111	4.48019	
11354	1612137600	2021	02	01	1	0.5	0.5	117897	-1111	2.76803	-1111	4.40537	
11382	1614556800	2021	03	01	1	0.5	0.5	118121	-1111	2.76803	-1111	4.53793	
11413	1617235200	2021	04	01	1	0.5	0.5	118416	-1111	2.76803	-1111	4.54335	
11443	1619827200	2021	05	01	1	0.5	0.5	118665	-1111	2.76803	-1111	4.60682	
11474	1622505600	2021	06	01	1	0.5	0.5	118923	-1111	2.76803	-1111	4.47967	
11504	1625097600	2021	07	01	1	0.5	0.5	119176	-1111	2.76803	-1111	4.51106	
11535	1627776000	2021	08	01	1	0.5	0.5	119449	-1111	2.76803	-1111	4.58875	
11566	1630454400	2021	09	01	1	0.5	0.5	119745	-1111	2.76803	-1111	4.55273	
11596	1633046400	2021	10	01	1	0.5	0.5	120044	-1111	2.76803	-1111	4.45876	
11627	1635724800	2021	11	01	1	0.5	0.5	120299	-1111	2.76803	-1111	4.4934	
11657	1638316800	2021	12	01	1	0.5	0.5	120564	-1111	2.76803	-1111	4.3781	
11688	1640995200	2022	01	01	1	0.5	0.5	120860	-1111	2.76803	-1111	4.38364	
11719	1643673600	2022	02	01	1	0.5	0.5	121160	-1111	2.79496	-1111	4.32439	
11747	1646092800	2022	03	01	1	0.5	0.5	121413	-1111	2.79496	-1111	4.31432	
11778	1648771200	2022	04	01	1	0.5	0.5	121723	-1111	2.79496	-1111	4.25258	
11808	1651363200	2022	05	01	1	0.5	0.5	122024	-1111	2.79496	-1111	4.27723	
11839	1654041600	2022	06	01	1	0.5	0.5	122302	-1111	2.79496	-1111	4.35283	
11869	1656633600	2022	07	01	1	0.5	0.5	122587	-1111	2.79496	-1111	4.33231	
11900	1659312000	2022	08	01	1	0.5	0.5	122864	-1111	2.79496	-1111	4.39459	
11931	1661990400	2022	09	01	1	0.5	0.5	123142	-1111	2.79496	-1111	4.51135	
11961	1664582400	2022	10	01	1	0.5	0.5	123392	-1111	2.79496	-1111	4.37276	
11992	1667260800	2022	11	01	1	0.5	0.5	123657	-1111	2.79496	-1111	4.40061	
12022	1669852800	2022	12	01	1	0.5	0.5	123933	-1111	2.79496	-1111	4.44557	
12053	1672531200	2023	01	01	1	0.5	0.5	124235	-1111	2.79496	-1111	4.5068	
12084	1675209600	2023	02	01	1	0.5	0.5	124564	-1111	2.69464	-1111	4.35452	
12112	1677628800	2023	03	01	1	0.5	0.5	124795	-1111	2.69464	-1111	4.3211	
12143	1680307200	2023	04	01	1	0.5	0.5	125072	-1111	2.69464	-1111	4.36198	
12173	1682899200	2023	05	01	1	0.5	0.5	125356	-1111	2.69464	-1111	4.29164	
12204	1685577600	2023	06	01	1	0.5	0.5	125625	-1111	2.69464	-1111	4.27223	
12234	1688169600	2023	07	01	1	0.5	0.5	125872	-1111	2.69464	-1111	4.15953	
12265	1690848000	2023	08	01	1	0.5	0.5	126183	-1111	2.69464	-1111	4.20771	
12296	1693526400	2023	09	01	1	0.5	0.5	126475	-1111	2.69464	-1111	4.2602	
12326	1696118400	2023	10	01	1	0.5	0.5	126763	-1111	2.69464	-1111	4.17402	
12357	1698796800	2023	11	01	1	0.5	0.5	127076	-1111	2.69464	-1111	4.17941	
12387	1701388800	2023	12	01	1	0.5	0.5	127383	-1111	2.69464	-1111	4.08056	
12418	1704067200	2024	01	01	1	0.5	0.5	127708	-1111	2.69464	-1111	4.17025	
12449	1706745600	2024	02	01	1	0.5	0.5	128026	-1111	2.60413	-1111	4.24952	
12478	1709251200	2024	03	01	1	0.5	0.5	128322	-1111	2.60413	-1111	4.12317	
12509	1711929600	2024	04	01	1	0.5	0.5	128583	-1111	2.60413	-1111	4.34796	
12539	1714521600	2024	05	01	1	0.5	0.5	128881	-1111	2.60413	-1111	4.38975	
12570	1717200000	2024	06	01	1	0.5	0.5	129187	-1111	2.60413	-1111	4.39097	
12600	1719792000	2024	07	01	1	0.5	0.5	129447	-1111	2.60413	-1111	4.36573	
12631	1722470400	2024	08	01	1	0.5	0.5	129768	-1111	2.60413	-1111	4.41674	
12662	1725148800	2024	09	01	1	0.5	0.5	130089	-1111	2.60413	-1111	4.60286	
12692	1727740800	2024	10	01	1	0.5	0.5	130402	-1111	2.60413	-1111	4.48606	
12723	1730419200	2024	11	01	1	0.5	0.5	130728	-1111	2.60413	-1111	4.4933	
12753	1733011200	2024	12	01	1	0.5	0.5	131013	-1111	2.60413	-1111	4.63479	
12784	1735689600	2025	01	01	1	0.5	0.5	131289	-1111	2.60413	-1111	4.35029	
12815	1738368000	2025	02	01	1	0.5	0.5	131615	-1111	2.70307	-1111	4.60099	
12843	1740787200	2025	03	01	1	0.5	0.5	131863	-1111	2.70307	-1111	4.7568	
12874	1743465600	2025	04	01	1	0.5	0.5	132170	-1111	2.70307	-1111	4.82003	
12904	1746057600	2025	05	01	1	0.5	0.5	132461	-1111	2.70307	-1111	4.7674	
12935	1748736000	2025	06	01	1	0.5	0.5	132741	-1111	2.70307	-1111	4.60392	
12965	1751328000	2025	07	01	1	0.5	0.5	133082	-1111	2.70307	-1111	4.47069	
12996	1754006400	2025	08	01	1	0.5	0.5	133410	-1111	2.70307	-1111	4.48329	
13027	1756684800	2025	09	01	1	0.5	0.5	133745	-1111	2.70307	-1111	4.65342	
13057	1759276800	2025	10	01	1	0.5	0.5	134059	-1111	2.70307	-1111	4.46444	
13088	1761955200	2025	11	01	1	0.5	0.5	134371	-1111	2.70307	-1111	4.3895	
13118	1764547200	2025	12	01	1	0.5	0.5	134671	-1111	2.70307	-1111	4.3344	
13149	1767225600	2026	01	01	1	0.5	0.5	135018	-1111	2.70307	-1111	4.27974	
13180	1769904000	2026	02	01	1	0.5	0.5	135345	-1111	2.7329	-1111	4.07312	
13208	1772323200	2026	03	01	1	0.5	0.5	135634	-1111	2.7329	-1111	4.10618	
13239	1775001600	2026	04	01	1	0.5	0.5	135941	-1111	2.7329	-1111	4.24132	
13269	1777593600	2026	05	01	1	0.5	0.5	136255	-1111	2.7329	-1111	4.12721	
13300	1780272000	2026	06	01	1	0.5	0.5	136565	-1111	2.7329	-1111	4.11364	
13330	1782864000	2026	07	01	1	0.5	0.5	136863	-1111	2.7329	-1111	4.14386	
13361	1785542400	2026	08	01	1	0.5	0.5	137229	-1111	2.7329	-1111	4.26688	
13392	1788220800	2026	09	01	1	0.5	0.5	137563	-1111	2.7329	-1111	4.34262	
13422	1790812800	2026	10	01	1	0.5	0.5	137888	-1111	2.7329	-1111	4.23898	
13453	1793491200	2026	11	01	1	0.5	0.5	138177	-1111	2.7329	-1111	4.25978	
13483	1796083200	2026	12	01	1	0.5	0.5	138480	-1111	2.7329	-1111	4.27307	
13514	1798761600	2027	01	01	1	0.5	0.5	138776	-1111	2.7329	-1111	4.38037	
13545	1801440000	2027	02	01	1	0.5	0.5	139080	-1111	2.6097	-1111	4.5196	
13573	1803859200	2027	03	01	1	0.5	0.5	139392	-1111	2.6097	-1111	4.58316	
13604	1806537600	2027	04	01	1	0.5	0.5	139722	-1111	2.6097	-1111	4.67777	
13634	1809129600	2027	05	01	1	0.5	0.5	140064	-1111	2.6097	-1111	4.8127	
13665	1811808000	2027	06	01	1	0.5	0.5	140385	-1111	2.6097	-1111	4.81618	
13695	1814400000	2027	07	01	1	0.5	0.5	140719	-1111	2.6097	-1111	4.69746	
13726	1817078400	2027	08	01	1	0.5	0.5	141018	-1111	2.6097	-1111	4.65161	
13757	1819756800	2027	09	01	1	0.5	0.5	141375	-1111	2.6097	-1111	4.57605	
13787	1822348800	2027	10	01	1	0.5	0.5	141670	-1111	2.6097	-1111	4.64448	
13818	1825027200	2027	11	01	1	0.5	0.5	142042	-1111	2.6097	-1111	4.4772	
13848	1827619200	2027	12	01	1	0.5	0.5	142389	-1111	2.6097	-1111	4.29549	
13879	1830297600	2028	01	01	1	0.5	0.5	142689	-1111	2.6097	-1111	4.32222	
13910	1832976000	2028	02	01	1	0.5	0.5	143014	-1111	2.77818	-1111	4.35745	
13939	1835481600	2028	03	01	1	0.5	0.5	143305	-1111	2.77818	-1111	4.31875	
13970	1838160000	2028	04	01	1	0.5	0.5	143611	-1111	2.77818	-1111	4.11078	
14000	1840752000	2028	05	01	1	0.5	0.5	143903	-1111	2.77818	-1111	4.09669	
14031	1843430400	2028	06	01	1	0.5	0.5	144239	-1111	2.77818	-1111	4.15184	
14061	1846022400	2028	07	01	1	0.5	0.5	144620	-1111	2.77818	-1111	3.99317	
14092	1848700800	2028	08	01	1	0.5	0.5	144968	-1111	2.77818	-1111	3.91934	
14123	1851379200	2028	09	01	1	0.5	0.5	145329	-1111	2.77818	-1111	4.05241	
14153	1853971200	2028	10	01	1	0.5	0.5	145635	-1111	2.77818	-1111	3.8475	
14184	1856649600	2028	11	01	1	0.5	0.5	145961	-1111	2.77818	-1111	4.04444	
14214	1859241600	2028	12	01	1	0.5	0.5	146329	-1111	2.77818	-1111	3.91979	
14245	1861920000	2029	01	01	1	0.5	0.5	146645	-1111	2.77818	-1111	3.98826	
14276	1864598400	2029	02	01	1	0.5	0.5	147026	-1111	2.52562	-1111	4.08592	
14304	1867017600	2029	03	01	1	0.5	0.5	147321	-1111	2.52562	-1111	4.22382	
14335	1869696000	2029	04	01	1	0.5	0.5	147645	-1111	2.52562	-1111	4.25797	
14365	1872288000	2029	05	01	1	0.5	0.5	147953	-1111	2.52562	-1111	4.22572	
14396	1874966400	2029	06	01	1	0.5	0.5	148301	-1111	2.52562	-1111	4.34142	
14426	1877558400	2029	07	01	1	0.5	0.5	148671	-1111	2.52562	-1111	4.31609	
14457	1880236800	2029	08	01	1	0.5	0.5	149030	-1111	2.52562	-1111	4.28096	
14488	1882915200	2029	09	01	1	0.5	0.5	149393	-1111	2.52562	-1111	4.34317	
14518	1885507200	2029	10	01	1	0.5	0.5	149742	-1111	2.52562	-1111	4.44757	
14549	1888185600	2029	11	01	1	0.5	0.5	150078	-1111	2.52562	-1111	4.58255	
14579	1890777600	2029	12	01	1	0.5	0.5	150430	-1111	2.52562	-1111	4.48969	
14610	1893456000	2030	01	01	1	0.5	0.5	150772	-1111	2.52562	-1111	4.66014	
